adj_close,close,date,high,low,open,volume
7720.000000,7720.000000,2007-09-27,10400.000000,7720.000000,8900.000000,1715139
6570.000000,6570.000000,2007-09-28,7720.000000,6570.000000,7720.000000,642603
6080.000000,6080.000000,2007-10-01,6400.000000,5770.000000,6350.000000,556937
5650.000000,5650.000000,2007-10-02,6110.000000,5650.000000,6000.000000,370360
5590.000000,5590.000000,2007-10-04,6070.000000,5450.000000,5540.000000,462790
5580.000000,5580.000000,2007-10-05,5850.000000,5480.000000,5550.000000,280061
5790.000000,5790.000000,2007-10-08,6390.000000,5350.000000,5600.000000,817286
5710.000000,5710.000000,2007-10-09,6380.000000,5540.000000,5720.000000,454411
5260.000000,5260.000000,2007-10-10,5770.000000,5260.000000,5740.000000,177028
5280.000000,5280.000000,2007-10-11,5780.000000,5150.000000,5200.000000,171361
4960.000000,4960.000000,2007-10-12,5350.000000,4940.000000,5280.000000,116429
4700.000000,4700.000000,2007-10-15,5090.000000,4700.000000,4960.000000,67096
4300.000000,4300.000000,2007-10-16,4795.000000,4250.000000,4710.000000,247609
4500.000000,4500.000000,2007-10-17,4500.000000,4040.000000,4210.000000,72122
4170.000000,4170.000000,2007-10-18,4400.000000,4050.000000,4310.000000,97251
4015.000000,4015.000000,2007-10-19,4400.000000,4005.000000,4230.000000,140897
3580.000000,3580.000000,2007-10-22,3900.000000,3500.000000,3860.000000,502885
3240.000000,3240.000000,2007-10-23,3650.000000,3240.000000,3610.000000,541751
3205.000000,3205.000000,2007-10-24,3365.000000,3175.000000,3330.000000,233689
3275.000000,3275.000000,2007-10-25,3390.000000,3185.000000,3240.000000,305676
3410.000000,3410.000000,2007-10-26,3560.000000,3060.000000,3280.000000,506700
3375.000000,3375.000000,2007-10-29,3560.000000,3330.000000,3440.000000,548542
3880.000000,3880.000000,2007-10-30,3880.000000,3360.000000,3440.000000,548542
4295.000000,4295.000000,2007-10-31,4460.000000,3900.000000,4050.000000,1248735
3910.000000,3910.000000,2007-11-01,4400.000000,3900.000000,4400.000000,316380
4100.000000,4100.000000,2007-11-02,4100.000000,3500.000000,3750.000000,246164
4020.000000,4020.000000,2007-11-05,4200.000000,3950.000000,4100.000000,106690
3905.000000,3905.000000,2007-11-06,4130.000000,3850.000000,3930.000000,99001
3800.000000,3800.000000,2007-11-07,3950.000000,3720.000000,3915.000000,78861
3570.000000,3570.000000,2007-11-08,3750.000000,3565.000000,3690.000000,86746
3665.000000,3665.000000,2007-11-09,3670.000000,3515.000000,3515.000000,76257
3600.000000,3600.000000,2007-11-12,3705.000000,3420.000000,3600.000000,71728
3385.000000,3385.000000,2007-11-13,3650.000000,3230.000000,3600.000000,116464
3300.000000,3300.000000,2007-11-14,3470.000000,3200.000000,3400.000000,174625
3270.000000,3270.000000,2007-11-15,3395.000000,3150.000000,3250.000000,144690
3180.000000,3180.000000,2007-11-16,3290.000000,3135.000000,3230.000000,94005
3120.000000,3120.000000,2007-11-19,3210.000000,3030.000000,3180.000000,131847
2980.000000,2980.000000,2007-11-20,3080.000000,2980.000000,3050.000000,126742
2920.000000,2920.000000,2007-11-21,3080.000000,2870.000000,3080.000000,87601
2840.000000,2840.000000,2007-11-22,2905.000000,2800.000000,2840.000000,95252
2590.000000,2590.000000,2007-11-23,2940.000000,2450.000000,2850.000000,157313
2600.000000,2600.000000,2007-11-26,2730.000000,2570.000000,2590.000000,130662
2500.000000,2500.000000,2007-11-27,2600.000000,2435.000000,2600.000000,93457
2500.000000,2500.000000,2007-11-28,2570.000000,2475.000000,2520.000000,54800
2610.000000,2610.000000,2007-11-29,2740.000000,2525.000000,2555.000000,85993
2675.000000,2675.000000,2007-11-30,2730.000000,2600.000000,2650.000000,393242
3050.000000,3050.000000,2007-12-03,3075.000000,2650.000000,2650.000000,393242
2860.000000,2860.000000,2007-12-04,3040.000000,2850.000000,2950.000000,184855
2930.000000,2930.000000,2007-12-05,3050.000000,2820.000000,2860.000000,190709
2875.000000,2875.000000,2007-12-06,3055.000000,2875.000000,2880.000000,236832
2890.000000,2890.000000,2007-12-07,3085.000000,2880.000000,2880.000000,238158
3130.000000,3130.000000,2007-12-10,3135.000000,2920.000000,2925.000000,467089
2770.000000,2770.000000,2007-12-11,3250.000000,2730.000000,3200.000000,416553
2715.000000,2715.000000,2007-12-12,2770.000000,2605.000000,2690.000000,148742
2830.000000,2830.000000,2007-12-13,2855.000000,2650.000000,2680.000000,76736
2830.000000,2830.000000,2007-12-14,2870.000000,2765.000000,2830.000000,69895
2610.000000,2610.000000,2007-12-17,2760.000000,2610.000000,2760.000000,93699
2505.000000,2505.000000,2007-12-18,2620.000000,2220.000000,2610.000000,113440
2470.000000,2470.000000,2007-12-20,2660.000000,2460.000000,2590.000000,106674
2525.000000,2525.000000,2007-12-21,2585.000000,2430.000000,2500.000000,42784
2680.000000,2680.000000,2007-12-24,2900.000000,2480.000000,2530.000000,241921
2590.000000,2590.000000,2007-12-26,2750.000000,2510.000000,2700.000000,101411
2510.000000,2510.000000,2007-12-27,2750.000000,2315.000000,2550.000000,156587
2570.000000,2570.000000,2007-12-28,2650.000000,2450.000000,2460.000000,62653
2570.000000,2570.000000,2008-01-02,2655.000000,2510.000000,2575.000000,64512
2695.000000,2695.000000,2008-01-03,2725.000000,2500.000000,2550.000000,72872
2850.000000,2850.000000,2008-01-04,2970.000000,2700.000000,2700.000000,316980
2800.000000,2800.000000,2008-01-07,2870.000000,2755.000000,2790.000000,69076
2945.000000,2945.000000,2008-01-08,3075.000000,2740.000000,2810.000000,243073
2890.000000,2890.000000,2008-01-09,2975.000000,2830.000000,2885.000000,67061
2800.000000,2800.000000,2008-01-10,2940.000000,2800.000000,2890.000000,79291
2750.000000,2750.000000,2008-01-11,2845.000000,2750.000000,2810.000000,67370
2800.000000,2800.000000,2008-01-14,2870.000000,2690.000000,2750.000000,67062
2770.000000,2770.000000,2008-01-15,2870.000000,2715.000000,2800.000000,72440
2630.000000,2630.000000,2008-01-16,2730.000000,2630.000000,2715.000000,55868
2665.000000,2665.000000,2008-01-17,2750.000000,2610.000000,2625.000000,52909
2755.000000,2755.000000,2008-01-18,2755.000000,2600.000000,2665.000000,53848
2735.000000,2735.000000,2008-01-21,2820.000000,2700.000000,3330.000000,983032
3145.000000,3145.000000,2008-01-22,3145.000000,2755.000000,2755.000000,2326656
3615.000000,3615.000000,2008-01-23,3615.000000,3245.000000,3330.000000,983032
3700.000000,3700.000000,2008-01-24,4100.000000,3455.000000,3850.000000,6751390
3610.000000,3610.000000,2008-01-25,4070.000000,3555.000000,3775.000000,4330930
3850.000000,3850.000000,2008-01-28,4105.000000,3620.000000,3555.000000,1755501
4425.000000,4425.000000,2008-01-29,4425.000000,3905.000000,4010.000000,1956360
3765.000000,3765.000000,2008-01-30,4920.000000,3765.000000,4760.000000,4148103
3205.000000,3205.000000,2008-01-31,3610.000000,3205.000000,3555.000000,1755501
3610.000000,3610.000000,2008-02-01,3685.000000,3025.000000,3185.000000,3387680
3400.000000,3400.000000,2008-02-04,3920.000000,3330.000000,3795.000000,1749005
3300.000000,3300.000000,2008-02-05,3565.000000,3240.000000,3450.000000,789462
3490.000000,3490.000000,2008-02-11,3545.000000,3135.000000,3250.000000,948924
3405.000000,3405.000000,2008-02-12,3675.000000,3405.000000,3575.000000,778034
3155.000000,3155.000000,2008-02-13,3430.000000,3150.000000,3405.000000,594477
3180.000000,3180.000000,2008-02-14,3290.000000,3095.000000,3195.000000,499891
3205.000000,3205.000000,2008-02-15,3340.000000,3150.000000,3155.000000,388160
3310.000000,3310.000000,2008-02-18,3405.000000,3200.000000,3225.000000,475486
3595.000000,3595.000000,2008-02-19,3795.000000,3315.000000,3355.000000,1641600
3500.000000,3500.000000,2008-02-20,3790.000000,3460.000000,3650.000000,735240
3425.000000,3425.000000,2008-02-21,3605.000000,3350.000000,3500.000000,503689
3615.000000,3615.000000,2008-02-22,3820.000000,3385.000000,3415.000000,1166822
3345.000000,3345.000000,2008-02-25,3675.000000,3340.000000,3620.000000,474794
3250.000000,3250.000000,2008-02-26,3355.000000,3170.000000,3345.000000,462960
3250.000000,3250.000000,2008-02-27,3430.000000,3250.000000,3260.000000,216617
3320.000000,3320.000000,2008-02-28,3340.000000,3235.000000,3265.000000,151981
3480.000000,3480.000000,2008-02-29,3515.000000,3310.000000,3310.000000,296718
3290.000000,3290.000000,2008-03-03,3470.000000,3290.000000,3455.000000,243370
3195.000000,3195.000000,2008-03-04,3350.000000,3080.000000,3335.000000,322757
3180.000000,3180.000000,2008-03-05,3250.000000,3130.000000,3205.000000,167025
3185.000000,3185.000000,2008-03-06,3250.000000,3125.000000,3185.000000,162450
3050.000000,3050.000000,2008-03-07,3260.000000,2990.000000,3130.000000,296634
2795.000000,2795.000000,2008-03-10,3010.000000,2600.000000,3010.000000,322588
2920.000000,2920.000000,2008-03-11,2920.000000,2680.000000,2720.000000,121781
2935.000000,2935.000000,2008-03-12,3005.000000,2880.000000,3005.000000,142024
2785.000000,2785.000000,2008-03-13,2930.000000,2785.000000,2865.000000,78037
2765.000000,2765.000000,2008-03-14,2845.000000,2650.000000,2790.000000,184243
2760.000000,2760.000000,2008-03-17,2775.000000,2560.000000,2705.000000,153709
2850.000000,2850.000000,2008-03-18,2850.000000,2665.000000,2710.000000,86119
2820.000000,2820.000000,2008-03-19,2900.000000,2810.000000,2860.000000,95137
2710.000000,2710.000000,2008-03-20,2795.000000,2700.000000,2710.000000,95872
2785.000000,2785.000000,2008-03-21,2820.000000,2705.000000,2720.000000,66874
2860.000000,2860.000000,2008-03-24,2950.000000,2780.000000,2790.000000,124206
2880.000000,2880.000000,2008-03-25,2945.000000,2850.000000,2900.000000,67387
2770.000000,2770.000000,2008-03-26,2920.000000,2740.000000,2880.000000,105104
2800.000000,2800.000000,2008-03-27,2830.000000,2710.000000,2740.000000,84194
2770.000000,2770.000000,2008-03-28,2840.000000,2730.000000,2800.000000,64707
2820.000000,2820.000000,2008-03-31,2825.000000,2740.000000,2740.000000,45759
2880.000000,2880.000000,2008-04-01,2990.000000,2835.000000,2850.000000,161677
2925.000000,2925.000000,2008-04-02,2970.000000,2880.000000,2930.000000,76209
2850.000000,2850.000000,2008-04-03,2940.000000,2810.000000,2905.000000,89141
2940.000000,2940.000000,2008-04-04,2960.000000,2800.000000,2870.000000,189040
2940.000000,2940.000000,2008-04-07,2970.000000,2875.000000,2970.000000,100123
2940.000000,2940.000000,2008-04-08,3160.000000,2900.000000,2940.000000,347701
2860.000000,2860.000000,2008-04-10,2945.000000,2850.000000,2940.000000,58047
2830.000000,2830.000000,2008-04-11,2895.000000,2820.000000,2865.000000,60501
2805.000000,2805.000000,2008-04-14,2850.000000,2750.000000,2830.000000,58680
2795.000000,2795.000000,2008-04-15,2850.000000,2760.000000,2760.000000,43275
2835.000000,2835.000000,2008-04-16,2850.000000,2795.000000,2850.000000,36084
2845.000000,2845.000000,2008-04-17,2855.000000,2805.000000,2840.000000,65552
2890.000000,2890.000000,2008-04-18,2900.000000,2840.000000,2880.000000,70955
2900.000000,2900.000000,2008-04-21,2960.000000,2860.000000,2930.000000,62092
2795.000000,2795.000000,2008-04-22,2900.000000,2790.000000,2835.000000,84577
2770.000000,2770.000000,2008-04-23,2795.000000,2740.000000,2790.000000,103858
2730.000000,2730.000000,2008-04-24,2790.000000,2730.000000,2755.000000,52831
2750.000000,2750.000000,2008-04-25,2775.000000,2720.000000,2730.000000,55492
2775.000000,2775.000000,2008-04-28,2815.000000,2730.000000,2730.000000,72881
2745.000000,2745.000000,2008-04-29,2800.000000,2730.000000,2775.000000,51011
2770.000000,2770.000000,2008-04-30,2780.000000,2725.000000,2730.000000,68621
null,null,2008-05-01,null,null,null,null
2825.000000,2825.000000,2008-05-02,2825.000000,2750.000000,2780.000000,88902
null,null,2008-05-05,null,null,null,null
2770.000000,2770.000000,2008-05-06,2850.000000,2760.000000,2850.000000,60254
2795.000000,2795.000000,2008-05-07,2800.000000,2745.000000,2760.000000,75053
2960.000000,2960.000000,2008-05-08,3145.000000,2780.000000,2795.000000,472835
2930.000000,2930.000000,2008-05-09,2990.000000,2890.000000,2990.000000,94745
null,null,2008-05-12,null,null,null,null
2950.000000,2950.000000,2008-05-13,2970.000000,2875.000000,2940.000000,122063
3055.000000,3055.000000,2008-05-14,3310.000000,2975.000000,2980.000000,993056
3155.000000,3155.000000,2008-05-15,3300.000000,3015.000000,3090.000000,416898
2990.000000,2990.000000,2008-05-16,3145.000000,2990.000000,3105.000000,300320
2795.000000,2795.000000,2008-05-19,3025.000000,2795.000000,3000.000000,293718
2730.000000,2730.000000,2008-05-20,2840.000000,2730.000000,2770.000000,90050
2790.000000,2790.000000,2008-05-21,2970.000000,2700.000000,2750.000000,206238
2760.000000,2760.000000,2008-05-22,2830.000000,2725.000000,2790.000000,95057
2870.000000,2870.000000,2008-05-23,2960.000000,2740.000000,2740.000000,268973
2840.000000,2840.000000,2008-05-26,2940.000000,2810.000000,2895.000000,81460
2820.000000,2820.000000,2008-05-27,2940.000000,2780.000000,2900.000000,63899
2670.000000,2670.000000,2008-05-28,2830.000000,2660.000000,2780.000000,168865
2680.000000,2680.000000,2008-05-29,2760.000000,2680.000000,2700.000000,100831
2690.000000,2690.000000,2008-05-30,2750.000000,2660.000000,2700.000000,38134
2565.000000,2565.000000,2008-06-02,2730.000000,2560.000000,2665.000000,100266
2550.000000,2550.000000,2008-06-03,2630.000000,2415.000000,2580.000000,92232
2570.000000,2570.000000,2008-06-04,2610.000000,2550.000000,2610.000000,23180
2575.000000,2575.000000,2008-06-05,2610.000000,2550.000000,2610.000000,12644
null,null,2008-06-06,null,null,null,null
2590.000000,2590.000000,2008-06-09,2630.000000,2490.000000,2570.000000,37432
2530.000000,2530.000000,2008-06-10,2610.000000,2490.000000,2550.000000,76439
2550.000000,2550.000000,2008-06-11,2590.000000,2500.000000,2535.000000,33563
2450.000000,2450.000000,2008-06-12,2550.000000,2450.000000,2490.000000,45787
2470.000000,2470.000000,2008-06-13,2535.000000,2450.000000,2535.000000,21603
2435.000000,2435.000000,2008-06-16,2535.000000,2430.000000,2500.000000,47351
2400.000000,2400.000000,2008-06-17,2475.000000,2350.000000,2410.000000,44318
2435.000000,2435.000000,2008-06-18,2460.000000,2375.000000,2460.000000,17713
2440.000000,2440.000000,2008-06-19,2505.000000,2400.000000,2450.000000,24769
2430.000000,2430.000000,2008-06-20,2510.000000,2300.000000,2510.000000,60198
2500.000000,2500.000000,2008-06-23,2510.000000,2385.000000,2385.000000,80550
2545.000000,2545.000000,2008-06-24,2545.000000,2460.000000,2500.000000,46728
2645.000000,2645.000000,2008-06-25,2775.000000,2505.000000,2505.000000,110605
2600.000000,2600.000000,2008-06-26,2700.000000,2600.000000,2610.000000,40347
2580.000000,2580.000000,2008-06-27,2590.000000,2515.000000,2590.000000,30727
2500.000000,2500.000000,2008-06-30,2610.000000,2475.000000,2600.000000,54321
2425.000000,2425.000000,2008-07-01,2515.000000,2365.000000,2465.000000,34459
2230.000000,2230.000000,2008-07-02,2480.000000,2210.000000,2425.000000,52994
2120.000000,2120.000000,2008-07-03,2200.000000,2025.000000,2100.000000,31137
2090.000000,2090.000000,2008-07-04,2250.000000,2065.000000,2170.000000,62975
2070.000000,2070.000000,2008-07-07,2110.000000,2060.000000,2090.000000,50324
2195.000000,2195.000000,2008-07-08,2250.000000,1910.000000,2050.000000,130795
2080.000000,2080.000000,2008-07-09,2470.000000,2080.000000,2170.000000,273643
2090.000000,2090.000000,2008-07-10,2140.000000,2000.000000,2060.000000,18836
2055.000000,2055.000000,2008-07-11,2150.000000,2045.000000,2060.000000,45206
2055.000000,2055.000000,2008-07-14,2060.000000,1990.000000,1990.000000,37293
2030.000000,2030.000000,2008-07-15,2070.000000,1980.000000,2070.000000,22839
1990.000000,1990.000000,2008-07-16,2070.000000,1905.000000,2070.000000,57565
2000.000000,2000.000000,2008-07-17,2030.000000,1960.000000,2010.000000,48935
2020.000000,2020.000000,2008-07-18,2065.000000,1980.000000,2050.000000,54362
2100.000000,2100.000000,2008-07-21,2105.000000,2020.000000,2125.000000,53087
2105.000000,2105.000000,2008-07-22,2140.000000,2075.000000,2125.000000,53087
2075.000000,2075.000000,2008-07-23,2110.000000,2010.000000,2100.000000,48253
2090.000000,2090.000000,2008-07-24,2100.000000,2030.000000,2075.000000,49133
2055.000000,2055.000000,2008-07-25,2085.000000,2030.000000,2085.000000,28513
2225.000000,2225.000000,2008-07-28,2275.000000,2085.000000,2085.000000,112239
2180.000000,2180.000000,2008-07-29,2245.000000,2060.000000,2170.000000,93373
2190.000000,2190.000000,2008-07-30,2190.000000,2130.000000,2150.000000,24960
2190.000000,2190.000000,2008-07-31,2210.000000,2140.000000,2150.000000,37218
2185.000000,2185.000000,2008-08-01,2230.000000,2150.000000,2185.000000,29679
2040.000000,2040.000000,2008-08-04,2185.000000,2035.000000,2150.000000,36645
2015.000000,2015.000000,2008-08-05,2080.000000,2000.000000,2040.000000,26130
2020.000000,2020.000000,2008-08-06,2065.000000,1995.000000,2020.000000,30899
2020.000000,2020.000000,2008-08-07,2030.000000,1990.000000,2020.000000,30899
2020.000000,2020.000000,2008-08-08,2030.000000,1975.000000,2030.000000,13480
2020.000000,2020.000000,2008-08-11,2040.000000,1980.000000,1990.000000,13269
2010.000000,2010.000000,2008-08-12,2015.000000,1960.000000,2015.000000,9663
1975.000000,1975.000000,2008-08-13,2000.000000,1965.000000,2000.000000,8085
1990.000000,1990.000000,2008-08-14,2020.000000,1955.000000,2020.000000,17340
null,null,2008-08-15,null,null,null,null
1870.000000,1870.000000,2008-08-18,1990.000000,1870.000000,1990.000000,30107
1775.000000,1775.000000,2008-08-19,1870.000000,1750.000000,1835.000000,32299
1785.000000,1785.000000,2008-08-20,1825.000000,1740.000000,1740.000000,12131
1715.000000,1715.000000,2008-08-21,1860.000000,1620.000000,1805.000000,61889
1610.000000,1610.000000,2008-08-22,1680.000000,1610.000000,1680.000000,16812
1465.000000,1465.000000,2008-08-25,1685.000000,1465.000000,1630.000000,14816
1515.000000,1515.000000,2008-08-26,1530.000000,1445.000000,1500.000000,35639
1520.000000,1520.000000,2008-08-27,1550.000000,1480.000000,1500.000000,35639
1570.000000,1570.000000,2008-08-28,1575.000000,1515.000000,1575.000000,9009
1560.000000,1560.000000,2008-08-29,1590.000000,1520.000000,1520.000000,10023
1440.000000,1440.000000,2008-09-01,1590.000000,1440.000000,1590.000000,38039
1505.000000,1505.000000,2008-09-02,1550.000000,1410.000000,1420.000000,97560
1515.000000,1515.000000,2008-09-03,1525.000000,1410.000000,1480.000000,42917
1525.000000,1525.000000,2008-09-04,1540.000000,1465.000000,1540.000000,19794
1600.000000,1600.000000,2008-09-05,1730.000000,1500.000000,1500.000000,104652
1635.000000,1635.000000,2008-09-08,1710.000000,1560.000000,1575.000000,113248
1640.000000,1640.000000,2008-09-09,1800.000000,1605.000000,1685.000000,64009
1610.000000,1610.000000,2008-09-10,1670.000000,1570.000000,1590.000000,27152
1600.000000,1600.000000,2008-09-11,1620.000000,1550.000000,1620.000000,25802
1615.000000,1615.000000,2008-09-12,1630.000000,1580.000000,1600.000000,12555
null,null,2008-09-15,null,null,null,null
1450.000000,1450.000000,2008-09-16,1530.000000,1405.000000,1530.000000,76648
1500.000000,1500.000000,2008-09-17,1550.000000,1450.000000,1450.000000,28322
1495.000000,1495.000000,2008-09-18,1530.000000,1400.000000,1510.000000,8117
1590.000000,1590.000000,2008-09-19,1595.000000,1505.000000,1510.000000,20382
1760.000000,1760.000000,2008-09-22,1800.000000,1550.000000,1600.000000,77052
1700.000000,1700.000000,2008-09-23,1740.000000,1635.000000,1680.000000,15178
1800.000000,1800.000000,2008-09-24,1800.000000,1685.000000,1790.000000,29229
1800.000000,1800.000000,2008-09-25,1880.000000,1750.000000,1790.000000,29229
1805.000000,1805.000000,2008-09-26,1900.000000,1805.000000,1900.000000,28817
1845.000000,1845.000000,2008-09-29,1900.000000,1755.000000,1755.000000,27625
1810.000000,1810.000000,2008-09-30,1830.000000,1700.000000,1790.000000,8349
1880.000000,1880.000000,2008-10-01,1885.000000,1820.000000,1885.000000,5257
1705.000000,1705.000000,2008-10-02,1895.000000,1705.000000,1895.000000,31641
null,null,2008-10-03,null,null,null,null
1670.000000,1670.000000,2008-10-06,1735.000000,1600.000000,1640.000000,428701
1670.000000,1670.000000,2008-10-07,1695.000000,1600.000000,1620.000000,8278
1920.000000,1920.000000,2008-10-08,1920.000000,1715.000000,1715.000000,228538
1760.000000,1760.000000,2008-10-09,2150.000000,1740.000000,2010.000000,759037
1500.000000,1500.000000,2008-10-10,1700.000000,1500.000000,1640.000000,428701
1485.000000,1485.000000,2008-10-13,1545.000000,1400.000000,1455.000000,216925
1505.000000,1505.000000,2008-10-14,1640.000000,1500.000000,1640.000000,71191
1485.000000,1485.000000,2008-10-15,1515.000000,1435.000000,1435.000000,39188
1400.000000,1400.000000,2008-10-16,1465.000000,1400.000000,1465.000000,73261
1315.000000,1315.000000,2008-10-17,1430.000000,1280.000000,1410.000000,43591
1310.000000,1310.000000,2008-10-20,1345.000000,1295.000000,1300.000000,13851
1330.000000,1330.000000,2008-10-21,1365.000000,1315.000000,1350.000000,15099
1285.000000,1285.000000,2008-10-22,1340.000000,1200.000000,1320.000000,55294
1215.000000,1215.000000,2008-10-23,1270.000000,1150.000000,1270.000000,22839
1035.000000,1035.000000,2008-10-24,1215.000000,1035.000000,1215.000000,79517
885.000000,885.000000,2008-10-27,1030.000000,880.000000,895.000000,89680
910.000000,910.000000,2008-10-28,925.000000,780.000000,780.000000,23450
975.000000,975.000000,2008-10-29,1045.000000,895.000000,975.000000,136986
1120.000000,1120.000000,2008-10-30,1120.000000,970.000000,975.000000,136986
1255.000000,1255.000000,2008-10-31,1280.000000,1120.000000,1120.000000,38971
1395.000000,1395.000000,2008-11-03,1425.000000,1260.000000,1260.000000,34694
1350.000000,1350.000000,2008-11-04,1495.000000,1310.000000,1495.000000,6420
1395.000000,1395.000000,2008-11-05,1450.000000,1350.000000,1350.000000,17721
1295.000000,1295.000000,2008-11-06,1395.000000,1210.000000,1395.000000,11086
1215.000000,1215.000000,2008-11-07,1450.000000,1185.000000,1310.000000,203799
1395.000000,1395.000000,2008-11-10,1395.000000,1225.000000,1310.000000,203799
1370.000000,1370.000000,2008-11-11,1390.000000,1285.000000,1390.000000,31403
1250.000000,1250.000000,2008-11-12,1440.000000,1250.000000,1365.000000,29019
1230.000000,1230.000000,2008-11-13,1240.000000,1150.000000,1240.000000,12509
1280.000000,1280.000000,2008-11-14,1360.000000,1250.000000,1360.000000,9109
1220.000000,1220.000000,2008-11-17,1270.000000,1175.000000,1250.000000,9068
1290.000000,1290.000000,2008-11-18,1290.000000,1100.000000,1240.000000,30725
1285.000000,1285.000000,2008-11-19,1300.000000,1195.000000,1270.000000,5704
1170.000000,1170.000000,2008-11-20,1230.000000,1095.000000,1230.000000,36110
1185.000000,1185.000000,2008-11-21,1200.000000,1020.000000,1200.000000,7601
1190.000000,1190.000000,2008-11-24,1245.000000,1070.000000,1185.000000,3042
1180.000000,1180.000000,2008-11-25,1260.000000,1160.000000,1200.000000,5081
1205.000000,1205.000000,2008-11-26,1235.000000,1100.000000,1180.000000,6456
1195.000000,1195.000000,2008-11-27,1230.000000,1180.000000,1210.000000,4144
1175.000000,1175.000000,2008-11-28,1240.000000,1150.000000,1240.000000,8456
1200.000000,1200.000000,2008-12-01,1235.000000,1145.000000,1145.000000,6404
1200.000000,1200.000000,2008-12-02,1215.000000,1130.000000,1180.000000,17939
1165.000000,1165.000000,2008-12-03,1205.000000,1150.000000,1150.000000,16862
1180.000000,1180.000000,2008-12-04,1285.000000,1110.000000,1150.000000,20382
1220.000000,1220.000000,2008-12-05,1265.000000,1130.000000,1265.000000,6555
1255.000000,1255.000000,2008-12-08,1265.000000,1190.000000,1250.000000,22575
1215.000000,1215.000000,2008-12-09,1270.000000,1200.000000,1230.000000,16093
1235.000000,1235.000000,2008-12-10,1275.000000,1210.000000,1275.000000,15652
1260.000000,1260.000000,2008-12-11,1260.000000,1205.000000,1240.000000,5867
1240.000000,1240.000000,2008-12-12,1335.000000,1240.000000,1280.000000,29802
1315.000000,1315.000000,2008-12-15,1360.000000,1200.000000,1280.000000,29802
1290.000000,1290.000000,2008-12-16,1340.000000,1235.000000,1245.000000,16987
1300.000000,1300.000000,2008-12-17,1305.000000,1260.000000,1305.000000,15155
1325.000000,1325.000000,2008-12-18,1360.000000,1300.000000,1300.000000,23567
1300.000000,1300.000000,2008-12-19,1350.000000,1255.000000,1350.000000,15310
1260.000000,1260.000000,2008-12-22,1320.000000,1200.000000,1320.000000,31408
1270.000000,1270.000000,2008-12-23,1290.000000,1255.000000,1255.000000,4487
1210.000000,1210.000000,2008-12-24,1260.000000,1185.000000,1255.000000,11133
null,null,2008-12-25,null,null,null,null
1270.000000,1270.000000,2008-12-26,1270.000000,1170.000000,1210.000000,21846
1230.000000,1230.000000,2008-12-29,1450.000000,1215.000000,1250.000000,102984
1340.000000,1340.000000,2008-12-30,1410.000000,1235.000000,1250.000000,75553
null,null,2008-12-31,null,null,null,null
1290.000000,1290.000000,2009-01-02,1400.000000,1285.000000,1400.000000,16863
1300.000000,1300.000000,2009-01-05,1340.000000,1280.000000,1280.000000,14687
1355.000000,1355.000000,2009-01-06,1370.000000,1300.000000,1345.000000,13096
1310.000000,1310.000000,2009-01-07,1440.000000,1155.000000,1440.000000,29558
1450.000000,1450.000000,2009-01-08,1450.000000,1255.000000,1470.000000,87294
1645.000000,1645.000000,2009-01-09,1665.000000,1385.000000,1470.000000,87294
1700.000000,1700.000000,2009-01-12,1705.000000,1520.000000,1645.000000,62080
1560.000000,1560.000000,2009-01-13,1730.000000,1490.000000,1730.000000,61105
1585.000000,1585.000000,2009-01-14,1585.000000,1500.000000,1565.000000,7911
1525.000000,1525.000000,2009-01-15,1590.000000,1420.000000,1540.000000,22209
1685.000000,1685.000000,2009-01-16,1690.000000,1500.000000,1575.000000,37000
1790.000000,1790.000000,2009-01-19,1820.000000,1640.000000,1640.000000,20482
1905.000000,1905.000000,2009-01-20,1925.000000,1695.000000,1800.000000,47804
1950.000000,1950.000000,2009-01-21,2010.000000,1810.000000,2010.000000,36865
1885.000000,1885.000000,2009-01-22,2005.000000,1880.000000,2005.000000,6542
1900.000000,1900.000000,2009-01-23,1900.000000,1705.000000,1900.000000,18757
1950.000000,1950.000000,2009-01-28,1950.000000,1805.000000,1805.000000,17459
1950.000000,1950.000000,2009-01-29,1985.000000,1905.000000,1955.000000,5941
1950.000000,1950.000000,2009-01-30,1970.000000,1850.000000,1850.000000,21700
1870.000000,1870.000000,2009-02-02,2050.000000,1815.000000,1950.000000,70199
1870.000000,1870.000000,2009-02-03,1910.000000,1800.000000,1800.000000,17809
1950.000000,1950.000000,2009-02-04,1950.000000,1820.000000,1940.000000,28781
2010.000000,2010.000000,2009-02-05,2070.000000,1950.000000,1950.000000,42102
2010.000000,2010.000000,2009-02-06,2135.000000,1975.000000,2000.000000,45561
1985.000000,1985.000000,2009-02-09,2055.000000,1985.000000,2055.000000,6025
2080.000000,2080.000000,2009-02-10,2080.000000,2015.000000,2050.000000,15792
2040.000000,2040.000000,2009-02-11,2070.000000,1950.000000,2040.000000,18284
2000.000000,2000.000000,2009-02-12,2080.000000,2000.000000,2020.000000,6502
1980.000000,1980.000000,2009-02-13,2055.000000,1900.000000,2000.000000,22097
1930.000000,1930.000000,2009-02-16,1975.000000,1820.000000,1900.000000,49508
1950.000000,1950.000000,2009-02-17,1980.000000,1900.000000,1930.000000,22202
1965.000000,1965.000000,2009-02-18,1965.000000,1855.000000,1945.000000,20154
1965.000000,1965.000000,2009-02-19,2080.000000,1880.000000,1880.000000,22058
1900.000000,1900.000000,2009-02-20,2010.000000,1700.000000,2000.000000,30766
1895.000000,1895.000000,2009-02-23,1965.000000,1800.000000,1755.000000,15865
1895.000000,1895.000000,2009-02-24,1900.000000,1755.000000,1755.000000,15865
1920.000000,1920.000000,2009-02-25,2025.000000,1875.000000,2025.000000,63
1850.000000,1850.000000,2009-02-26,2040.000000,1775.000000,2000.000000,34367
1800.000000,1800.000000,2009-02-27,1890.000000,1800.000000,1850.000000,8045
1730.000000,1730.000000,2009-03-02,1805.000000,1655.000000,1710.000000,6166
1640.000000,1640.000000,2009-03-03,1640.000000,1555.000000,1555.000000,5921
1850.000000,1850.000000,2009-03-04,1850.000000,1680.000000,1700.000000,8795
1775.000000,1775.000000,2009-03-05,1855.000000,1750.000000,1820.000000,2826
1775.000000,1775.000000,2009-03-06,1820.000000,1700.000000,1820.000000,5042
1780.000000,1780.000000,2009-03-09,1835.000000,1770.000000,1790.000000,24579
1795.000000,1795.000000,2009-03-10,1805.000000,1710.000000,1790.000000,12343
1845.000000,1845.000000,2009-03-11,1845.000000,1800.000000,1815.000000,13894
1795.000000,1795.000000,2009-03-12,1870.000000,1735.000000,1820.000000,9401
1845.000000,1845.000000,2009-03-13,1845.000000,1730.000000,1730.000000,13264
1890.000000,1890.000000,2009-03-16,1910.000000,1860.000000,1860.000000,4135
1900.000000,1900.000000,2009-03-17,1950.000000,1810.000000,1810.000000,2078
1970.000000,1970.000000,2009-03-18,2180.000000,1825.000000,1990.000000,14734
1925.000000,1925.000000,2009-03-19,2000.000000,1905.000000,1995.000000,8493
1930.000000,1930.000000,2009-03-20,2000.000000,1925.000000,1925.000000,24497
1875.000000,1875.000000,2009-03-23,2025.000000,1865.000000,2025.000000,7216
1880.000000,1880.000000,2009-03-24,1910.000000,1850.000000,1900.000000,14323
1900.000000,1900.000000,2009-03-25,1900.000000,1835.000000,1855.000000,4786
1925.000000,1925.000000,2009-03-26,1950.000000,1855.000000,1900.000000,1774
1900.000000,1900.000000,2009-03-27,1930.000000,1860.000000,1930.000000,2135
1935.000000,1935.000000,2009-03-30,2040.000000,1790.000000,1800.000000,79014
1850.000000,1850.000000,2009-03-31,1990.000000,1840.000000,1865.000000,12502
1830.000000,1830.000000,2009-04-01,1920.000000,1810.000000,1865.000000,12522
1865.000000,1865.000000,2009-04-02,1920.000000,1810.000000,1810.000000,9047
1900.000000,1900.000000,2009-04-03,1925.000000,1830.000000,1840.000000,22697
1880.000000,1880.000000,2009-04-06,1920.000000,1870.000000,1905.000000,10564
1890.000000,1890.000000,2009-04-07,1925.000000,1835.000000,1925.000000,18497
1850.000000,1850.000000,2009-04-08,1910.000000,1815.000000,1910.000000,200042
2125.000000,2125.000000,2009-04-09,2125.000000,1800.000000,1900.000000,78039
2440.000000,2440.000000,2009-04-10,2440.000000,2440.000000,2440.000000,43911
2805.000000,2805.000000,2009-04-13,2805.000000,2805.000000,2805.000000,43911
2905.000000,2905.000000,2009-04-14,3225.000000,2505.000000,3225.000000,743146
2690.000000,2690.000000,2009-04-15,2990.000000,2470.000000,2800.000000,278331
2500.000000,2500.000000,2009-04-16,2775.000000,2500.000000,2725.000000,176163
2545.000000,2545.000000,2009-04-17,2590.000000,2225.000000,2465.000000,138735
2550.000000,2550.000000,2009-04-20,2600.000000,2265.000000,2555.000000,69135
2505.000000,2505.000000,2009-04-21,2650.000000,2370.000000,2495.000000,73418
2400.000000,2400.000000,2009-04-22,2625.000000,2140.000000,2560.000000,126397
2350.000000,2350.000000,2009-04-23,2470.000000,2305.000000,2440.000000,68184
2555.000000,2555.000000,2009-04-24,2700.000000,2405.000000,2405.000000,484482
2935.000000,2935.000000,2009-04-27,2935.000000,2500.000000,2550.000000,448924
2495.000000,2495.000000,2009-04-28,3125.000000,2495.000000,2980.000000,448924
2410.000000,2410.000000,2009-04-29,2560.000000,2350.000000,2420.000000,129297
2305.000000,2305.000000,2009-04-30,2470.000000,2300.000000,2425.000000,107523
2195.000000,2195.000000,2009-05-04,2380.000000,2160.000000,2380.000000,83573
2310.000000,2310.000000,2009-05-06,2395.000000,2195.000000,2195.000000,79470
2240.000000,2240.000000,2009-05-07,2345.000000,2205.000000,2310.000000,71922
2290.000000,2290.000000,2009-05-08,2325.000000,2185.000000,2220.000000,32329
2350.000000,2350.000000,2009-05-11,2400.000000,2230.000000,2290.000000,32354
2365.000000,2365.000000,2009-05-12,2445.000000,2300.000000,2380.000000,267328
2715.000000,2715.000000,2009-05-13,2715.000000,2295.000000,2340.000000,267328
2750.000000,2750.000000,2009-05-14,3100.000000,2650.000000,2830.000000,406126
2875.000000,2875.000000,2009-05-15,2920.000000,2530.000000,2780.000000,761080
3305.000000,3305.000000,2009-05-18,3305.000000,3020.000000,3150.000000,761080
3020.000000,3020.000000,2009-05-19,3400.000000,3020.000000,3400.000000,337841
3140.000000,3140.000000,2009-05-20,3280.000000,2910.000000,3100.000000,177073
3435.000000,3435.000000,2009-05-21,3550.000000,3140.000000,3200.000000,334594
3150.000000,3150.000000,2009-05-22,3410.000000,3110.000000,3410.000000,178069
2820.000000,2820.000000,2009-05-25,3200.000000,2680.000000,3200.000000,302952
2775.000000,2775.000000,2009-05-26,2950.000000,2725.000000,2950.000000,98221
2580.000000,2580.000000,2009-05-27,2800.000000,2575.000000,2760.000000,96307
2525.000000,2525.000000,2009-05-28,2580.000000,2350.000000,2350.000000,111134
2630.000000,2630.000000,2009-05-29,2750.000000,2560.000000,2750.000000,65158
2500.000000,2500.000000,2009-06-01,2650.000000,2495.000000,2580.000000,65712
2510.000000,2510.000000,2009-06-02,2600.000000,2470.000000,2500.000000,102757
2480.000000,2480.000000,2009-06-03,2550.000000,2405.000000,2510.000000,112876
2625.000000,2625.000000,2009-06-04,2850.000000,2490.000000,2520.000000,207676
2640.000000,2640.000000,2009-06-05,2795.000000,2530.000000,2755.000000,90768
2495.000000,2495.000000,2009-06-08,2710.000000,2495.000000,2650.000000,79172
2365.000000,2365.000000,2009-06-09,2545.000000,2345.000000,2545.000000,101619
2450.000000,2450.000000,2009-06-10,2500.000000,2350.000000,2365.000000,43984
2430.000000,2430.000000,2009-06-11,2495.000000,2390.000000,2470.000000,26209
2435.000000,2435.000000,2009-06-12,2445.000000,2360.000000,2360.000000,38879
2380.000000,2380.000000,2009-06-15,2460.000000,2370.000000,2430.000000,43732
2425.000000,2425.000000,2009-06-16,2550.000000,2350.000000,2380.000000,74103
2430.000000,2430.000000,2009-06-17,2480.000000,2390.000000,2425.000000,18368
2500.000000,2500.000000,2009-06-18,2575.000000,2430.000000,2435.000000,75867
2495.000000,2495.000000,2009-06-19,2650.000000,2405.000000,2500.000000,76933
2590.000000,2590.000000,2009-06-22,2730.000000,2495.000000,2660.000000,96963
2600.000000,2600.000000,2009-06-23,2645.000000,2450.000000,2490.000000,63871
2375.000000,2375.000000,2009-06-24,2650.000000,2305.000000,2600.000000,96701
2375.000000,2375.000000,2009-06-25,2430.000000,2315.000000,2410.000000,24846
2370.000000,2370.000000,2009-06-26,2415.000000,2330.000000,2365.000000,27214
2355.000000,2355.000000,2009-06-29,2445.000000,2345.000000,2345.000000,15296
2340.000000,2340.000000,2009-06-30,2440.000000,2275.000000,2330.000000,31554
2325.000000,2325.000000,2009-07-01,2395.000000,2275.000000,2330.000000,10321
2300.000000,2300.000000,2009-07-02,2400.000000,2285.000000,2310.000000,24249
2360.000000,2360.000000,2009-07-03,2360.000000,2275.000000,2300.000000,9334
2390.000000,2390.000000,2009-07-06,2440.000000,2310.000000,2395.000000,17490
2385.000000,2385.000000,2009-07-07,2440.000000,2370.000000,2375.000000,21722
2550.000000,2550.000000,2009-07-08,2560.000000,2400.000000,2400.000000,51402
2655.000000,2655.000000,2009-07-09,2770.000000,2610.000000,2650.000000,70745
2625.000000,2625.000000,2009-07-10,2775.000000,2550.000000,2690.000000,18812
2430.000000,2430.000000,2009-07-13,2695.000000,2305.000000,2695.000000,57836
2455.000000,2455.000000,2009-07-14,2530.000000,2325.000000,2325.000000,18599
2480.000000,2480.000000,2009-07-15,2510.000000,2420.000000,2425.000000,24398
2500.000000,2500.000000,2009-07-16,2545.000000,2480.000000,2480.000000,15040
2500.000000,2500.000000,2009-07-17,2550.000000,2450.000000,2460.000000,17743
2685.000000,2685.000000,2009-07-20,2800.000000,2550.000000,2550.000000,202180
3085.000000,3085.000000,2009-07-21,3085.000000,3085.000000,3085.000000,14868
3545.000000,3545.000000,2009-07-22,3545.000000,3545.000000,3545.000000,116204
3660.000000,3660.000000,2009-07-23,4065.000000,3580.000000,3850.000000,2925573
3355.000000,3355.000000,2009-07-24,4140.000000,3355.000000,3625.000000,3179695
3320.000000,3320.000000,2009-07-27,3530.000000,3230.000000,3400.000000,1012577
3425.000000,3425.000000,2009-07-28,3550.000000,3250.000000,3325.000000,1544675
3295.000000,3295.000000,2009-07-29,3700.000000,3295.000000,3470.000000,1901375
3260.000000,3260.000000,2009-07-30,3380.000000,3135.000000,3295.000000,517795
3140.000000,3140.000000,2009-07-31,3555.000000,3015.000000,3260.000000,2238245
3610.000000,3610.000000,2009-08-03,3610.000000,3335.000000,3335.000000,1129118
4150.000000,4150.000000,2009-08-04,4150.000000,3870.000000,3920.000000,1846797
3960.000000,3960.000000,2009-08-05,4720.000000,3960.000000,4550.000000,2856216
3700.000000,3700.000000,2009-08-06,4550.000000,3700.000000,3900.000000,5367625
4255.000000,4255.000000,2009-08-07,4255.000000,3630.000000,3700.000000,4306985
4890.000000,4890.000000,2009-08-10,4890.000000,4800.000000,4810.000000,236541
5620.000000,5620.000000,2009-08-11,5620.000000,5180.000000,5620.000000,4410914
5420.000000,5420.000000,2009-08-12,5980.000000,5360.000000,5610.000000,3922750
6230.000000,6230.000000,2009-08-13,6230.000000,5300.000000,5420.000000,4771126
6100.000000,6100.000000,2009-08-14,7160.000000,6010.000000,6800.000000,6959172
5650.000000,5650.000000,2009-08-17,6410.000000,5440.000000,6050.000000,2460130
5480.000000,5480.000000,2009-08-18,5830.000000,5260.000000,5530.000000,2361611
5400.000000,5400.000000,2009-08-19,5620.000000,5100.000000,5540.000000,1541261
4900.000000,4900.000000,2009-08-20,6210.000000,4880.000000,5400.000000,4997560
4750.000000,4750.000000,2009-08-21,5190.000000,4625.000000,5010.000000,1760423
5460.000000,5460.000000,2009-08-24,5460.000000,4460.000000,4850.000000,4311714
5000.000000,5000.000000,2009-08-25,5500.000000,4900.000000,5460.000000,1730977
5130.000000,5130.000000,2009-08-26,5450.000000,4895.000000,5060.000000,1384810
4860.000000,4860.000000,2009-08-27,5160.000000,4805.000000,5140.000000,534127
5150.000000,5150.000000,2009-08-28,5580.000000,4935.000000,4995.000000,3788856
4450.000000,4450.000000,2009-08-31,5190.000000,4410.000000,5190.000000,842692
4515.000000,4515.000000,2009-09-01,4800.000000,4255.000000,4450.000000,656912
4240.000000,4240.000000,2009-09-02,4420.000000,4240.000000,4350.000000,512006
4250.000000,4250.000000,2009-09-03,4450.000000,4250.000000,4325.000000,354422
4180.000000,4180.000000,2009-09-04,4340.000000,4075.000000,4265.000000,594810
4125.000000,4125.000000,2009-09-07,4290.000000,4075.000000,4100.000000,404879
4155.000000,4155.000000,2009-09-08,4305.000000,4125.000000,4125.000000,435408
4200.000000,4200.000000,2009-09-09,4420.000000,4160.000000,4160.000000,454581
4305.000000,4305.000000,2009-09-10,4550.000000,4255.000000,4340.000000,500681
4220.000000,4220.000000,2009-09-11,4490.000000,4170.000000,4445.000000,385751
4080.000000,4080.000000,2009-09-14,4300.000000,3930.000000,4300.000000,405606
4100.000000,4100.000000,2009-09-15,4170.000000,3850.000000,4080.000000,448421
4170.000000,4170.000000,2009-09-16,4210.000000,4005.000000,4100.000000,282061
4230.000000,4230.000000,2009-09-17,4405.000000,4090.000000,4200.000000,446567
4200.000000,4200.000000,2009-09-18,4345.000000,4190.000000,4340.000000,220396
4080.000000,4080.000000,2009-09-21,4235.000000,3995.000000,4200.000000,278794
4100.000000,4100.000000,2009-09-22,4180.000000,4015.000000,4100.000000,162992
3940.000000,3940.000000,2009-09-23,4140.000000,3940.000000,4105.000000,155979
3690.000000,3690.000000,2009-09-24,3885.000000,3685.000000,3850.000000,220226
3550.000000,3550.000000,2009-09-25,3785.000000,3520.000000,3690.000000,167591
3520.000000,3520.000000,2009-09-28,4050.000000,3520.000000,3565.000000,674592
3420.000000,3420.000000,2009-09-29,3540.000000,3370.000000,3540.000000,157877
3440.000000,3440.000000,2009-09-30,3700.000000,3400.000000,3425.000000,273066
3140.000000,3140.000000,2009-10-01,3550.000000,2930.000000,3470.000000,194798
3070.000000,3070.000000,2009-10-05,3130.000000,2960.000000,3000.000000,123866
3200.000000,3200.000000,2009-10-06,3235.000000,3085.000000,3235.000000,124366
3100.000000,3100.000000,2009-10-07,3285.000000,3010.000000,3270.000000,194350
3180.000000,3180.000000,2009-10-08,3240.000000,3080.000000,3090.000000,145981
3305.000000,3305.000000,2009-10-09,3370.000000,3150.000000,3205.000000,159773
3510.000000,3510.000000,2009-10-12,3600.000000,3335.000000,3335.000000,230885
3455.000000,3455.000000,2009-10-13,3680.000000,3380.000000,3425.000000,239642
3550.000000,3550.000000,2009-10-14,3645.000000,3365.000000,3565.000000,159059
3545.000000,3545.000000,2009-10-15,3590.000000,3390.000000,3590.000000,133831
3515.000000,3515.000000,2009-10-16,3565.000000,3410.000000,3500.000000,76648
3530.000000,3530.000000,2009-10-19,3600.000000,3445.000000,3550.000000,78673
3545.000000,3545.000000,2009-10-20,3595.000000,3485.000000,3595.000000,119802
3785.000000,3785.000000,2009-10-21,3840.000000,3475.000000,3580.000000,276091
3600.000000,3600.000000,2009-10-22,3950.000000,3590.000000,3780.000000,394781
3540.000000,3540.000000,2009-10-23,3770.000000,3535.000000,3670.000000,101154
3645.000000,3645.000000,2009-10-26,3830.000000,3620.000000,3650.000000,247236
3500.000000,3500.000000,2009-10-27,3695.000000,3370.000000,3695.000000,183284
3380.000000,3380.000000,2009-10-28,3450.000000,3225.000000,3450.000000,211405
3220.000000,3220.000000,2009-10-29,3295.000000,2955.000000,3210.000000,94938
3260.000000,3260.000000,2009-10-30,3420.000000,3160.000000,3160.000000,96782
3150.000000,3150.000000,2009-11-02,3250.000000,3005.000000,3100.000000,87433
3215.000000,3215.000000,2009-11-03,3425.000000,3155.000000,3275.000000,181785
3240.000000,3240.000000,2009-11-04,3265.000000,3110.000000,3175.000000,35563
3195.000000,3195.000000,2009-11-05,3280.000000,3190.000000,3240.000000,41222
3180.000000,3180.000000,2009-11-06,3275.000000,3160.000000,3220.000000,45658
3270.000000,3270.000000,2009-11-09,3330.000000,3200.000000,3250.000000,51097
3150.000000,3150.000000,2009-11-10,3380.000000,3130.000000,3270.000000,95402
3150.000000,3150.000000,2009-11-11,3235.000000,3120.000000,3150.000000,27375
3115.000000,3115.000000,2009-11-12,3215.000000,3100.000000,3215.000000,25064
3100.000000,3100.000000,2009-11-13,3245.000000,3060.000000,3060.000000,110750
3060.000000,3060.000000,2009-11-16,3155.000000,3005.000000,3155.000000,46897
3015.000000,3015.000000,2009-11-17,3110.000000,2960.000000,3110.000000,79712
2970.000000,2970.000000,2009-11-18,3125.000000,2920.000000,3000.000000,167481
2970.000000,2970.000000,2009-11-19,3065.000000,2910.000000,2970.000000,88842
2975.000000,2975.000000,2009-11-20,3005.000000,2900.000000,2940.000000,69810
2960.000000,2960.000000,2009-11-23,3050.000000,2940.000000,3005.000000,78139
2935.000000,2935.000000,2009-11-24,3045.000000,2915.000000,2960.000000,55244
2955.000000,2955.000000,2009-11-25,3000.000000,2915.000000,3000.000000,44494
2935.000000,2935.000000,2009-11-26,2995.000000,2880.000000,2955.000000,53172
2650.000000,2650.000000,2009-11-27,2895.000000,2640.000000,2895.000000,89568
2740.000000,2740.000000,2009-11-30,2790.000000,2650.000000,2650.000000,29698
2720.000000,2720.000000,2009-12-01,2795.000000,2650.000000,2795.000000,78222
2765.000000,2765.000000,2009-12-02,2770.000000,2705.000000,2770.000000,47675
2800.000000,2800.000000,2009-12-03,2855.000000,2720.000000,2740.000000,62731
2805.000000,2805.000000,2009-12-04,2835.000000,2740.000000,2800.000000,38423
3095.000000,3095.000000,2009-12-07,3135.000000,2805.000000,2865.000000,144521
3555.000000,3555.000000,2009-12-08,3555.000000,3055.000000,3150.000000,320425
3730.000000,3730.000000,2009-12-09,4070.000000,3625.000000,3625.000000,1068954
3760.000000,3760.000000,2009-12-10,3890.000000,3570.000000,3760.000000,346756
3650.000000,3650.000000,2009-12-11,3755.000000,3600.000000,3755.000000,152193
3680.000000,3680.000000,2009-12-14,3785.000000,3565.000000,3650.000000,142891
3515.000000,3515.000000,2009-12-15,3740.000000,3480.000000,3685.000000,100149
3500.000000,3500.000000,2009-12-16,3675.000000,3500.000000,3510.000000,83501
3660.000000,3660.000000,2009-12-17,4025.000000,3520.000000,3520.000000,647332
3790.000000,3790.000000,2009-12-18,3935.000000,3610.000000,3650.000000,251624
3690.000000,3690.000000,2009-12-21,3800.000000,3640.000000,3790.000000,140422
3615.000000,3615.000000,2009-12-22,3750.000000,3600.000000,3750.000000,104695
3530.000000,3530.000000,2009-12-23,3630.000000,3390.000000,3615.000000,99110
3840.000000,3840.000000,2009-12-24,4010.000000,3395.000000,3395.000000,462887
4025.000000,4025.000000,2009-12-28,4160.000000,3750.000000,3790.000000,231934
4080.000000,4080.000000,2009-12-29,4225.000000,3955.000000,3955.000000,136435
3985.000000,3985.000000,2009-12-30,4185.000000,3900.000000,4080.000000,96607
4100.000000,4100.000000,2010-01-04,4100.000000,3750.000000,3950.000000,216425
4070.000000,4070.000000,2010-01-05,4210.000000,3980.000000,4210.000000,187083
4210.000000,4210.000000,2010-01-06,4400.000000,3930.000000,4095.000000,406088
4705.000000,4705.000000,2010-01-07,4840.000000,4255.000000,4410.000000,1239904
4400.000000,4400.000000,2010-01-08,4705.000000,4260.000000,4705.000000,517566
4140.000000,4140.000000,2010-01-11,4385.000000,4125.000000,4200.000000,333975
4160.000000,4160.000000,2010-01-12,4290.000000,4090.000000,4090.000000,130140
3980.000000,3980.000000,2010-01-13,4190.000000,3965.000000,4190.000000,156541
3850.000000,3850.000000,2010-01-14,4055.000000,3845.000000,3960.000000,115128
4040.000000,4040.000000,2010-01-15,4170.000000,3905.000000,3905.000000,158222
4095.000000,4095.000000,2010-01-18,4170.000000,4000.000000,4000.000000,97026
4210.000000,4210.000000,2010-01-19,4445.000000,4185.000000,4350.000000,299436
3940.000000,3940.000000,2010-01-20,4190.000000,3890.000000,4190.000000,283906
3845.000000,3845.000000,2010-01-21,3940.000000,3730.000000,3940.000000,215613
3795.000000,3795.000000,2010-01-22,3825.000000,3600.000000,3800.000000,193273
3870.000000,3870.000000,2010-01-25,4040.000000,3600.000000,3680.000000,215172
3970.000000,3970.000000,2010-01-26,4095.000000,3850.000000,4095.000000,193423
3970.000000,3970.000000,2010-01-27,4050.000000,3850.000000,3910.000000,89832
4000.000000,4000.000000,2010-01-28,4045.000000,3805.000000,3980.000000,172885
3970.000000,3970.000000,2010-01-29,4150.000000,3850.000000,3990.000000,160505
3800.000000,3800.000000,2010-02-01,3990.000000,3780.000000,3990.000000,101992
3870.000000,3870.000000,2010-02-02,3980.000000,3810.000000,3810.000000,64716
3890.000000,3890.000000,2010-02-03,3950.000000,3850.000000,3950.000000,52799
3900.000000,3900.000000,2010-02-04,3920.000000,3755.000000,3910.000000,49624
3730.000000,3730.000000,2010-02-05,3785.000000,3630.000000,3700.000000,93263
3665.000000,3665.000000,2010-02-08,3820.000000,3665.000000,3820.000000,30063
3905.000000,3905.000000,2010-02-09,3950.000000,3615.000000,3655.000000,207901
3810.000000,3810.000000,2010-02-10,3965.000000,3800.000000,3965.000000,61693
3800.000000,3800.000000,2010-02-11,3900.000000,3720.000000,3900.000000,45084
4250.000000,4250.000000,2010-02-12,4330.000000,3800.000000,3890.000000,334708
4250.000000,4250.000000,2010-02-16,4400.000000,4180.000000,4300.000000,306697
4280.000000,4280.000000,2010-02-17,4335.000000,4165.000000,4230.000000,147186
4150.000000,4150.000000,2010-02-18,4375.000000,4145.000000,4280.000000,198197
3910.000000,3910.000000,2010-02-19,4245.000000,3910.000000,4100.000000,156693
4030.000000,4030.000000,2010-02-22,4080.000000,3945.000000,4020.000000,89083
3970.000000,3970.000000,2010-02-23,4100.000000,3970.000000,4100.000000,82911
3900.000000,3900.000000,2010-02-24,3980.000000,3865.000000,3900.000000,66768
3895.000000,3895.000000,2010-02-25,4000.000000,3850.000000,3880.000000,84893
3905.000000,3905.000000,2010-02-26,3950.000000,3855.000000,3895.000000,27587
3980.000000,3980.000000,2010-03-02,4140.000000,3920.000000,3920.000000,94365
4060.000000,4060.000000,2010-03-03,4120.000000,3980.000000,3980.000000,99612
3960.000000,3960.000000,2010-03-04,4150.000000,3955.000000,4060.000000,51927
3985.000000,3985.000000,2010-03-05,4070.000000,3950.000000,3970.000000,55086
3980.000000,3980.000000,2010-03-08,4075.000000,3960.000000,4050.000000,110252
3970.000000,3970.000000,2010-03-09,4050.000000,3950.000000,3950.000000,115031
4150.000000,4150.000000,2010-03-10,4275.000000,3970.000000,4010.000000,304273
4245.000000,4245.000000,2010-03-11,4290.000000,4085.000000,4150.000000,253788
4085.000000,4085.000000,2010-03-12,4270.000000,4085.000000,4270.000000,125112
4130.000000,4130.000000,2010-03-15,4220.000000,4075.000000,4105.000000,75887
4745.000000,4745.000000,2010-03-16,4745.000000,4330.000000,4335.000000,576392
4720.000000,4720.000000,2010-03-17,5040.000000,4570.000000,5010.000000,1874521
4800.000000,4800.000000,2010-03-18,4955.000000,4585.000000,4700.000000,820287
4710.000000,4710.000000,2010-03-19,4895.000000,4700.000000,4845.000000,324880
4600.000000,4600.000000,2010-03-22,4685.000000,4500.000000,4580.000000,316144
4940.000000,4940.000000,2010-03-23,5050.000000,4620.000000,4650.000000,765260
4550.000000,4550.000000,2010-03-24,4960.000000,4530.000000,4930.000000,484192
4550.000000,4550.000000,2010-03-25,4685.000000,4415.000000,4560.000000,164205
4580.000000,4580.000000,2010-03-26,4680.000000,4500.000000,4550.000000,111016
4450.000000,4450.000000,2010-03-29,4570.000000,4380.000000,4480.000000,150124
4530.000000,4530.000000,2010-03-30,4585.000000,4420.000000,4460.000000,142232
4465.000000,4465.000000,2010-03-31,4595.000000,4420.000000,4550.000000,146856
4670.000000,4670.000000,2010-04-01,4740.000000,4435.000000,4465.000000,394788
4500.000000,4500.000000,2010-04-02,5370.000000,4460.000000,4800.000000,2870961
4030.000000,4030.000000,2010-04-05,4620.000000,3910.000000,4530.000000,502324
4090.000000,4090.000000,2010-04-06,4175.000000,4040.000000,4100.000000,154644
4015.000000,4015.000000,2010-04-07,4105.000000,4010.000000,4050.000000,141578
4145.000000,4145.000000,2010-04-08,4265.000000,4015.000000,4015.000000,165596
4210.000000,4210.000000,2010-04-09,4210.000000,4070.000000,4150.000000,95540
4250.000000,4250.000000,2010-04-12,4300.000000,4150.000000,4215.000000,81205
4190.000000,4190.000000,2010-04-13,4270.000000,4135.000000,4200.000000,79857
4100.000000,4100.000000,2010-04-14,4210.000000,4060.000000,4190.000000,97278
4075.000000,4075.000000,2010-04-15,4135.000000,4020.000000,4100.000000,83449
4030.000000,4030.000000,2010-04-16,4095.000000,3955.000000,4095.000000,106755
4010.000000,4010.000000,2010-04-19,4040.000000,3850.000000,3955.000000,51360
4160.000000,4160.000000,2010-04-20,4160.000000,4000.000000,4075.000000,84546
4125.000000,4125.000000,2010-04-21,4200.000000,4115.000000,4170.000000,87461
4120.000000,4120.000000,2010-04-22,4200.000000,4120.000000,4200.000000,43621
4145.000000,4145.000000,2010-04-23,4240.000000,4145.000000,4200.000000,100691
4035.000000,4035.000000,2010-04-26,4185.000000,4010.000000,4145.000000,102243
3970.000000,3970.000000,2010-04-27,4120.000000,3970.000000,4120.000000,103447
3950.000000,3950.000000,2010-04-28,3970.000000,3780.000000,3895.000000,97334
3975.000000,3975.000000,2010-04-29,4070.000000,3905.000000,4050.000000,91653
3965.000000,3965.000000,2010-04-30,4070.000000,3910.000000,4070.000000,61850
3785.000000,3785.000000,2010-05-03,3990.000000,3780.000000,3965.000000,86409
3840.000000,3840.000000,2010-05-04,3895.000000,3785.000000,3815.000000,71496
3750.000000,3750.000000,2010-05-06,3870.000000,3610.000000,3700.000000,55623
3650.000000,3650.000000,2010-05-07,3650.000000,3540.000000,3650.000000,107523
3730.000000,3730.000000,2010-05-10,3740.000000,3590.000000,3650.000000,67755
3885.000000,3885.000000,2010-05-11,3895.000000,3750.000000,3790.000000,68055
3945.000000,3945.000000,2010-05-12,4160.000000,3820.000000,3900.000000,340509
3850.000000,3850.000000,2010-05-13,4040.000000,3700.000000,3960.000000,105725
3935.000000,3935.000000,2010-05-14,3940.000000,3760.000000,3890.000000,86092
3810.000000,3810.000000,2010-05-17,3935.000000,3755.000000,3910.000000,68011
3745.000000,3745.000000,2010-05-18,3850.000000,3650.000000,3850.000000,75812
3635.000000,3635.000000,2010-05-19,3745.000000,3550.000000,3745.000000,53631
3380.000000,3380.000000,2010-05-20,3635.000000,3245.000000,3610.000000,77475
3220.000000,3220.000000,2010-05-24,3345.000000,3160.000000,3295.000000,51910
2970.000000,2970.000000,2010-05-25,3220.000000,2800.000000,3220.000000,90371
3175.000000,3175.000000,2010-05-26,3175.000000,2930.000000,2970.000000,49900
3235.000000,3235.000000,2010-05-27,3285.000000,3175.000000,3200.000000,37266
3290.000000,3290.000000,2010-05-28,3330.000000,3250.000000,3330.000000,27916
3300.000000,3300.000000,2010-05-31,3320.000000,2995.000000,3300.000000,39283
3215.000000,3215.000000,2010-06-01,3330.000000,3200.000000,3330.000000,31115
3215.000000,3215.000000,2010-06-03,3285.000000,3180.000000,3215.000000,56402
3280.000000,3280.000000,2010-06-04,3500.000000,3220.000000,3220.000000,69447
3195.000000,3195.000000,2010-06-07,3215.000000,3085.000000,3090.000000,51251
3340.000000,3340.000000,2010-06-08,3445.000000,3105.000000,3105.000000,45163
3290.000000,3290.000000,2010-06-09,3470.000000,3290.000000,3375.000000,33373
3250.000000,3250.000000,2010-06-10,3395.000000,3250.000000,3290.000000,54865
3350.000000,3350.000000,2010-06-11,3375.000000,3280.000000,3345.000000,20208
3390.000000,3390.000000,2010-06-14,3415.000000,3330.000000,3365.000000,31443
3395.000000,3395.000000,2010-06-15,3425.000000,3340.000000,3380.000000,22458
3475.000000,3475.000000,2010-06-16,3540.000000,3370.000000,3430.000000,47896
3470.000000,3470.000000,2010-06-17,3540.000000,3380.000000,3540.000000,35867
3430.000000,3430.000000,2010-06-18,3500.000000,3370.000000,3470.000000,21845
3440.000000,3440.000000,2010-06-21,3455.000000,3390.000000,3400.000000,18589
3425.000000,3425.000000,2010-06-22,3460.000000,3380.000000,3410.000000,19347
3430.000000,3430.000000,2010-06-23,3455.000000,3370.000000,3425.000000,16068
3375.000000,3375.000000,2010-06-24,3480.000000,3360.000000,3430.000000,29168
3290.000000,3290.000000,2010-06-25,3395.000000,3280.000000,3395.000000,45593
3295.000000,3295.000000,2010-06-28,3360.000000,3265.000000,3305.000000,18623
3240.000000,3240.000000,2010-06-29,3330.000000,3200.000000,3305.000000,40230
3180.000000,3180.000000,2010-06-30,3240.000000,3015.000000,3105.000000,41751
3200.000000,3200.000000,2010-07-01,3220.000000,3120.000000,3195.000000,20613
3450.000000,3450.000000,2010-07-02,3520.000000,3200.000000,3200.000000,102793
3450.000000,3450.000000,2010-07-05,3580.000000,3350.000000,3460.000000,69543
3450.000000,3450.000000,2010-07-06,3490.000000,3420.000000,3490.000000,23197
3480.000000,3480.000000,2010-07-07,3540.000000,3365.000000,3380.000000,27833
3420.000000,3420.000000,2010-07-08,3545.000000,3395.000000,3535.000000,23004
3340.000000,3340.000000,2010-07-09,3455.000000,3290.000000,3430.000000,39156
3295.000000,3295.000000,2010-07-12,3340.000000,3255.000000,3255.000000,31732
3255.000000,3255.000000,2010-07-13,3310.000000,3255.000000,3300.000000,21652
3380.000000,3380.000000,2010-07-14,3380.000000,3255.000000,3290.000000,25397
3380.000000,3380.000000,2010-07-15,3480.000000,3380.000000,3380.000000,20690
3300.000000,3300.000000,2010-07-16,3395.000000,3290.000000,3395.000000,18582
3310.000000,3310.000000,2010-07-19,3395.000000,3220.000000,3220.000000,25312
3260.000000,3260.000000,2010-07-20,3345.000000,3220.000000,3345.000000,26558
3295.000000,3295.000000,2010-07-21,3330.000000,3245.000000,3255.000000,26107
3210.000000,3210.000000,2010-07-22,3320.000000,3210.000000,3300.000000,27488
3260.000000,3260.000000,2010-07-23,3310.000000,3210.000000,3215.000000,17853
3300.000000,3300.000000,2010-07-26,3350.000000,3210.000000,3210.000000,19019
3300.000000,3300.000000,2010-07-27,3375.000000,3270.000000,3280.000000,11280
3195.000000,3195.000000,2010-07-28,3330.000000,3145.000000,3325.000000,18992
3230.000000,3230.000000,2010-07-29,3255.000000,3150.000000,3195.000000,11021
3250.000000,3250.000000,2010-07-30,3260.000000,3150.000000,3230.000000,22415
3160.000000,3160.000000,2010-08-02,3315.000000,3085.000000,3195.000000,32612
3110.000000,3110.000000,2010-08-03,3200.000000,3095.000000,3175.000000,32948
3170.000000,3170.000000,2010-08-04,3200.000000,3085.000000,3150.000000,17985
3165.000000,3165.000000,2010-08-05,3240.000000,3115.000000,3240.000000,12507
3105.000000,3105.000000,2010-08-06,3175.000000,3085.000000,3175.000000,11676
3330.000000,3330.000000,2010-08-09,3330.000000,3115.000000,3120.000000,65775
3360.000000,3360.000000,2010-08-10,3420.000000,3270.000000,3350.000000,63164
3325.000000,3325.000000,2010-08-11,3400.000000,3250.000000,3400.000000,31242
3275.000000,3275.000000,2010-08-12,3320.000000,3200.000000,3320.000000,30638
3250.000000,3250.000000,2010-08-13,3300.000000,3230.000000,3300.000000,29298
2930.000000,2930.000000,2010-08-16,3170.000000,2850.000000,3005.000000,101876
2950.000000,2950.000000,2010-08-17,3050.000000,2850.000000,2900.000000,38346
2855.000000,2855.000000,2010-08-18,3020.000000,2850.000000,2930.000000,57228
2810.000000,2810.000000,2010-08-19,2945.000000,2800.000000,2875.000000,53483
2795.000000,2795.000000,2010-08-20,2850.000000,2750.000000,2850.000000,41117
2855.000000,2855.000000,2010-08-23,2875.000000,2755.000000,2795.000000,51192
2895.000000,2895.000000,2010-08-24,2940.000000,2810.000000,2900.000000,18148
2860.000000,2860.000000,2010-08-25,2930.000000,2845.000000,2860.000000,11402
2820.000000,2820.000000,2010-08-26,2900.000000,2820.000000,2900.000000,17761
2760.000000,2760.000000,2010-08-27,2885.000000,2755.000000,2755.000000,14299
2730.000000,2730.000000,2010-08-30,2835.000000,2700.000000,2760.000000,23583
2695.000000,2695.000000,2010-08-31,2785.000000,2380.000000,2705.000000,38281
2645.000000,2645.000000,2010-09-01,2740.000000,2600.000000,2720.000000,35170
2560.000000,2560.000000,2010-09-02,2665.000000,2555.000000,2665.000000,44366
2555.000000,2555.000000,2010-09-03,2580.000000,2525.000000,2540.000000,30383
2610.000000,2610.000000,2010-09-06,2680.000000,2530.000000,2530.000000,46164
2595.000000,2595.000000,2010-09-07,2655.000000,2580.000000,2655.000000,35450
2530.000000,2530.000000,2010-09-08,2600.000000,2475.000000,2600.000000,39464
2560.000000,2560.000000,2010-09-09,2610.000000,2485.000000,2565.000000,21315
2760.000000,2760.000000,2010-09-10,2850.000000,2545.000000,2560.000000,145755
2655.000000,2655.000000,2010-09-13,2760.000000,2630.000000,2760.000000,64591
2620.000000,2620.000000,2010-09-14,2710.000000,2580.000000,2710.000000,35656
2625.000000,2625.000000,2010-09-15,2650.000000,2560.000000,2560.000000,23441
2625.000000,2625.000000,2010-09-16,2650.000000,2590.000000,2650.000000,11287
2610.000000,2610.000000,2010-09-17,2630.000000,2550.000000,2620.000000,14022
2600.000000,2600.000000,2010-09-20,2620.000000,2550.000000,2600.000000,17349
2625.000000,2625.000000,2010-09-24,2635.000000,2570.000000,2590.000000,16484
2615.000000,2615.000000,2010-09-27,2690.000000,2595.000000,2690.000000,9361
2685.000000,2685.000000,2010-09-28,2695.000000,2610.000000,2640.000000,33615
2780.000000,2780.000000,2010-09-29,2800.000000,2625.000000,2730.000000,59053
2900.000000,2900.000000,2010-09-30,2920.000000,2720.000000,2725.000000,65278
2900.000000,2900.000000,2010-10-01,3040.000000,2865.000000,2900.000000,90601
2915.000000,2915.000000,2010-10-04,2995.000000,2880.000000,2880.000000,55007
2940.000000,2940.000000,2010-10-05,2965.000000,2905.000000,2950.000000,15638
3095.000000,3095.000000,2010-10-06,3125.000000,2940.000000,2940.000000,123873
3210.000000,3210.000000,2010-10-07,3550.000000,3110.000000,3120.000000,483621
3200.000000,3200.000000,2010-10-08,3250.000000,3085.000000,3200.000000,54685
3235.000000,3235.000000,2010-10-11,3450.000000,3200.000000,3270.000000,140296
3305.000000,3305.000000,2010-10-12,3340.000000,3140.000000,3225.000000,68770
3320.000000,3320.000000,2010-10-13,3400.000000,3255.000000,3370.000000,44609
3160.000000,3160.000000,2010-10-14,3400.000000,3160.000000,3320.000000,178728
3230.000000,3230.000000,2010-10-15,3240.000000,3160.000000,3165.000000,34205
3200.000000,3200.000000,2010-10-18,3315.000000,3200.000000,3235.000000,24597
3205.000000,3205.000000,2010-10-19,3300.000000,3140.000000,3300.000000,62402
3380.000000,3380.000000,2010-10-20,3390.000000,3220.000000,3280.000000,211584
3310.000000,3310.000000,2010-10-21,3440.000000,3300.000000,3440.000000,62018
3320.000000,3320.000000,2010-10-22,3360.000000,3250.000000,3350.000000,48890
3270.000000,3270.000000,2010-10-25,3340.000000,3250.000000,3335.000000,31221
3310.000000,3310.000000,2010-10-26,3400.000000,3260.000000,3400.000000,32412
3285.000000,3285.000000,2010-10-27,3300.000000,3210.000000,3300.000000,45346
3290.000000,3290.000000,2010-10-28,3305.000000,3215.000000,3285.000000,30693
3210.000000,3210.000000,2010-10-29,3295.000000,3180.000000,3290.000000,16624
3350.000000,3350.000000,2010-11-01,3350.000000,3180.000000,3210.000000,65612
3430.000000,3430.000000,2010-11-02,3485.000000,3335.000000,3350.000000,95581
3365.000000,3365.000000,2010-11-03,3450.000000,3325.000000,3450.000000,46520
3600.000000,3600.000000,2010-11-04,3660.000000,3310.000000,3310.000000,218106
3630.000000,3630.000000,2010-11-05,3850.000000,3580.000000,3660.000000,139761
3720.000000,3720.000000,2010-11-08,3745.000000,3630.000000,3745.000000,62666
3585.000000,3585.000000,2010-11-09,3760.000000,3585.000000,3670.000000,110092
3460.000000,3460.000000,2010-11-10,3675.000000,3445.000000,3585.000000,77442
3335.000000,3335.000000,2010-11-11,3460.000000,3270.000000,3455.000000,109708
3200.000000,3200.000000,2010-11-12,3370.000000,3120.000000,3335.000000,61095
3140.000000,3140.000000,2010-11-15,3230.000000,3060.000000,3230.000000,30890
3145.000000,3145.000000,2010-11-16,3205.000000,3040.000000,3140.000000,29601
3185.000000,3185.000000,2010-11-17,3205.000000,3075.000000,3075.000000,18633
3255.000000,3255.000000,2010-11-18,3325.000000,3185.000000,3185.000000,14776
3275.000000,3275.000000,2010-11-19,3310.000000,3180.000000,3310.000000,23729
3260.000000,3260.000000,2010-11-22,3380.000000,3240.000000,3380.000000,13453
3400.000000,3400.000000,2010-11-23,3400.000000,3250.000000,3260.000000,59385
3420.000000,3420.000000,2010-11-24,3485.000000,3150.000000,3150.000000,48066
3550.000000,3550.000000,2010-11-25,3560.000000,3380.000000,3405.000000,86350
3425.000000,3425.000000,2010-11-26,3595.000000,3210.000000,3590.000000,76441
3255.000000,3255.000000,2010-11-29,3460.000000,3200.000000,3460.000000,63707
3300.000000,3300.000000,2010-11-30,3345.000000,3250.000000,3260.000000,23760
3300.000000,3300.000000,2010-12-01,3340.000000,3250.000000,3250.000000,3566
3285.000000,3285.000000,2010-12-02,3365.000000,3285.000000,3295.000000,6277
3240.000000,3240.000000,2010-12-03,3335.000000,3200.000000,3265.000000,26031
3250.000000,3250.000000,2010-12-06,3300.000000,3225.000000,3255.000000,5682
3205.000000,3205.000000,2010-12-07,3290.000000,3200.000000,3205.000000,3106
3205.000000,3205.000000,2010-12-08,3300.000000,3160.000000,3300.000000,8359
3235.000000,3235.000000,2010-12-09,3245.000000,3175.000000,3220.000000,10226
3250.000000,3250.000000,2010-12-10,3265.000000,3225.000000,3225.000000,12523
3210.000000,3210.000000,2010-12-13,3400.000000,3170.000000,3270.000000,16816
3155.000000,3155.000000,2010-12-14,3260.000000,3140.000000,3155.000000,25355
3170.000000,3170.000000,2010-12-15,3230.000000,3130.000000,3155.000000,26187
3165.000000,3165.000000,2010-12-16,3280.000000,3120.000000,3280.000000,18098
3100.000000,3100.000000,2010-12-17,3220.000000,3100.000000,3165.000000,16158
3215.000000,3215.000000,2010-12-20,3215.000000,2910.000000,3200.000000,47409
3125.000000,3125.000000,2010-12-21,3240.000000,3050.000000,3220.000000,10010
2975.000000,2975.000000,2010-12-22,3315.000000,2965.000000,3315.000000,29648
2970.000000,2970.000000,2010-12-23,3080.000000,2915.000000,2950.000000,16279
2895.000000,2895.000000,2010-12-24,3095.000000,2845.000000,2975.000000,19789
2915.000000,2915.000000,2010-12-27,2940.000000,2785.000000,2940.000000,37955
2830.000000,2830.000000,2010-12-28,2960.000000,2795.000000,2960.000000,52541
2840.000000,2840.000000,2010-12-29,2890.000000,2750.000000,2830.000000,33322
2870.000000,2870.000000,2010-12-30,2880.000000,2805.000000,2845.000000,12588
2960.000000,2960.000000,2011-01-03,3000.000000,2870.000000,2870.000000,16533
2930.000000,2930.000000,2011-01-04,3050.000000,2880.000000,2995.000000,35600
2920.000000,2920.000000,2011-01-05,2990.000000,2895.000000,2990.000000,31213
2935.000000,2935.000000,2011-01-06,3000.000000,2900.000000,3000.000000,34836
2960.000000,2960.000000,2011-01-07,2960.000000,2900.000000,2920.000000,30385
2965.000000,2965.000000,2011-01-10,3000.000000,2920.000000,2965.000000,19994
2910.000000,2910.000000,2011-01-11,2985.000000,2900.000000,2965.000000,29652
2950.000000,2950.000000,2011-01-12,3030.000000,2875.000000,2920.000000,51641
2960.000000,2960.000000,2011-01-13,2970.000000,2915.000000,2940.000000,23569
2915.000000,2915.000000,2011-01-14,3015.000000,2915.000000,2930.000000,26312
2850.000000,2850.000000,2011-01-17,2960.000000,2850.000000,2960.000000,33764
2835.000000,2835.000000,2011-01-18,2940.000000,2810.000000,2900.000000,12345
2795.000000,2795.000000,2011-01-19,2910.000000,2795.000000,2910.000000,22185
2700.000000,2700.000000,2011-01-20,2870.000000,2690.000000,2795.000000,59368
2720.000000,2720.000000,2011-01-21,2745.000000,2660.000000,2700.000000,39100
2680.000000,2680.000000,2011-01-24,2780.000000,2680.000000,2720.000000,16836
2595.000000,2595.000000,2011-01-25,2700.000000,2540.000000,2670.000000,70803
2620.000000,2620.000000,2011-01-26,2690.000000,2590.000000,2635.000000,24115
2610.000000,2610.000000,2011-01-27,2660.000000,2580.000000,2660.000000,18002
2700.000000,2700.000000,2011-01-28,2825.000000,2590.000000,2590.000000,59843
2755.000000,2755.000000,2011-01-31,2760.000000,2655.000000,2700.000000,10650
2810.000000,2810.000000,2011-02-01,2835.000000,2770.000000,2770.000000,16037
2835.000000,2835.000000,2011-02-07,2865.000000,2760.000000,2810.000000,12345
2860.000000,2860.000000,2011-02-08,2880.000000,2825.000000,2870.000000,10969
2850.000000,2850.000000,2011-02-09,2885.000000,2815.000000,2860.000000,8454
2795.000000,2795.000000,2011-02-10,2880.000000,2785.000000,2850.000000,8722
2810.000000,2810.000000,2011-02-11,2890.000000,2720.000000,2890.000000,23308
2740.000000,2740.000000,2011-02-14,2820.000000,2670.000000,2810.000000,40201
2725.000000,2725.000000,2011-02-15,2800.000000,2660.000000,2800.000000,14416
2705.000000,2705.000000,2011-02-16,2815.000000,2660.000000,2730.000000,21346
2535.000000,2535.000000,2011-02-17,2790.000000,2535.000000,2790.000000,59405
2630.000000,2630.000000,2011-02-18,2630.000000,2530.000000,2535.000000,30134
2750.000000,2750.000000,2011-02-21,2750.000000,2580.000000,2580.000000,17821
2650.000000,2650.000000,2011-02-22,2810.000000,2650.000000,2810.000000,22044
2595.000000,2595.000000,2011-02-23,2660.000000,2500.000000,2660.000000,30212
2600.000000,2600.000000,2011-02-24,2635.000000,2515.000000,2595.000000,29840
2535.000000,2535.000000,2011-02-25,2660.000000,2425.000000,2660.000000,35654
2525.000000,2525.000000,2011-02-28,2615.000000,2490.000000,2535.000000,23168
2530.000000,2530.000000,2011-03-02,2530.000000,2485.000000,2500.000000,8136
2590.000000,2590.000000,2011-03-03,2610.000000,2540.000000,2540.000000,7014
2620.000000,2620.000000,2011-03-04,2680.000000,2560.000000,2565.000000,13588
2625.000000,2625.000000,2011-03-07,2695.000000,2600.000000,2685.000000,10855
2640.000000,2640.000000,2011-03-08,2685.000000,2560.000000,2640.000000,20446
2600.000000,2600.000000,2011-03-09,2655.000000,2560.000000,2640.000000,24112
2555.000000,2555.000000,2011-03-10,2605.000000,2500.000000,2585.000000,21747
2550.000000,2550.000000,2011-03-11,2595.000000,2480.000000,2480.000000,15639
2430.000000,2430.000000,2011-03-14,2550.000000,2400.000000,2550.000000,71521
2400.000000,2400.000000,2011-03-15,2560.000000,2320.000000,2430.000000,15933
2410.000000,2410.000000,2011-03-16,2420.000000,2300.000000,2400.000000,67189
2425.000000,2425.000000,2011-03-17,2460.000000,2360.000000,2400.000000,9910
2450.000000,2450.000000,2011-03-18,2455.000000,2375.000000,2425.000000,24364
2460.000000,2460.000000,2011-03-21,2490.000000,2410.000000,2450.000000,15109
2445.000000,2445.000000,2011-03-22,2480.000000,2420.000000,2450.000000,15517
2405.000000,2405.000000,2011-03-23,2460.000000,2390.000000,2430.000000,34355
2385.000000,2385.000000,2011-03-24,2405.000000,2360.000000,2405.000000,29987
2465.000000,2465.000000,2011-03-25,2485.000000,2340.000000,2385.000000,42139
2405.000000,2405.000000,2011-03-28,2450.000000,2395.000000,2450.000000,27433
2410.000000,2410.000000,2011-03-29,2450.000000,2380.000000,2390.000000,35260
2505.000000,2505.000000,2011-03-30,2620.000000,2395.000000,2400.000000,34743
2530.000000,2530.000000,2011-03-31,2585.000000,2495.000000,2505.000000,10178
2540.000000,2540.000000,2011-04-01,2565.000000,2495.000000,2565.000000,6437
2570.000000,2570.000000,2011-04-04,2620.000000,2500.000000,2580.000000,10590
2675.000000,2675.000000,2011-04-05,2680.000000,2570.000000,2570.000000,23600
2695.000000,2695.000000,2011-04-06,2710.000000,2660.000000,2675.000000,17838
2815.000000,2815.000000,2011-04-07,2920.000000,2710.000000,2720.000000,75337
2850.000000,2850.000000,2011-04-08,2870.000000,2610.000000,2810.000000,38940
2885.000000,2885.000000,2011-04-11,2980.000000,2800.000000,2870.000000,30037
2935.000000,2935.000000,2011-04-12,2945.000000,2870.000000,2885.000000,31206
3025.000000,3025.000000,2011-04-13,3080.000000,2910.000000,2910.000000,42407
3080.000000,3080.000000,2011-04-14,3105.000000,3035.000000,3100.000000,34308
3210.000000,3210.000000,2011-04-15,3310.000000,3075.000000,3100.000000,167853
3435.000000,3435.000000,2011-04-18,3480.000000,3280.000000,3295.000000,205868
3395.000000,3395.000000,2011-04-19,3500.000000,3230.000000,3450.000000,92710
3235.000000,3235.000000,2011-04-20,3435.000000,3200.000000,3435.000000,84854
3205.000000,3205.000000,2011-04-21,3370.000000,3130.000000,3300.000000,64501
3110.000000,3110.000000,2011-04-22,3235.000000,2980.000000,3205.000000,73553
3080.000000,3080.000000,2011-04-25,3130.000000,3040.000000,3075.000000,24984
3540.000000,3540.000000,2011-04-26,3540.000000,3210.000000,3210.000000,630223
3215.000000,3215.000000,2011-04-27,3765.000000,3125.000000,3560.000000,1138684
3170.000000,3170.000000,2011-04-28,3365.000000,3150.000000,3300.000000,206098
2985.000000,2985.000000,2011-04-29,3225.000000,2900.000000,3225.000000,136882
3155.000000,3155.000000,2011-05-02,3230.000000,2900.000000,2900.000000,124216
3075.000000,3075.000000,2011-05-03,3200.000000,3035.000000,3075.000000,36498
3200.000000,3200.000000,2011-05-04,3200.000000,2990.000000,3080.000000,65165
3200.000000,3200.000000,2011-05-06,3220.000000,3100.000000,3180.000000,22944
3380.000000,3380.000000,2011-05-09,3525.000000,3200.000000,3260.000000,74879
3400.000000,3400.000000,2011-05-11,3470.000000,3300.000000,3400.000000,41148
3430.000000,3430.000000,2011-05-12,3570.000000,3320.000000,3320.000000,61292
3600.000000,3600.000000,2011-05-13,3640.000000,3365.000000,3480.000000,195552
3410.000000,3410.000000,2011-05-16,3640.000000,3410.000000,3640.000000,57491
3450.000000,3450.000000,2011-05-17,3485.000000,3360.000000,3365.000000,26135
3750.000000,3750.000000,2011-05-18,3965.000000,3450.000000,3450.000000,635837
3845.000000,3845.000000,2011-05-19,3975.000000,3640.000000,3660.000000,154877
3830.000000,3830.000000,2011-05-20,3940.000000,3740.000000,3845.000000,66194
3620.000000,3620.000000,2011-05-23,3810.000000,3460.000000,3755.000000,74340
3510.000000,3510.000000,2011-05-24,3830.000000,3460.000000,3565.000000,61588
3740.000000,3740.000000,2011-05-25,3810.000000,3500.000000,3600.000000,86752
3740.000000,3740.000000,2011-05-26,3845.000000,3655.000000,3750.000000,25032
4100.000000,4100.000000,2011-05-27,4190.000000,3720.000000,3950.000000,148955
3975.000000,3975.000000,2011-05-30,4100.000000,3815.000000,4095.000000,80012
4090.000000,4090.000000,2011-05-31,4130.000000,3845.000000,3975.000000,92381
3995.000000,3995.000000,2011-06-01,4185.000000,3915.000000,4080.000000,54206
3935.000000,3935.000000,2011-06-02,4000.000000,3820.000000,3870.000000,25799
3915.000000,3915.000000,2011-06-03,4000.000000,3810.000000,3875.000000,55434
3900.000000,3900.000000,2011-06-07,3935.000000,3810.000000,3925.000000,31652
3820.000000,3820.000000,2011-06-08,3915.000000,3710.000000,3915.000000,37165
3670.000000,3670.000000,2011-06-09,3850.000000,3640.000000,3850.000000,52031
3495.000000,3495.000000,2011-06-10,3745.000000,3495.000000,3630.000000,50637
3350.000000,3350.000000,2011-06-13,3500.000000,3260.000000,3500.000000,68066
3330.000000,3330.000000,2011-06-14,3500.000000,3300.000000,3350.000000,52482
3440.000000,3440.000000,2011-06-15,3440.000000,3275.000000,3305.000000,49673
3600.000000,3600.000000,2011-06-16,3610.000000,3365.000000,3430.000000,35253
3595.000000,3595.000000,2011-06-17,3680.000000,3390.000000,3630.000000,13252
3500.000000,3500.000000,2011-06-20,3670.000000,3495.000000,3670.000000,12370
3385.000000,3385.000000,2011-06-21,3640.000000,3360.000000,3640.000000,27633
3370.000000,3370.000000,2011-06-22,3440.000000,3350.000000,3380.000000,27507
3470.000000,3470.000000,2011-06-23,3480.000000,3355.000000,3355.000000,12323
3490.000000,3490.000000,2011-06-24,3650.000000,3455.000000,3575.000000,29518
3750.000000,3750.000000,2011-06-27,3845.000000,3465.000000,3590.000000,76265
3680.000000,3680.000000,2011-06-28,3830.000000,3635.000000,3830.000000,55506
3500.000000,3500.000000,2011-06-29,3730.000000,3450.000000,3615.000000,51221
3510.000000,3510.000000,2011-06-30,3590.000000,3460.000000,3590.000000,32856
3515.000000,3515.000000,2011-07-01,3585.000000,3410.000000,3500.000000,24116
3540.000000,3540.000000,2011-07-04,3590.000000,3490.000000,3515.000000,33107
3915.000000,3915.000000,2011-07-05,3935.000000,3545.000000,3625.000000,186706
3845.000000,3845.000000,2011-07-06,4050.000000,3815.000000,3915.000000,134880
3900.000000,3900.000000,2011-07-07,3945.000000,3755.000000,3845.000000,103008
3905.000000,3905.000000,2011-07-08,3990.000000,3880.000000,3980.000000,77110
3915.000000,3915.000000,2011-07-11,3960.000000,3820.000000,3960.000000,35325
3690.000000,3690.000000,2011-07-12,4180.000000,3690.000000,3905.000000,296687
3835.000000,3835.000000,2011-07-13,3835.000000,3685.000000,3715.000000,98763
4050.000000,4050.000000,2011-07-14,4140.000000,3785.000000,3785.000000,233572
4030.000000,4030.000000,2011-07-15,4175.000000,3995.000000,4150.000000,110072
4050.000000,4050.000000,2011-07-18,4165.000000,4000.000000,4030.000000,104225
4100.000000,4100.000000,2011-07-19,4150.000000,4015.000000,4150.000000,90225
4450.000000,4450.000000,2011-07-20,4695.000000,4155.000000,4185.000000,419713
4125.000000,4125.000000,2011-07-21,4450.000000,4125.000000,4450.000000,210792
4040.000000,4040.000000,2011-07-22,4230.000000,3925.000000,4130.000000,160324
3960.000000,3960.000000,2011-07-25,4165.000000,3955.000000,4160.000000,73099
4295.000000,4295.000000,2011-07-26,4370.000000,3975.000000,3975.000000,166798
4295.000000,4295.000000,2011-07-27,4460.000000,4115.000000,4215.000000,138106
4130.000000,4130.000000,2011-07-28,4480.000000,4130.000000,4480.000000,173856
4200.000000,4200.000000,2011-07-29,4450.000000,4165.000000,4260.000000,131960
4190.000000,4190.000000,2011-08-01,4290.000000,4160.000000,4240.000000,96979
4170.000000,4170.000000,2011-08-02,4285.000000,4095.000000,4180.000000,119072
3955.000000,3955.000000,2011-08-03,4105.000000,3885.000000,4030.000000,151079
3540.000000,3540.000000,2011-08-04,4060.000000,3525.000000,4060.000000,252806
4005.000000,4005.000000,2011-08-05,4070.000000,3230.000000,3360.000000,1085165
3600.000000,3600.000000,2011-08-08,4005.000000,3420.000000,3800.000000,589987
3645.000000,3645.000000,2011-08-09,3720.000000,3060.000000,3570.000000,317675
4000.000000,4000.000000,2011-08-10,4150.000000,3650.000000,3890.000000,757905
4415.000000,4415.000000,2011-08-11,4600.000000,3890.000000,4010.000000,2762429
4590.000000,4590.000000,2011-08-12,4980.000000,4500.000000,4600.000000,1432622
5270.000000,5270.000000,2011-08-16,5270.000000,4725.000000,4900.000000,1179656
5570.000000,5570.000000,2011-08-17,5930.000000,5370.000000,5470.000000,1420487
5560.000000,5560.000000,2011-08-18,5720.000000,5160.000000,5680.000000,885925
5730.000000,5730.000000,2011-08-19,6130.000000,5100.000000,5300.000000,1282737
5000.000000,5000.000000,2011-08-22,6500.000000,4935.000000,5950.000000,2078961
5750.000000,5750.000000,2011-08-23,5750.000000,5260.000000,5360.000000,1561942
5740.000000,5740.000000,2011-08-24,6420.000000,5540.000000,6230.000000,2336949
6500.000000,6500.000000,2011-08-25,6500.000000,5800.000000,5890.000000,1869676
7470.000000,7470.000000,2011-08-26,7470.000000,6440.000000,6590.000000,2452818
7630.000000,7630.000000,2011-08-29,7990.000000,7330.000000,7640.000000,2582084
7250.000000,7250.000000,2011-08-30,7720.000000,7050.000000,7600.000000,1749086
6900.000000,6900.000000,2011-08-31,7850.000000,6800.000000,7430.000000,2339872
7150.000000,7150.000000,2011-09-01,7170.000000,6750.000000,7030.000000,1550366
6960.000000,6960.000000,2011-09-02,7190.000000,6780.000000,7100.000000,676367
6520.000000,6520.000000,2011-09-05,6970.000000,6520.000000,6690.000000,610725
6100.000000,6100.000000,2011-09-06,6880.000000,5950.000000,6400.000000,1300720
6300.000000,6300.000000,2011-09-07,6450.000000,6160.000000,6350.000000,763218
6700.000000,6700.000000,2011-09-08,7150.000000,5980.000000,6350.000000,1962139
6640.000000,6640.000000,2011-09-09,7060.000000,6530.000000,6710.000000,750774
6090.000000,6090.000000,2011-09-14,6830.000000,5900.000000,6640.000000,534352
5750.000000,5750.000000,2011-09-15,6380.000000,5510.000000,6250.000000,748053
6390.000000,6390.000000,2011-09-16,6520.000000,5980.000000,6000.000000,720543
6570.000000,6570.000000,2011-09-19,7110.000000,6430.000000,6530.000000,1648887
6440.000000,6440.000000,2011-09-20,6630.000000,6250.000000,6470.000000,498599
6550.000000,6550.000000,2011-09-21,6770.000000,6400.000000,6450.000000,419776
6050.000000,6050.000000,2011-09-22,6330.000000,5900.000000,6120.000000,588958
5710.000000,5710.000000,2011-09-23,5970.000000,5330.000000,5600.000000,424518
4930.000000,4930.000000,2011-09-26,5840.000000,4860.000000,5710.000000,395557
5470.000000,5470.000000,2011-09-27,5600.000000,4935.000000,4935.000000,306013
5720.000000,5720.000000,2011-09-28,5870.000000,5550.000000,5570.000000,246106
5880.000000,5880.000000,2011-09-29,5980.000000,5600.000000,5800.000000,235524
6040.000000,6040.000000,2011-09-30,6070.000000,5770.000000,5820.000000,180804
6370.000000,6370.000000,2011-10-04,6370.000000,5530.000000,5690.000000,242775
6020.000000,6020.000000,2011-10-05,6630.000000,6020.000000,6560.000000,258269
5900.000000,5900.000000,2011-10-06,6390.000000,5760.000000,6200.000000,227362
6400.000000,6400.000000,2011-10-07,6780.000000,5860.000000,6110.000000,969618
6970.000000,6970.000000,2011-10-10,7190.000000,6630.000000,6680.000000,941084
6970.000000,6970.000000,2011-10-11,7210.000000,6820.000000,7200.000000,338728
7300.000000,7300.000000,2011-10-12,7620.000000,6950.000000,6970.000000,650682
7000.000000,7000.000000,2011-10-13,7500.000000,6910.000000,7330.000000,634794
6760.000000,6760.000000,2011-10-14,7000.000000,6620.000000,7000.000000,329933
7070.000000,7070.000000,2011-10-17,7350.000000,6860.000000,6960.000000,402604
6900.000000,6900.000000,2011-10-18,7350.000000,6790.000000,6920.000000,415128
6810.000000,6810.000000,2011-10-19,7130.000000,6700.000000,7070.000000,361406
6610.000000,6610.000000,2011-10-20,6940.000000,6510.000000,6810.000000,311242
6940.000000,6940.000000,2011-10-21,6940.000000,6570.000000,6720.000000,336141
6920.000000,6920.000000,2011-10-24,7320.000000,6820.000000,7090.000000,599061
7340.000000,7340.000000,2011-10-25,7440.000000,6950.000000,7140.000000,650873
8440.000000,8440.000000,2011-10-26,8440.000000,7370.000000,7430.000000,1084905
8780.000000,8780.000000,2011-10-27,9200.000000,8540.000000,8850.000000,1669388
8170.000000,8170.000000,2011-10-28,9000.000000,8120.000000,9000.000000,671561
8190.000000,8190.000000,2011-10-31,8760.000000,8090.000000,8370.000000,701486
8670.000000,8670.000000,2011-11-01,8890.000000,7950.000000,8100.000000,1008218
8340.000000,8340.000000,2011-11-02,8710.000000,8210.000000,8380.000000,744057
7880.000000,7880.000000,2011-11-03,8580.000000,7700.000000,8300.000000,605818
8100.000000,8100.000000,2011-11-04,8230.000000,7940.000000,7940.000000,290683
8410.000000,8410.000000,2011-11-07,8540.000000,8140.000000,8140.000000,307030
8080.000000,8080.000000,2011-11-08,8670.000000,8000.000000,8560.000000,831013
7980.000000,7980.000000,2011-11-09,8320.000000,7770.000000,8210.000000,296938
7420.000000,7420.000000,2011-11-10,8080.000000,7100.000000,8000.000000,382458
7930.000000,7930.000000,2011-11-11,8060.000000,7550.000000,7650.000000,263800
8460.000000,8460.000000,2011-11-14,8700.000000,8190.000000,8330.000000,685872
8300.000000,8300.000000,2011-11-15,8880.000000,8150.000000,8880.000000,283418
7900.000000,7900.000000,2011-11-16,8380.000000,7900.000000,8320.000000,254614
8500.000000,8500.000000,2011-11-17,8960.000000,7700.000000,8020.000000,536210
8510.000000,8510.000000,2011-11-18,8660.000000,8260.000000,8360.000000,330713
8100.000000,8100.000000,2011-11-21,8510.000000,8100.000000,8510.000000,210801
8030.000000,8030.000000,2011-11-22,8200.000000,7860.000000,7910.000000,154542
7900.000000,7900.000000,2011-11-23,8230.000000,7740.000000,8100.000000,201996
7780.000000,7780.000000,2011-11-24,8100.000000,7720.000000,7800.000000,185842
7730.000000,7730.000000,2011-11-25,8140.000000,7440.000000,8100.000000,239266
7610.000000,7610.000000,2011-11-28,7830.000000,7590.000000,7730.000000,183539
7760.000000,7760.000000,2011-11-29,7900.000000,7460.000000,7650.000000,234780
7490.000000,7490.000000,2011-11-30,7950.000000,7400.000000,7860.000000,163559
7410.000000,7410.000000,2011-12-01,7660.000000,7230.000000,7440.000000,271656
7410.000000,7410.000000,2011-12-02,7440.000000,7190.000000,7400.000000,176426
7490.000000,7490.000000,2011-12-05,7580.000000,7410.000000,7500.000000,98910
7320.000000,7320.000000,2011-12-06,7560.000000,7320.000000,7560.000000,80856
7320.000000,7320.000000,2011-12-07,7700.000000,7290.000000,7400.000000,195546
7370.000000,7370.000000,2011-12-08,7510.000000,7250.000000,7300.000000,116495
7390.000000,7390.000000,2011-12-09,7670.000000,7300.000000,7300.000000,165154
7080.000000,7080.000000,2011-12-12,7690.000000,6290.000000,7480.000000,263506
7350.000000,7350.000000,2011-12-13,7410.000000,6770.000000,7050.000000,213221
7370.000000,7370.000000,2011-12-14,7400.000000,7180.000000,7340.000000,87234
7250.000000,7250.000000,2011-12-15,7370.000000,6970.000000,7370.000000,130873
7300.000000,7300.000000,2011-12-16,7360.000000,7140.000000,7360.000000,111698
6950.000000,6950.000000,2011-12-19,7470.000000,6810.000000,7300.000000,216802
7230.000000,7230.000000,2011-12-20,7230.000000,6880.000000,6880.000000,123993
7890.000000,7890.000000,2011-12-21,8110.000000,7280.000000,7390.000000,601299
8050.000000,8050.000000,2011-12-22,8300.000000,7800.000000,8000.000000,275665
7950.000000,7950.000000,2011-12-23,8280.000000,7830.000000,8230.000000,169686
7650.000000,7650.000000,2011-12-26,8000.000000,7650.000000,7890.000000,110902
7500.000000,7500.000000,2011-12-27,7830.000000,7350.000000,7620.000000,96354
7300.000000,7300.000000,2011-12-28,7570.000000,7270.000000,7420.000000,63855
7330.000000,7330.000000,2011-12-29,7450.000000,7060.000000,7250.000000,81624
7700.000000,7700.000000,2012-01-02,7860.000000,7300.000000,7340.000000,120794
7630.000000,7630.000000,2012-01-03,7900.000000,7620.000000,7710.000000,139799
7690.000000,7690.000000,2012-01-04,7730.000000,7470.000000,7650.000000,129957
8150.000000,8150.000000,2012-01-05,8530.000000,7670.000000,7710.000000,883759
7750.000000,7750.000000,2012-01-06,8160.000000,7730.000000,8160.000000,222637
7360.000000,7360.000000,2012-01-09,7760.000000,7310.000000,7760.000000,181664
7360.000000,7360.000000,2012-01-10,7580.000000,7360.000000,7550.000000,136132
7170.000000,7170.000000,2012-01-11,7460.000000,7090.000000,7390.000000,217985
6970.000000,6970.000000,2012-01-12,7200.000000,6950.000000,7200.000000,149031
7030.000000,7030.000000,2012-01-13,7190.000000,6940.000000,7000.000000,94511
6860.000000,6860.000000,2012-01-16,7030.000000,6850.000000,6900.000000,76660
6670.000000,6670.000000,2012-01-17,7000.000000,6610.000000,6840.000000,176428
6920.000000,6920.000000,2012-01-18,7040.000000,6750.000000,6750.000000,144201
6840.000000,6840.000000,2012-01-19,7080.000000,6750.000000,7080.000000,133793
6840.000000,6840.000000,2012-01-20,6910.000000,6550.000000,6910.000000,158940
6770.000000,6770.000000,2012-01-25,6960.000000,6710.000000,6840.000000,71104
6780.000000,6780.000000,2012-01-26,6850.000000,6550.000000,6780.000000,194575
6740.000000,6740.000000,2012-01-27,6870.000000,6600.000000,6680.000000,106811
6870.000000,6870.000000,2012-01-30,6880.000000,6650.000000,6740.000000,73149
6810.000000,6810.000000,2012-01-31,6880.000000,6770.000000,6770.000000,30781
6750.000000,6750.000000,2012-02-01,6920.000000,6710.000000,6810.000000,67405
6660.000000,6660.000000,2012-02-02,6830.000000,6650.000000,6760.000000,69554
6450.000000,6450.000000,2012-02-03,6670.000000,6450.000000,6640.000000,109006
6200.000000,6200.000000,2012-02-06,6550.000000,5980.000000,6460.000000,136964
6090.000000,6090.000000,2012-02-07,6230.000000,5960.000000,6230.000000,117713
6300.000000,6300.000000,2012-02-08,6890.000000,6090.000000,6090.000000,469316
6250.000000,6250.000000,2012-02-09,6520.000000,6250.000000,6300.000000,111731
6420.000000,6420.000000,2012-02-10,6480.000000,6080.000000,6360.000000,91574
6460.000000,6460.000000,2012-02-13,6520.000000,6370.000000,6480.000000,51973
6700.000000,6700.000000,2012-02-14,6870.000000,6270.000000,6460.000000,389509
6680.000000,6680.000000,2012-02-15,6880.000000,6450.000000,6880.000000,154382
6600.000000,6600.000000,2012-02-16,6730.000000,6540.000000,6730.000000,60916
6330.000000,6330.000000,2012-02-17,6660.000000,6080.000000,6490.000000,242568
6180.000000,6180.000000,2012-02-20,6400.000000,6150.000000,6400.000000,79499
6290.000000,6290.000000,2012-02-21,6320.000000,6060.000000,6170.000000,72094
6190.000000,6190.000000,2012-02-22,6330.000000,6180.000000,6270.000000,49237
6200.000000,6200.000000,2012-02-23,6420.000000,6140.000000,6190.000000,57259
6200.000000,6200.000000,2012-02-24,6390.000000,6180.000000,6360.000000,72801
6310.000000,6310.000000,2012-02-27,6370.000000,6120.000000,6250.000000,89324
6110.000000,6110.000000,2012-02-28,6600.000000,6100.000000,6310.000000,186549
6100.000000,6100.000000,2012-02-29,6190.000000,6020.000000,6130.000000,69537
6140.000000,6140.000000,2012-03-02,6170.000000,6030.000000,6170.000000,36870
6140.000000,6140.000000,2012-03-05,6320.000000,6080.000000,6100.000000,59771
6140.000000,6140.000000,2012-03-06,6290.000000,6040.000000,6110.000000,59886
6000.000000,6000.000000,2012-03-07,6100.000000,5950.000000,6100.000000,52807
5840.000000,5840.000000,2012-03-08,6080.000000,5840.000000,6000.000000,49035
5810.000000,5810.000000,2012-03-09,6010.000000,5680.000000,6000.000000,85618
5700.000000,5700.000000,2012-03-12,5930.000000,5700.000000,5810.000000,59933
5630.000000,5630.000000,2012-03-13,5830.000000,5630.000000,5700.000000,26498
5670.000000,5670.000000,2012-03-14,5790.000000,5640.000000,5640.000000,53513
5640.000000,5640.000000,2012-03-15,5810.000000,5640.000000,5810.000000,26062
6080.000000,6080.000000,2012-03-16,6080.000000,5650.000000,5800.000000,124785
6020.000000,6020.000000,2012-03-19,6160.000000,6010.000000,6120.000000,56132
5910.000000,5910.000000,2012-03-20,6040.000000,5850.000000,6030.000000,41947
5800.000000,5800.000000,2012-03-21,5980.000000,5720.000000,5980.000000,51449
5760.000000,5760.000000,2012-03-22,5860.000000,5670.000000,5780.000000,41059
5810.000000,5810.000000,2012-03-23,5870.000000,5690.000000,5700.000000,22763
5680.000000,5680.000000,2012-03-26,5910.000000,5680.000000,5800.000000,24821
5600.000000,5600.000000,2012-03-27,5720.000000,5540.000000,5700.000000,31209
5500.000000,5500.000000,2012-03-28,5640.000000,5370.000000,5640.000000,58306
5380.000000,5380.000000,2012-03-29,5630.000000,5000.000000,5410.000000,68008
5550.000000,5550.000000,2012-03-30,5570.000000,5300.000000,5360.000000,37811
5780.000000,5780.000000,2012-04-02,6020.000000,5580.000000,5620.000000,117954
5630.000000,5630.000000,2012-04-03,5970.000000,5600.000000,5800.000000,55583
5610.000000,5610.000000,2012-04-04,5670.000000,5400.000000,5630.000000,31666
5450.000000,5450.000000,2012-04-05,5680.000000,5330.000000,5360.000000,63761
5600.000000,5600.000000,2012-04-06,5720.000000,5500.000000,5500.000000,20581
5360.000000,5360.000000,2012-04-09,5680.000000,5360.000000,5510.000000,54447
5460.000000,5460.000000,2012-04-10,5530.000000,5230.000000,5230.000000,27031
5340.000000,5340.000000,2012-04-12,5580.000000,5310.000000,5460.000000,26778
5620.000000,5620.000000,2012-04-13,5730.000000,5400.000000,5470.000000,46919
5700.000000,5700.000000,2012-04-16,5710.000000,5500.000000,5550.000000,29650
5700.000000,5700.000000,2012-04-17,5860.000000,5650.000000,5700.000000,25760
5790.000000,5790.000000,2012-04-18,5880.000000,5710.000000,5850.000000,16447
5750.000000,5750.000000,2012-04-19,5850.000000,5610.000000,5850.000000,22251
5730.000000,5730.000000,2012-04-20,5810.000000,5660.000000,5800.000000,9476
5730.000000,5730.000000,2012-04-23,5800.000000,5640.000000,5780.000000,24412
5700.000000,5700.000000,2012-04-24,5700.000000,5500.000000,5690.000000,32382
5650.000000,5650.000000,2012-04-25,5840.000000,5610.000000,5700.000000,33350
5650.000000,5650.000000,2012-04-26,5780.000000,5590.000000,5780.000000,29445
5750.000000,5750.000000,2012-04-27,5770.000000,5610.000000,5610.000000,49308
5750.000000,5750.000000,2012-04-30,5800.000000,5650.000000,5790.000000,34330
5740.000000,5740.000000,2012-05-02,5790.000000,5590.000000,5700.000000,37480
5890.000000,5890.000000,2012-05-03,6020.000000,5640.000000,5720.000000,95222
5910.000000,5910.000000,2012-05-04,5980.000000,5790.000000,5980.000000,29126
5600.000000,5600.000000,2012-05-07,5850.000000,5600.000000,5800.000000,46778
5620.000000,5620.000000,2012-05-08,5690.000000,5600.000000,5620.000000,21643
5550.000000,5550.000000,2012-05-09,5640.000000,5470.000000,5600.000000,34701
5550.000000,5550.000000,2012-05-10,5640.000000,5410.000000,5500.000000,24381
5550.000000,5550.000000,2012-05-11,5710.000000,5480.000000,5480.000000,26714
4970.000000,4970.000000,2012-05-14,5500.000000,4955.000000,5450.000000,135077
4950.000000,4950.000000,2012-05-15,5050.000000,4815.000000,4830.000000,71779
5040.000000,5040.000000,2012-05-16,5170.000000,4865.000000,4950.000000,51533
5100.000000,5100.000000,2012-05-17,5110.000000,4930.000000,4930.000000,23306
4800.000000,4800.000000,2012-05-18,5070.000000,4730.000000,4900.000000,39467
4750.000000,4750.000000,2012-05-21,4785.000000,4615.000000,4615.000000,53235
4980.000000,4980.000000,2012-05-22,4980.000000,4830.000000,4840.000000,10872
4920.000000,4920.000000,2012-05-23,4920.000000,4755.000000,4900.000000,20223
4915.000000,4915.000000,2012-05-24,5000.000000,4815.000000,5000.000000,7018
4820.000000,4820.000000,2012-05-25,4950.000000,4755.000000,4950.000000,26664
5090.000000,5090.000000,2012-05-29,5230.000000,4750.000000,4800.000000,76458
5080.000000,5080.000000,2012-05-30,5500.000000,5050.000000,5270.000000,118235
5070.000000,5070.000000,2012-05-31,5190.000000,4900.000000,5020.000000,29371
5150.000000,5150.000000,2012-06-01,5200.000000,4930.000000,5120.000000,33244
4800.000000,4800.000000,2012-06-04,5060.000000,4620.000000,4965.000000,34037
4735.000000,4735.000000,2012-06-05,5010.000000,4725.000000,5010.000000,31045
4685.000000,4685.000000,2012-06-07,4850.000000,4685.000000,4770.000000,34644
4560.000000,4560.000000,2012-06-08,4650.000000,4395.000000,4595.000000,74274
4560.000000,4560.000000,2012-06-11,4650.000000,4470.000000,4575.000000,60835
4420.000000,4420.000000,2012-06-12,4545.000000,4410.000000,4545.000000,39531
4320.000000,4320.000000,2012-06-13,4475.000000,4245.000000,4475.000000,57877
4340.000000,4340.000000,2012-06-14,4350.000000,4265.000000,4275.000000,26510
4390.000000,4390.000000,2012-06-15,4460.000000,4300.000000,4340.000000,24586
4475.000000,4475.000000,2012-06-18,4500.000000,4360.000000,4390.000000,19645
4480.000000,4480.000000,2012-06-19,4505.000000,4365.000000,4465.000000,22844
4500.000000,4500.000000,2012-06-20,4575.000000,4425.000000,4575.000000,29910
4530.000000,4530.000000,2012-06-21,4550.000000,4400.000000,4465.000000,48472
4530.000000,4530.000000,2012-06-22,4620.000000,4460.000000,4460.000000,18382
4385.000000,4385.000000,2012-06-25,4530.000000,4385.000000,4515.000000,18368
4380.000000,4380.000000,2012-06-26,4425.000000,4300.000000,4370.000000,13275
4500.000000,4500.000000,2012-06-27,4580.000000,4380.000000,4520.000000,27126
4810.000000,4810.000000,2012-06-28,5170.000000,4390.000000,4580.000000,154565
4825.000000,4825.000000,2012-06-29,4845.000000,4720.000000,4720.000000,29647
4765.000000,4765.000000,2012-07-02,4900.000000,4720.000000,4900.000000,14396
4725.000000,4725.000000,2012-07-03,4830.000000,4700.000000,4715.000000,30126
4715.000000,4715.000000,2012-07-04,4815.000000,4680.000000,4780.000000,25181
4735.000000,4735.000000,2012-07-05,4755.000000,4600.000000,4710.000000,22353
4790.000000,4790.000000,2012-07-06,4840.000000,4580.000000,4840.000000,43990
4870.000000,4870.000000,2012-07-09,5380.000000,4850.000000,5380.000000,123163
4770.000000,4770.000000,2012-07-10,4945.000000,4710.000000,4800.000000,36058
4665.000000,4665.000000,2012-07-11,4800.000000,4660.000000,4780.000000,13883
4610.000000,4610.000000,2012-07-12,4750.000000,4610.000000,4670.000000,13431
4545.000000,4545.000000,2012-07-13,4645.000000,4265.000000,4490.000000,30126
4400.000000,4400.000000,2012-07-16,4635.000000,4400.000000,4515.000000,28548
4390.000000,4390.000000,2012-07-17,4405.000000,4235.000000,4360.000000,38899
4525.000000,4525.000000,2012-07-18,4665.000000,4390.000000,4395.000000,52619
4945.000000,4945.000000,2012-07-19,4950.000000,4515.000000,4515.000000,104111
4980.000000,4980.000000,2012-07-20,5100.000000,4900.000000,4945.000000,52020
4775.000000,4775.000000,2012-07-23,4950.000000,4520.000000,4950.000000,56908
4720.000000,4720.000000,2012-07-24,4840.000000,4650.000000,4840.000000,45804
4760.000000,4760.000000,2012-07-25,4795.000000,4650.000000,4750.000000,45568
4690.000000,4690.000000,2012-07-26,4775.000000,4640.000000,4760.000000,14150
4830.000000,4830.000000,2012-07-27,4950.000000,4705.000000,4705.000000,54493
4895.000000,4895.000000,2012-07-30,4985.000000,4755.000000,4940.000000,32887
4865.000000,4865.000000,2012-07-31,4985.000000,4790.000000,4985.000000,37556
4715.000000,4715.000000,2012-08-01,4835.000000,4655.000000,4810.000000,55348
4665.000000,4665.000000,2012-08-02,4770.000000,4630.000000,4650.000000,33209
4580.000000,4580.000000,2012-08-03,4730.000000,4580.000000,4630.000000,28020
4695.000000,4695.000000,2012-08-06,4695.000000,4540.000000,4580.000000,28490
4575.000000,4575.000000,2012-08-07,4720.000000,4575.000000,4690.000000,24096
4465.000000,4465.000000,2012-08-08,4610.000000,4460.000000,4575.000000,52975
4470.000000,4470.000000,2012-08-09,4605.000000,4410.000000,4605.000000,28031
4460.000000,4460.000000,2012-08-10,4585.000000,4420.000000,4585.000000,20759
4510.000000,4510.000000,2012-08-13,4540.000000,4395.000000,4415.000000,30262
4480.000000,4480.000000,2012-08-14,4550.000000,4470.000000,4480.000000,36773
4405.000000,4405.000000,2012-08-16,4465.000000,4400.000000,4430.000000,47455
4585.000000,4585.000000,2012-08-17,4700.000000,4410.000000,4410.000000,87569
4495.000000,4495.000000,2012-08-20,4640.000000,4460.000000,4580.000000,66256
4495.000000,4495.000000,2012-08-21,4600.000000,4480.000000,4495.000000,56395
4785.000000,4785.000000,2012-08-22,4830.000000,4450.000000,4540.000000,203654
5420.000000,5420.000000,2012-08-23,5450.000000,4785.000000,4785.000000,395582
5420.000000,5420.000000,2012-08-24,5550.000000,5200.000000,5330.000000,186256
5350.000000,5350.000000,2012-08-27,5470.000000,5260.000000,5470.000000,114538
5200.000000,5200.000000,2012-08-28,5400.000000,5190.000000,5400.000000,99108
5710.000000,5710.000000,2012-08-29,5860.000000,5200.000000,5200.000000,347054
5730.000000,5730.000000,2012-08-30,5870.000000,5550.000000,5790.000000,156637
5650.000000,5650.000000,2012-08-31,5740.000000,5610.000000,5610.000000,96812
5830.000000,5830.000000,2012-09-03,6010.000000,5600.000000,5680.000000,207820
5900.000000,5900.000000,2012-09-04,6100.000000,5770.000000,5970.000000,172889
5900.000000,5900.000000,2012-09-05,5980.000000,5750.000000,5980.000000,86977
6050.000000,6050.000000,2012-09-06,6150.000000,5830.000000,5830.000000,148325
6210.000000,6210.000000,2012-09-07,6460.000000,6070.000000,6070.000000,246755
6380.000000,6380.000000,2012-09-10,6550.000000,6200.000000,6200.000000,186408
6210.000000,6210.000000,2012-09-11,6460.000000,6190.000000,6460.000000,133443
6330.000000,6330.000000,2012-09-12,6460.000000,6250.000000,6250.000000,106007
5850.000000,5850.000000,2012-09-13,6450.000000,5800.000000,6450.000000,235776
5500.000000,5500.000000,2012-09-14,5950.000000,5470.000000,5860.000000,304110
5400.000000,5400.000000,2012-09-17,5580.000000,5190.000000,5500.000000,205133
5490.000000,5490.000000,2012-09-18,5570.000000,5340.000000,5340.000000,86626
5690.000000,5690.000000,2012-09-19,5710.000000,5410.000000,5500.000000,129408
5650.000000,5650.000000,2012-09-20,5820.000000,5550.000000,5770.000000,149849
5570.000000,5570.000000,2012-09-21,5650.000000,5430.000000,5650.000000,106933
5970.000000,5970.000000,2012-09-24,5970.000000,5500.000000,5500.000000,219416
6100.000000,6100.000000,2012-09-25,6330.000000,5940.000000,5940.000000,367174
6670.000000,6670.000000,2012-09-26,6890.000000,5920.000000,5950.000000,792274
6600.000000,6600.000000,2012-09-27,6790.000000,6400.000000,6660.000000,255035
6540.000000,6540.000000,2012-09-28,6860.000000,6500.000000,6600.000000,223647
6230.000000,6230.000000,2012-10-02,6600.000000,6230.000000,6510.000000,127822
6650.000000,6650.000000,2012-10-04,6710.000000,6200.000000,6230.000000,252531
6700.000000,6700.000000,2012-10-05,6760.000000,6470.000000,6650.000000,203139
6980.000000,6980.000000,2012-10-08,7050.000000,6850.000000,6920.000000,514293
6970.000000,6970.000000,2012-10-09,7330.000000,6940.000000,7050.000000,381644
6880.000000,6880.000000,2012-10-10,7060.000000,6770.000000,6990.000000,192412
6900.000000,6900.000000,2012-10-11,7000.000000,6710.000000,6960.000000,205802
6940.000000,6940.000000,2012-10-12,7130.000000,6750.000000,7010.000000,144748
6570.000000,6570.000000,2012-10-15,6950.000000,6350.000000,6940.000000,415204
6530.000000,6530.000000,2012-10-16,6670.000000,6320.000000,6670.000000,97712
6490.000000,6490.000000,2012-10-17,6740.000000,6490.000000,6560.000000,172024
6180.000000,6180.000000,2012-10-18,6600.000000,6150.000000,6410.000000,142094
6190.000000,6190.000000,2012-10-19,6260.000000,5870.000000,6110.000000,58540
6000.000000,6000.000000,2012-10-22,6300.000000,5910.000000,6190.000000,159257
6220.000000,6220.000000,2012-10-23,6390.000000,5960.000000,6010.000000,125925
6050.000000,6050.000000,2012-10-24,6370.000000,5930.000000,6150.000000,124621
5860.000000,5860.000000,2012-10-25,6190.000000,5860.000000,6050.000000,71696
5750.000000,5750.000000,2012-10-26,5940.000000,5540.000000,5940.000000,84808
5600.000000,5600.000000,2012-10-29,5860.000000,5360.000000,5790.000000,112868
5320.000000,5320.000000,2012-10-30,5620.000000,5290.000000,5520.000000,137223
5270.000000,5270.000000,2012-10-31,5530.000000,4995.000000,5320.000000,172504
5080.000000,5080.000000,2012-11-01,5320.000000,5000.000000,5320.000000,139569
5480.000000,5480.000000,2012-11-02,5650.000000,5080.000000,5100.000000,199977
5400.000000,5400.000000,2012-11-05,5560.000000,5310.000000,5480.000000,93632
5680.000000,5680.000000,2012-11-06,5850.000000,5300.000000,5440.000000,183617
5670.000000,5670.000000,2012-11-07,5780.000000,5480.000000,5780.000000,71403
5550.000000,5550.000000,2012-11-08,5680.000000,5450.000000,5580.000000,54765
5450.000000,5450.000000,2012-11-09,5630.000000,5400.000000,5550.000000,34920
5280.000000,5280.000000,2012-11-12,5450.000000,5210.000000,5450.000000,70916
5010.000000,5010.000000,2012-11-13,5280.000000,5000.000000,5190.000000,119931
4805.000000,4805.000000,2012-11-14,5020.000000,4700.000000,5000.000000,105046
4835.000000,4835.000000,2012-11-15,5050.000000,4750.000000,4780.000000,121764
4810.000000,4810.000000,2012-11-16,4975.000000,4725.000000,4800.000000,45325
5050.000000,5050.000000,2012-11-19,5150.000000,4810.000000,4810.000000,41488
5000.000000,5000.000000,2012-11-20,5190.000000,4900.000000,5190.000000,45141
5010.000000,5010.000000,2012-11-21,5070.000000,4940.000000,4970.000000,17407
5070.000000,5070.000000,2012-11-22,5150.000000,4915.000000,5000.000000,49339
4995.000000,4995.000000,2012-11-23,5080.000000,4870.000000,5060.000000,47587
4980.000000,4980.000000,2012-11-26,5030.000000,4760.000000,4980.000000,63722
4895.000000,4895.000000,2012-11-27,5020.000000,4815.000000,4950.000000,24459
4725.000000,4725.000000,2012-11-28,5000.000000,4725.000000,5000.000000,35625
4700.000000,4700.000000,2012-11-29,4910.000000,4600.000000,4770.000000,54484
4705.000000,4705.000000,2012-11-30,4770.000000,4625.000000,4700.000000,14351
4500.000000,4500.000000,2012-12-03,4710.000000,4495.000000,4600.000000,43399
4615.000000,4615.000000,2012-12-04,4615.000000,4390.000000,4480.000000,60508
4570.000000,4570.000000,2012-12-05,4695.000000,4535.000000,4600.000000,13215
4420.000000,4420.000000,2012-12-06,4640.000000,4405.000000,4535.000000,26049
4300.000000,4300.000000,2012-12-07,4495.000000,4100.000000,4420.000000,66164
4220.000000,4220.000000,2012-12-10,4300.000000,4080.000000,4300.000000,121837
4350.000000,4350.000000,2012-12-11,4390.000000,4155.000000,4250.000000,50817
4200.000000,4200.000000,2012-12-12,4350.000000,4180.000000,4350.000000,31238
4350.000000,4350.000000,2012-12-13,4380.000000,4195.000000,4200.000000,37537
4640.000000,4640.000000,2012-12-14,4690.000000,4345.000000,4345.000000,64923
4580.000000,4580.000000,2012-12-17,4740.000000,4505.000000,4505.000000,44770
4500.000000,4500.000000,2012-12-18,4590.000000,4480.000000,4515.000000,32076
4400.000000,4400.000000,2012-12-20,4635.000000,4400.000000,4525.000000,18230
4395.000000,4395.000000,2012-12-21,4500.000000,4280.000000,4500.000000,21360
4355.000000,4355.000000,2012-12-24,4395.000000,4315.000000,4395.000000,32509
4370.000000,4370.000000,2012-12-26,4470.000000,4305.000000,4305.000000,21843
4330.000000,4330.000000,2012-12-27,4490.000000,4290.000000,4370.000000,32594
4555.000000,4555.000000,2012-12-28,4570.000000,4275.000000,4320.000000,42253
4630.000000,4630.000000,2013-01-02,4635.000000,4505.000000,4555.000000,75353
4600.000000,4600.000000,2013-01-03,4700.000000,4535.000000,4700.000000,64754
4535.000000,4535.000000,2013-01-04,4650.000000,4530.000000,4650.000000,99620
4605.000000,4605.000000,2013-01-07,4630.000000,4490.000000,4540.000000,79945
4730.000000,4730.000000,2013-01-08,4845.000000,4605.000000,4605.000000,93437
4710.000000,4710.000000,2013-01-09,4765.000000,4650.000000,4650.000000,56219
4575.000000,4575.000000,2013-01-10,4780.000000,4495.000000,4730.000000,157892
4945.000000,4945.000000,2013-01-11,5120.000000,4490.000000,4575.000000,395372
5680.000000,5680.000000,2013-01-14,5680.000000,4995.000000,4995.000000,763412
5590.000000,5590.000000,2013-01-15,6000.000000,5440.000000,5800.000000,862364
5600.000000,5600.000000,2013-01-16,5710.000000,5510.000000,5590.000000,435717
5320.000000,5320.000000,2013-01-17,5830.000000,5230.000000,5720.000000,526157
5370.000000,5370.000000,2013-01-18,5630.000000,5320.000000,5520.000000,337515
5720.000000,5720.000000,2013-01-21,5860.000000,5350.000000,5390.000000,600005
5660.000000,5660.000000,2013-01-22,5900.000000,5490.000000,5740.000000,313073
5570.000000,5570.000000,2013-01-23,5700.000000,5400.000000,5670.000000,181823
5520.000000,5520.000000,2013-01-24,5680.000000,5390.000000,5510.000000,161306
5420.000000,5420.000000,2013-01-25,5530.000000,5210.000000,5410.000000,191564
5340.000000,5340.000000,2013-01-28,5420.000000,5200.000000,5360.000000,156527
5380.000000,5380.000000,2013-01-29,5650.000000,5350.000000,5370.000000,226829
5160.000000,5160.000000,2013-01-30,5450.000000,5040.000000,5380.000000,229417
5350.000000,5350.000000,2013-01-31,5350.000000,5150.000000,5150.000000,109216
5130.000000,5130.000000,2013-02-01,5330.000000,5120.000000,5260.000000,71363
4980.000000,4980.000000,2013-02-04,5200.000000,4960.000000,5130.000000,51312
5080.000000,5080.000000,2013-02-05,5150.000000,4830.000000,4930.000000,69200
5100.000000,5100.000000,2013-02-06,5390.000000,5060.000000,5090.000000,75110
5050.000000,5050.000000,2013-02-07,5200.000000,5000.000000,5090.000000,45230
4945.000000,4945.000000,2013-02-08,4985.000000,4810.000000,4810.000000,99626
4850.000000,4850.000000,2013-02-12,4960.000000,4830.000000,4945.000000,51596
4880.000000,4880.000000,2013-02-13,4920.000000,4830.000000,4830.000000,46777
5080.000000,5080.000000,2013-02-14,5110.000000,4870.000000,4870.000000,41082
5090.000000,5090.000000,2013-02-15,5180.000000,5000.000000,5090.000000,48343
5080.000000,5080.000000,2013-02-18,5110.000000,5000.000000,5100.000000,32606
5080.000000,5080.000000,2013-02-19,5100.000000,4985.000000,5030.000000,37493
5440.000000,5440.000000,2013-02-20,5520.000000,5080.000000,5080.000000,288261
5480.000000,5480.000000,2013-02-21,5550.000000,5340.000000,5400.000000,73136
5620.000000,5620.000000,2013-02-22,5650.000000,5360.000000,5440.000000,211685
5650.000000,5650.000000,2013-02-25,5710.000000,5560.000000,5700.000000,132611
5670.000000,5670.000000,2013-02-26,5670.000000,5370.000000,5590.000000,144599
5610.000000,5610.000000,2013-02-27,5670.000000,5550.000000,5670.000000,84214
5860.000000,5860.000000,2013-02-28,5960.000000,5610.000000,5660.000000,301091
5750.000000,5750.000000,2013-03-04,6000.000000,5660.000000,5900.000000,143263
5640.000000,5640.000000,2013-03-05,5890.000000,5600.000000,5770.000000,108582
5700.000000,5700.000000,2013-03-06,5730.000000,5530.000000,5700.000000,134606
5700.000000,5700.000000,2013-03-07,6550.000000,5700.000000,5990.000000,1684685
5700.000000,5700.000000,2013-03-08,5740.000000,5400.000000,5650.000000,221799
5530.000000,5530.000000,2013-03-11,5740.000000,5440.000000,5740.000000,135249
5760.000000,5760.000000,2013-03-12,5880.000000,5530.000000,5540.000000,229744
6140.000000,6140.000000,2013-03-13,6170.000000,5760.000000,5760.000000,350294
7010.000000,7010.000000,2013-03-14,7060.000000,6200.000000,6250.000000,1476017
7350.000000,7350.000000,2013-03-15,7650.000000,6850.000000,7020.000000,1141943
6950.000000,6950.000000,2013-03-18,7640.000000,6940.000000,7310.000000,470859
7090.000000,7090.000000,2013-03-19,7260.000000,6890.000000,7050.000000,324010
7290.000000,7290.000000,2013-03-20,7300.000000,6930.000000,7080.000000,317482
7560.000000,7560.000000,2013-03-21,7850.000000,7220.000000,7300.000000,678569
7740.000000,7740.000000,2013-03-22,8000.000000,7620.000000,7650.000000,379886
7660.000000,7660.000000,2013-03-25,7890.000000,7350.000000,7740.000000,285150
7550.000000,7550.000000,2013-03-26,7730.000000,7370.000000,7720.000000,218799
7800.000000,7800.000000,2013-03-27,8150.000000,7450.000000,7550.000000,697149
7790.000000,7790.000000,2013-03-28,7840.000000,7490.000000,7830.000000,324262
7780.000000,7780.000000,2013-03-29,7850.000000,7600.000000,7850.000000,182515
7830.000000,7830.000000,2013-04-01,7840.000000,7590.000000,7750.000000,163207
7550.000000,7550.000000,2013-04-02,7900.000000,7450.000000,7900.000000,246899
7700.000000,7700.000000,2013-04-03,7790.000000,7310.000000,7500.000000,301661
7850.000000,7850.000000,2013-04-04,7880.000000,7530.000000,7750.000000,387337
8440.000000,8440.000000,2013-04-05,8630.000000,7870.000000,7900.000000,922121
8390.000000,8390.000000,2013-04-08,8900.000000,8180.000000,8440.000000,720123
8400.000000,8400.000000,2013-04-09,8460.000000,7760.000000,8400.000000,467963
8720.000000,8720.000000,2013-04-10,8780.000000,8300.000000,8310.000000,353896
9140.000000,9140.000000,2013-04-11,9140.000000,8730.000000,8730.000000,323462
9100.000000,9100.000000,2013-04-12,9430.000000,9000.000000,9110.000000,373110
9100.000000,9100.000000,2013-04-15,9200.000000,8870.000000,9050.000000,313092
8990.000000,8990.000000,2013-04-16,9160.000000,8750.000000,9010.000000,228064
8590.000000,8590.000000,2013-04-17,9000.000000,8410.000000,9000.000000,587135
8280.000000,8280.000000,2013-04-18,8590.000000,8200.000000,8590.000000,472254
7300.000000,7300.000000,2013-04-19,8350.000000,7040.000000,8280.000000,1402606
7720.000000,7720.000000,2013-04-22,7720.000000,7190.000000,7250.000000,646660
8400.000000,8400.000000,2013-04-23,8550.000000,7680.000000,7720.000000,616812
8760.000000,8760.000000,2013-04-24,8760.000000,8310.000000,8600.000000,495258
9580.000000,9580.000000,2013-04-25,10000.000000,9150.000000,9400.000000,1915030
9650.000000,9650.000000,2013-04-26,9830.000000,9450.000000,9750.000000,502542
9570.000000,9570.000000,2013-04-29,9830.000000,9350.000000,9730.000000,483136
9300.000000,9300.000000,2013-04-30,9570.000000,8920.000000,9500.000000,577764
9000.000000,9000.000000,2013-05-02,10100.000000,8790.000000,9800.000000,1025678
9440.000000,9440.000000,2013-05-03,9440.000000,9060.000000,9100.000000,303344
9370.000000,9370.000000,2013-05-06,9600.000000,9190.000000,9600.000000,224608
9340.000000,9340.000000,2013-05-07,9500.000000,9160.000000,9280.000000,207678
10700.000000,10700.000000,2013-05-08,10700.000000,9270.000000,9310.000000,1465794
10750.000000,10750.000000,2013-05-09,10950.000000,10400.000000,10750.000000,964082
10600.000000,10600.000000,2013-05-10,10950.000000,10200.000000,10750.000000,865271
10100.000000,10100.000000,2013-05-13,10550.000000,10050.000000,10300.000000,608238
9480.000000,9480.000000,2013-05-14,10250.000000,8990.000000,10100.000000,1113088
9450.000000,9450.000000,2013-05-15,9450.000000,9000.000000,9350.000000,630701
9180.000000,9180.000000,2013-05-16,9490.000000,9090.000000,9490.000000,317180
8500.000000,8500.000000,2013-05-20,9220.000000,8450.000000,9050.000000,430909
9100.000000,9100.000000,2013-05-21,9250.000000,8620.000000,8620.000000,407261
8850.000000,8850.000000,2013-05-22,9190.000000,8650.000000,9100.000000,328159
8080.000000,8080.000000,2013-05-23,8900.000000,8060.000000,8750.000000,633040
8000.000000,8000.000000,2013-05-24,8320.000000,7620.000000,8090.000000,834967
8420.000000,8420.000000,2013-05-27,8630.000000,8200.000000,8250.000000,591618
8390.000000,8390.000000,2013-05-28,8570.000000,8270.000000,8410.000000,259405
8730.000000,8730.000000,2013-05-29,8840.000000,8270.000000,8340.000000,496680
8500.000000,8500.000000,2013-05-30,9110.000000,8500.000000,8930.000000,516324
8240.000000,8240.000000,2013-05-31,8640.000000,7990.000000,8580.000000,379028
8230.000000,8230.000000,2013-06-03,8230.000000,8040.000000,8090.000000,166195
7620.000000,7620.000000,2013-06-04,8280.000000,7620.000000,8270.000000,328969
7390.000000,7390.000000,2013-06-05,7740.000000,7220.000000,7600.000000,301645
7000.000000,7000.000000,2013-06-07,7460.000000,6830.000000,7350.000000,339948
7350.000000,7350.000000,2013-06-10,7410.000000,7100.000000,7100.000000,207862
7660.000000,7660.000000,2013-06-11,7660.000000,7270.000000,7370.000000,205213
7250.000000,7250.000000,2013-06-12,7600.000000,7250.000000,7450.000000,122089
7010.000000,7010.000000,2013-06-13,7290.000000,6900.000000,7200.000000,288317
7410.000000,7410.000000,2013-06-14,7410.000000,7140.000000,7200.000000,270394
6740.000000,6740.000000,2013-06-17,7410.000000,6650.000000,7340.000000,305922
6940.000000,6940.000000,2013-06-18,6970.000000,6380.000000,6700.000000,358846
6930.000000,6930.000000,2013-06-19,6970.000000,6680.000000,6870.000000,163898
6780.000000,6780.000000,2013-06-20,6900.000000,6610.000000,6800.000000,123314
6500.000000,6500.000000,2013-06-21,6680.000000,6420.000000,6590.000000,125160
6130.000000,6130.000000,2013-06-24,6650.000000,6130.000000,6550.000000,174861
5720.000000,5720.000000,2013-06-25,6370.000000,5500.000000,6010.000000,243768
6020.000000,6020.000000,2013-06-26,6140.000000,5780.000000,5780.000000,255119
6240.000000,6240.000000,2013-06-27,6370.000000,6150.000000,6160.000000,154184
6700.000000,6700.000000,2013-06-28,6900.000000,6250.000000,6270.000000,356679
7700.000000,7700.000000,2013-07-01,7700.000000,7010.000000,7210.000000,1907503
7200.000000,7200.000000,2013-07-02,7650.000000,7050.000000,7550.000000,1768159
7100.000000,7100.000000,2013-07-03,7440.000000,7020.000000,7370.000000,605085
6810.000000,6810.000000,2013-07-04,7170.000000,6670.000000,7060.000000,424445
6690.000000,6690.000000,2013-07-05,7020.000000,6650.000000,6840.000000,440168
6120.000000,6120.000000,2013-07-08,6700.000000,6050.000000,6620.000000,603389
6280.000000,6280.000000,2013-07-09,6380.000000,6080.000000,6170.000000,336590
5870.000000,5870.000000,2013-07-10,6410.000000,5860.000000,6290.000000,549112
6240.000000,6240.000000,2013-07-11,6270.000000,5930.000000,6040.000000,362915
6280.000000,6280.000000,2013-07-12,6320.000000,6130.000000,6300.000000,252253
6150.000000,6150.000000,2013-07-15,6410.000000,6130.000000,6290.000000,348890
6420.000000,6420.000000,2013-07-16,6460.000000,6160.000000,6220.000000,348167
6600.000000,6600.000000,2013-07-17,6750.000000,6480.000000,6500.000000,742572
6350.000000,6350.000000,2013-07-18,6620.000000,6350.000000,6620.000000,310970
6350.000000,6350.000000,2013-07-19,6460.000000,6290.000000,6440.000000,166792
6840.000000,6840.000000,2013-07-22,6920.000000,6420.000000,6440.000000,902281
6820.000000,6820.000000,2013-07-23,7100.000000,6750.000000,6800.000000,452650
6810.000000,6810.000000,2013-07-24,6950.000000,6700.000000,6820.000000,237849
6830.000000,6830.000000,2013-07-25,7040.000000,6820.000000,6890.000000,363733
6730.000000,6730.000000,2013-07-26,6950.000000,6730.000000,6850.000000,170708
6600.000000,6600.000000,2013-07-29,6870.000000,6590.000000,6760.000000,205743
6670.000000,6670.000000,2013-07-30,6720.000000,6530.000000,6610.000000,162944
7020.000000,7020.000000,2013-07-31,7230.000000,6670.000000,6670.000000,1138405
6790.000000,6790.000000,2013-08-01,7100.000000,6790.000000,7060.000000,480139
6900.000000,6900.000000,2013-08-02,7140.000000,6840.000000,6930.000000,654427
6810.000000,6810.000000,2013-08-05,7060.000000,6750.000000,6950.000000,396646
6770.000000,6770.000000,2013-08-06,6940.000000,6650.000000,6850.000000,353634
6610.000000,6610.000000,2013-08-07,6820.000000,6610.000000,6700.000000,334959
6780.000000,6780.000000,2013-08-08,6850.000000,6600.000000,6630.000000,257733
6730.000000,6730.000000,2013-08-09,6850.000000,6680.000000,6780.000000,185317
6410.000000,6410.000000,2013-08-12,6750.000000,6310.000000,6750.000000,289280
6230.000000,6230.000000,2013-08-13,6510.000000,6210.000000,6440.000000,267859
6320.000000,6320.000000,2013-08-14,6390.000000,6230.000000,6300.000000,130204
6180.000000,6180.000000,2013-08-16,6290.000000,6140.000000,6210.000000,150687
6080.000000,6080.000000,2013-08-19,6190.000000,6070.000000,6190.000000,133278
5870.000000,5870.000000,2013-08-20,6200.000000,5870.000000,6080.000000,180888
5650.000000,5650.000000,2013-08-21,5930.000000,5400.000000,5900.000000,282633
5300.000000,5300.000000,2013-08-22,5590.000000,5290.000000,5520.000000,200735
5580.000000,5580.000000,2013-08-23,5600.000000,5340.000000,5340.000000,170715
5530.000000,5530.000000,2013-08-26,5590.000000,5500.000000,5500.000000,105426
5250.000000,5250.000000,2013-08-27,5520.000000,5230.000000,5510.000000,165352
5100.000000,5100.000000,2013-08-28,5210.000000,5000.000000,5020.000000,124487
5200.000000,5200.000000,2013-08-29,5250.000000,5090.000000,5100.000000,254199
5490.000000,5490.000000,2013-08-30,5880.000000,5150.000000,5200.000000,813917
5580.000000,5580.000000,2013-09-02,5790.000000,5400.000000,5500.000000,291679
5630.000000,5630.000000,2013-09-03,5700.000000,5510.000000,5590.000000,92597
5620.000000,5620.000000,2013-09-04,5780.000000,5600.000000,5680.000000,116966
5570.000000,5570.000000,2013-09-05,5710.000000,5570.000000,5620.000000,72672
5440.000000,5440.000000,2013-09-06,5650.000000,5430.000000,5570.000000,92636
5360.000000,5360.000000,2013-09-09,5500.000000,5280.000000,5430.000000,83530
5440.000000,5440.000000,2013-09-10,5460.000000,5340.000000,5350.000000,88164
5420.000000,5420.000000,2013-09-11,5700.000000,5410.000000,5440.000000,221824
5600.000000,5600.000000,2013-09-12,5620.000000,5380.000000,5380.000000,167652
5740.000000,5740.000000,2013-09-13,5820.000000,5570.000000,5620.000000,247230
5510.000000,5510.000000,2013-09-16,5730.000000,5490.000000,5720.000000,168183
5490.000000,5490.000000,2013-09-17,5560.000000,5410.000000,5510.000000,68287
5480.000000,5480.000000,2013-09-23,5640.000000,5440.000000,5440.000000,69631
5650.000000,5650.000000,2013-09-24,5680.000000,5490.000000,5550.000000,128047
5350.000000,5350.000000,2013-09-25,5740.000000,5350.000000,5650.000000,123460
5600.000000,5600.000000,2013-09-26,5640.000000,5370.000000,5370.000000,148417
5720.000000,5720.000000,2013-09-27,5820.000000,5530.000000,5620.000000,194103
5600.000000,5600.000000,2013-09-30,5750.000000,5600.000000,5700.000000,97254
5750.000000,5750.000000,2013-10-01,5900.000000,5560.000000,5600.000000,208678
5660.000000,5660.000000,2013-10-02,5920.000000,5660.000000,5780.000000,138868
5580.000000,5580.000000,2013-10-04,5750.000000,5550.000000,5680.000000,75595
5450.000000,5450.000000,2013-10-07,5690.000000,5450.000000,5590.000000,94391
5480.000000,5480.000000,2013-10-08,5520.000000,5340.000000,5410.000000,110373
5530.000000,5530.000000,2013-10-10,5650.000000,5450.000000,5480.000000,58125
5600.000000,5600.000000,2013-10-11,5620.000000,5550.000000,5620.000000,67810
5500.000000,5500.000000,2013-10-14,5650.000000,5460.000000,5570.000000,88908
5720.000000,5720.000000,2013-10-15,5770.000000,5510.000000,5510.000000,216472
5620.000000,5620.000000,2013-10-16,5760.000000,5550.000000,5710.000000,71823
5450.000000,5450.000000,2013-10-17,5730.000000,5400.000000,5690.000000,168229
5350.000000,5350.000000,2013-10-18,5540.000000,5300.000000,5430.000000,177802
5320.000000,5320.000000,2013-10-21,5440.000000,5320.000000,5350.000000,55247
5250.000000,5250.000000,2013-10-22,5410.000000,5250.000000,5320.000000,95255
5080.000000,5080.000000,2013-10-23,5320.000000,5040.000000,5270.000000,177550
5200.000000,5200.000000,2013-10-24,5200.000000,5060.000000,5120.000000,66072
5260.000000,5260.000000,2013-10-25,5280.000000,5150.000000,5210.000000,42549
5190.000000,5190.000000,2013-10-28,5280.000000,5180.000000,5220.000000,51162
5300.000000,5300.000000,2013-10-29,5300.000000,5190.000000,5190.000000,56358
5210.000000,5210.000000,2013-10-30,5310.000000,5190.000000,5300.000000,45007
5100.000000,5100.000000,2013-10-31,5270.000000,5100.000000,5270.000000,62352
5080.000000,5080.000000,2013-11-01,5180.000000,5080.000000,5140.000000,62299
5030.000000,5030.000000,2013-11-04,5140.000000,5010.000000,5080.000000,78891
4810.000000,4810.000000,2013-11-05,5090.000000,4810.000000,5080.000000,134276
4760.000000,4760.000000,2013-11-06,4910.000000,4735.000000,4780.000000,102088
4600.000000,4600.000000,2013-11-07,4785.000000,4550.000000,4765.000000,111993
4665.000000,4665.000000,2013-11-08,4730.000000,4550.000000,4570.000000,58665
4600.000000,4600.000000,2013-11-11,4720.000000,4510.000000,4660.000000,76210
4725.000000,4725.000000,2013-11-12,4830.000000,4530.000000,4530.000000,63598
4735.000000,4735.000000,2013-11-13,4800.000000,4665.000000,4700.000000,39298
4850.000000,4850.000000,2013-11-14,4860.000000,4720.000000,4750.000000,38778
4920.000000,4920.000000,2013-11-15,4960.000000,4835.000000,4875.000000,73259
4890.000000,4890.000000,2013-11-18,4960.000000,4715.000000,4920.000000,53778
4710.000000,4710.000000,2013-11-19,4910.000000,4695.000000,4825.000000,68248
4650.000000,4650.000000,2013-11-20,4795.000000,4460.000000,4795.000000,63921
4450.000000,4450.000000,2013-11-21,4650.000000,4450.000000,4650.000000,75310
4490.000000,4490.000000,2013-11-22,4590.000000,4455.000000,4545.000000,78476
4530.000000,4530.000000,2013-11-25,4745.000000,4280.000000,4475.000000,291712
4485.000000,4485.000000,2013-11-26,4600.000000,4430.000000,4565.000000,52273
4500.000000,4500.000000,2013-11-27,4525.000000,4340.000000,4455.000000,117819
4350.000000,4350.000000,2013-11-28,4490.000000,4350.000000,4490.000000,167818
4300.000000,4300.000000,2013-11-29,4450.000000,4290.000000,4370.000000,153710
4290.000000,4290.000000,2013-12-02,4380.000000,4260.000000,4300.000000,61127
4210.000000,4210.000000,2013-12-03,4340.000000,4210.000000,4280.000000,58132
4190.000000,4190.000000,2013-12-04,4235.000000,4110.000000,4110.000000,85204
4210.000000,4210.000000,2013-12-05,4285.000000,4100.000000,4190.000000,75764
4320.000000,4320.000000,2013-12-06,4390.000000,4155.000000,4160.000000,113137
4220.000000,4220.000000,2013-12-09,4380.000000,4220.000000,4370.000000,51065
4230.000000,4230.000000,2013-12-10,4290.000000,4110.000000,4220.000000,54495
4080.000000,4080.000000,2013-12-11,4250.000000,4080.000000,4225.000000,61716
3800.000000,3800.000000,2013-12-12,4000.000000,3780.000000,4000.000000,322790
3820.000000,3820.000000,2013-12-13,3930.000000,3770.000000,3770.000000,92223
3915.000000,3915.000000,2013-12-16,4015.000000,3760.000000,3760.000000,74787
3930.000000,3930.000000,2013-12-17,3990.000000,3850.000000,3875.000000,34303
3995.000000,3995.000000,2013-12-18,4040.000000,3905.000000,3990.000000,34619
3975.000000,3975.000000,2013-12-19,4045.000000,3925.000000,4000.000000,15899
3970.000000,3970.000000,2013-12-20,4025.000000,3815.000000,4000.000000,27079
3940.000000,3940.000000,2013-12-23,4020.000000,3935.000000,3955.000000,34235
3950.000000,3950.000000,2013-12-24,4000.000000,3900.000000,3940.000000,20114
3915.000000,3915.000000,2013-12-26,4040.000000,3910.000000,3945.000000,32044
4020.000000,4020.000000,2013-12-27,4045.000000,3910.000000,3910.000000,38837
4020.000000,4020.000000,2013-12-30,4050.000000,3990.000000,4050.000000,20571
4210.000000,4210.000000,2014-01-02,4280.000000,4035.000000,4085.000000,128725
4170.000000,4170.000000,2014-01-03,4275.000000,4140.000000,4275.000000,58913
4210.000000,4210.000000,2014-01-06,4275.000000,4200.000000,4220.000000,38217
4390.000000,4390.000000,2014-01-07,4500.000000,4190.000000,4230.000000,165095
4705.000000,4705.000000,2014-01-08,4870.000000,4390.000000,4450.000000,437652
4685.000000,4685.000000,2014-01-09,4805.000000,4550.000000,4805.000000,145756
4605.000000,4605.000000,2014-01-10,4770.000000,4580.000000,4700.000000,81006
4780.000000,4780.000000,2014-01-13,4925.000000,4635.000000,4635.000000,281660
4715.000000,4715.000000,2014-01-14,4850.000000,4605.000000,4770.000000,61423
4740.000000,4740.000000,2014-01-15,4825.000000,4680.000000,4720.000000,61197
4725.000000,4725.000000,2014-01-16,4810.000000,4710.000000,4740.000000,58396
4740.000000,4740.000000,2014-01-17,4780.000000,4635.000000,4750.000000,65444
4770.000000,4770.000000,2014-01-20,4945.000000,4720.000000,4745.000000,132209
4750.000000,4750.000000,2014-01-21,4885.000000,4740.000000,4780.000000,48105
4655.000000,4655.000000,2014-01-22,4770.000000,4605.000000,4770.000000,80795
4450.000000,4450.000000,2014-01-23,4720.000000,4450.000000,4660.000000,91050
4370.000000,4370.000000,2014-01-24,4560.000000,4300.000000,4450.000000,108733
4200.000000,4200.000000,2014-01-27,4290.000000,4175.000000,4250.000000,59276
4210.000000,4210.000000,2014-01-28,4350.000000,4140.000000,4200.000000,44915
4310.000000,4310.000000,2014-01-29,4550.000000,4295.000000,4295.000000,115556
4310.000000,4310.000000,2014-02-03,4400.000000,4275.000000,4310.000000,33005
4220.000000,4220.000000,2014-02-04,4305.000000,4160.000000,4230.000000,42340
4135.000000,4135.000000,2014-02-05,4250.000000,4130.000000,4175.000000,55291
4180.000000,4180.000000,2014-02-06,4195.000000,4095.000000,4195.000000,74427
4195.000000,4195.000000,2014-02-07,4250.000000,4085.000000,4100.000000,94127
4255.000000,4255.000000,2014-02-10,4300.000000,4170.000000,4210.000000,55242
4200.000000,4200.000000,2014-02-11,4295.000000,4150.000000,4255.000000,46185
4315.000000,4315.000000,2014-02-12,4350.000000,4200.000000,4200.000000,50087
4260.000000,4260.000000,2014-02-13,4350.000000,4225.000000,4315.000000,52478
4205.000000,4205.000000,2014-02-14,4295.000000,4190.000000,4260.000000,43909
4170.000000,4170.000000,2014-02-17,4210.000000,4150.000000,4190.000000,35357
4010.000000,4010.000000,2014-02-18,4235.000000,4010.000000,4200.000000,111800
4085.000000,4085.000000,2014-02-19,4120.000000,3980.000000,4010.000000,125852
4250.000000,4250.000000,2014-02-20,4370.000000,4085.000000,4115.000000,224220
4260.000000,4260.000000,2014-02-21,4350.000000,4200.000000,4310.000000,92034
4295.000000,4295.000000,2014-02-24,4295.000000,4175.000000,4260.000000,88972
4755.000000,4755.000000,2014-02-25,4910.000000,4595.000000,4630.000000,1237534
4640.000000,4640.000000,2014-02-26,4845.000000,4640.000000,4675.000000,325981
4500.000000,4500.000000,2014-02-27,4620.000000,4480.000000,4620.000000,176615
4540.000000,4540.000000,2014-02-28,4690.000000,4510.000000,4510.000000,218289
4475.000000,4475.000000,2014-03-03,4625.000000,4465.000000,4540.000000,81034
4530.000000,4530.000000,2014-03-04,4590.000000,4405.000000,4405.000000,86854
4545.000000,4545.000000,2014-03-05,4610.000000,4510.000000,4535.000000,57891
4755.000000,4755.000000,2014-03-06,4960.000000,4550.000000,4565.000000,548742
4750.000000,4750.000000,2014-03-07,4900.000000,4750.000000,4780.000000,193941
4600.000000,4600.000000,2014-03-10,4820.000000,4600.000000,4820.000000,164388
4585.000000,4585.000000,2014-03-11,4660.000000,4500.000000,4660.000000,130660
4445.000000,4445.000000,2014-03-12,4640.000000,4430.000000,4620.000000,149022
4580.000000,4580.000000,2014-03-13,4580.000000,4430.000000,4500.000000,53495
4540.000000,4540.000000,2014-03-14,4620.000000,4470.000000,4500.000000,68789
4470.000000,4470.000000,2014-03-17,4595.000000,4370.000000,4530.000000,128388
4415.000000,4415.000000,2014-03-18,4545.000000,4380.000000,4500.000000,58279
4405.000000,4405.000000,2014-03-19,4480.000000,4385.000000,4385.000000,45349
4405.000000,4405.000000,2014-03-20,4480.000000,4310.000000,4400.000000,33027
4510.000000,4510.000000,2014-03-21,4595.000000,4420.000000,4515.000000,136634
4460.000000,4460.000000,2014-03-24,4610.000000,4455.000000,4610.000000,57526
4300.000000,4300.000000,2014-03-25,4530.000000,4250.000000,4530.000000,117971
4400.000000,4400.000000,2014-03-26,4580.000000,4270.000000,4370.000000,159018
4295.000000,4295.000000,2014-03-27,4445.000000,4275.000000,4445.000000,75048
4295.000000,4295.000000,2014-03-28,4350.000000,4270.000000,4350.000000,46511
4335.000000,4335.000000,2014-03-31,4340.000000,4265.000000,4305.000000,30254
4435.000000,4435.000000,2014-04-01,4435.000000,4310.000000,4310.000000,66965
4415.000000,4415.000000,2014-04-02,4495.000000,4385.000000,4390.000000,69867
4475.000000,4475.000000,2014-04-03,4590.000000,4410.000000,4460.000000,167993
4615.000000,4615.000000,2014-04-04,4750.000000,4490.000000,4515.000000,226049
4720.000000,4720.000000,2014-04-07,4770.000000,4565.000000,4595.000000,167598
4640.000000,4640.000000,2014-04-08,4735.000000,4635.000000,4720.000000,86999
4485.000000,4485.000000,2014-04-09,4660.000000,4485.000000,4630.000000,97227
4540.000000,4540.000000,2014-04-10,4590.000000,4505.000000,4530.000000,45635
4590.000000,4590.000000,2014-04-11,4615.000000,4410.000000,4450.000000,57529
4560.000000,4560.000000,2014-04-14,4670.000000,4540.000000,4610.000000,72947
4590.000000,4590.000000,2014-04-15,4625.000000,4510.000000,4535.000000,56411
5100.000000,5100.000000,2014-04-16,5100.000000,4600.000000,4600.000000,650326
5030.000000,5030.000000,2014-04-17,5190.000000,4955.000000,5170.000000,345185
4990.000000,4990.000000,2014-04-18,5150.000000,4885.000000,5100.000000,272376
5080.000000,5080.000000,2014-04-21,5350.000000,5030.000000,5050.000000,547697
4885.000000,4885.000000,2014-04-22,5280.000000,4870.000000,5100.000000,430899
4860.000000,4860.000000,2014-04-23,4970.000000,4825.000000,4900.000000,170712
4970.000000,4970.000000,2014-04-24,5130.000000,4870.000000,4925.000000,337918
5170.000000,5170.000000,2014-04-25,5570.000000,4975.000000,5030.000000,1729244
5080.000000,5080.000000,2014-04-28,5300.000000,5080.000000,5250.000000,462265
5300.000000,5300.000000,2014-04-29,5430.000000,5050.000000,5110.000000,574808
5310.000000,5310.000000,2014-04-30,5470.000000,5240.000000,5360.000000,384683
5210.000000,5210.000000,2014-05-02,5420.000000,5140.000000,5320.000000,217638
4995.000000,4995.000000,2014-05-07,5250.000000,4990.000000,5220.000000,193194
5070.000000,5070.000000,2014-05-08,5100.000000,4970.000000,5050.000000,146765
5030.000000,5030.000000,2014-05-09,5100.000000,4950.000000,5010.000000,149192
5020.000000,5020.000000,2014-05-12,5230.000000,5000.000000,5090.000000,164075
5140.000000,5140.000000,2014-05-13,5140.000000,5020.000000,5080.000000,106960
5420.000000,5420.000000,2014-05-14,5420.000000,5120.000000,5140.000000,244558
5360.000000,5360.000000,2014-05-15,5440.000000,5300.000000,5420.000000,176176
5170.000000,5170.000000,2014-05-16,5380.000000,5170.000000,5380.000000,155725
4970.000000,4970.000000,2014-05-19,5200.000000,4950.000000,5130.000000,136984
4800.000000,4800.000000,2014-05-20,4895.000000,4710.000000,4765.000000,294622
4850.000000,4850.000000,2014-05-21,4955.000000,4750.000000,4750.000000,74547
4800.000000,4800.000000,2014-05-22,4950.000000,4800.000000,4830.000000,68782
4810.000000,4810.000000,2014-05-23,4915.000000,4805.000000,4870.000000,42559
4820.000000,4820.000000,2014-05-26,4920.000000,4810.000000,4890.000000,45077
4550.000000,4550.000000,2014-05-27,4885.000000,4550.000000,4820.000000,136392
4625.000000,4625.000000,2014-05-28,4690.000000,4580.000000,4580.000000,55236
4570.000000,4570.000000,2014-05-29,4650.000000,4520.000000,4585.000000,67583
4605.000000,4605.000000,2014-05-30,4645.000000,4550.000000,4580.000000,28085
4440.000000,4440.000000,2014-06-02,4615.000000,4395.000000,4550.000000,79719
4420.000000,4420.000000,2014-06-03,4485.000000,4365.000000,4365.000000,36345
4240.000000,4240.000000,2014-06-05,4480.000000,4215.000000,4430.000000,51273
4300.000000,4300.000000,2014-06-09,4335.000000,4200.000000,4295.000000,50003
4430.000000,4430.000000,2014-06-10,4430.000000,4255.000000,4255.000000,43363
4390.000000,4390.000000,2014-06-11,4460.000000,4360.000000,4460.000000,31872
4335.000000,4335.000000,2014-06-12,4470.000000,4335.000000,4440.000000,43438
4280.000000,4280.000000,2014-06-13,4390.000000,4220.000000,4390.000000,45851
4440.000000,4440.000000,2014-06-16,4440.000000,4210.000000,4375.000000,52506
4425.000000,4425.000000,2014-06-17,4490.000000,4350.000000,4490.000000,28080
4330.000000,4330.000000,2014-06-18,4450.000000,4305.000000,4450.000000,19664
4290.000000,4290.000000,2014-06-19,4365.000000,4250.000000,4310.000000,25524
4265.000000,4265.000000,2014-06-20,4300.000000,4220.000000,4260.000000,31537
4100.000000,4100.000000,2014-06-23,4295.000000,4100.000000,4225.000000,56946
4090.000000,4090.000000,2014-06-24,4145.000000,4020.000000,4050.000000,53198
4100.000000,4100.000000,2014-06-25,4120.000000,3985.000000,4000.000000,47995
4125.000000,4125.000000,2014-06-26,4180.000000,4065.000000,4065.000000,23541
4175.000000,4175.000000,2014-06-27,4180.000000,4075.000000,4075.000000,30058
4175.000000,4175.000000,2014-06-30,4225.000000,4090.000000,4090.000000,17494
4180.000000,4180.000000,2014-07-01,4225.000000,4150.000000,4200.000000,33817
4180.000000,4180.000000,2014-07-02,4250.000000,4160.000000,4185.000000,22882
4155.000000,4155.000000,2014-07-03,4200.000000,4145.000000,4200.000000,13728
4195.000000,4195.000000,2014-07-04,4195.000000,4065.000000,4190.000000,72194
4135.000000,4135.000000,2014-07-07,4230.000000,4120.000000,4205.000000,27638
4065.000000,4065.000000,2014-07-08,4200.000000,4010.000000,4200.000000,60125
4115.000000,4115.000000,2014-07-09,4185.000000,4060.000000,4095.000000,30984
4100.000000,4100.000000,2014-07-10,4150.000000,4055.000000,4100.000000,50593
4080.000000,4080.000000,2014-07-11,4150.000000,4050.000000,4075.000000,35652
4080.000000,4080.000000,2014-07-14,4120.000000,4055.000000,4055.000000,22474
4075.000000,4075.000000,2014-07-15,4130.000000,4040.000000,4130.000000,40075
4015.000000,4015.000000,2014-07-16,4095.000000,3935.000000,4095.000000,60613
3980.000000,3980.000000,2014-07-17,4040.000000,3970.000000,3970.000000,33220
4035.000000,4035.000000,2014-07-18,4140.000000,3950.000000,4000.000000,75956
4035.000000,4035.000000,2014-07-21,4070.000000,3980.000000,4035.000000,40927
4035.000000,4035.000000,2014-07-22,4060.000000,3970.000000,4035.000000,67549
4045.000000,4045.000000,2014-07-23,4065.000000,4010.000000,4035.000000,37427
4200.000000,4200.000000,2014-07-24,4395.000000,4045.000000,4060.000000,215178
4300.000000,4300.000000,2014-07-25,4360.000000,4190.000000,4230.000000,156129
4250.000000,4250.000000,2014-07-28,4370.000000,4250.000000,4325.000000,93969
4125.000000,4125.000000,2014-07-29,4290.000000,4125.000000,4290.000000,64304
4195.000000,4195.000000,2014-07-30,4215.000000,4100.000000,4130.000000,47809
4100.000000,4100.000000,2014-07-31,4195.000000,4075.000000,4195.000000,91086
4200.000000,4200.000000,2014-08-01,4205.000000,4045.000000,4080.000000,35448
4385.000000,4385.000000,2014-08-04,4385.000000,4170.000000,4200.000000,143121
4380.000000,4380.000000,2014-08-05,4750.000000,4360.000000,4460.000000,308682
4285.000000,4285.000000,2014-08-06,4380.000000,4170.000000,4380.000000,106360
4215.000000,4215.000000,2014-08-07,4375.000000,4165.000000,4300.000000,65143
4195.000000,4195.000000,2014-08-08,4355.000000,4160.000000,4290.000000,50756
4215.000000,4215.000000,2014-08-11,4305.000000,4180.000000,4225.000000,39658
4165.000000,4165.000000,2014-08-12,4290.000000,4165.000000,4250.000000,29992
4185.000000,4185.000000,2014-08-13,4230.000000,4140.000000,4165.000000,30655
4185.000000,4185.000000,2014-08-14,4215.000000,4055.000000,4185.000000,43804
4260.000000,4260.000000,2014-08-18,4335.000000,4120.000000,4185.000000,48622
4255.000000,4255.000000,2014-08-19,4330.000000,4210.000000,4330.000000,16535
4295.000000,4295.000000,2014-08-20,4365.000000,4255.000000,4275.000000,36331
4205.000000,4205.000000,2014-08-21,4315.000000,4165.000000,4300.000000,48796
4245.000000,4245.000000,2014-08-22,4270.000000,4175.000000,4185.000000,40732
4150.000000,4150.000000,2014-08-25,4280.000000,4150.000000,4250.000000,56855
4105.000000,4105.000000,2014-08-26,4200.000000,4100.000000,4155.000000,81211
4025.000000,4025.000000,2014-08-27,4195.000000,3975.000000,4105.000000,79859
4115.000000,4115.000000,2014-08-28,4150.000000,4035.000000,4035.000000,20380
4120.000000,4120.000000,2014-08-29,4150.000000,4040.000000,4100.000000,34589
4120.000000,4120.000000,2014-09-01,4190.000000,4090.000000,4130.000000,24145
4065.000000,4065.000000,2014-09-02,4135.000000,4065.000000,4070.000000,46938
4105.000000,4105.000000,2014-09-03,4140.000000,4000.000000,4120.000000,38429
3490.000000,3490.000000,2014-09-04,3490.000000,3490.000000,3490.000000,37081
3150.000000,3150.000000,2014-09-05,3280.000000,3100.000000,3110.000000,584624
3160.000000,3160.000000,2014-09-11,3190.000000,3050.000000,3150.000000,120454
3115.000000,3115.000000,2014-09-12,3195.000000,3065.000000,3195.000000,91318
3145.000000,3145.000000,2014-09-15,3155.000000,3085.000000,3140.000000,34977
3180.000000,3180.000000,2014-09-16,3200.000000,3105.000000,3155.000000,43488
3120.000000,3120.000000,2014-09-17,3205.000000,3115.000000,3200.000000,60212
3120.000000,3120.000000,2014-09-18,3180.000000,3105.000000,3105.000000,95796
3110.000000,3110.000000,2014-09-19,3175.000000,3105.000000,3150.000000,83978
3140.000000,3140.000000,2014-09-22,3180.000000,3120.000000,3160.000000,120138
3090.000000,3090.000000,2014-09-23,3165.000000,3075.000000,3145.000000,227082
3200.000000,3200.000000,2014-09-24,3450.000000,3010.000000,3010.000000,345205
3040.000000,3040.000000,2014-09-25,3155.000000,3025.000000,3080.000000,131794
3050.000000,3050.000000,2014-09-26,3100.000000,2995.000000,3040.000000,27683
3030.000000,3030.000000,2014-09-29,3090.000000,2990.000000,3090.000000,57861
3060.000000,3060.000000,2014-09-30,3100.000000,3005.000000,3050.000000,34120
3030.000000,3030.000000,2014-10-01,3095.000000,3000.000000,3090.000000,52361
3020.000000,3020.000000,2014-10-02,3080.000000,2955.000000,3045.000000,80797
3000.000000,3000.000000,2014-10-06,3090.000000,2950.000000,3025.000000,44010
3000.000000,3000.000000,2014-10-07,3020.000000,2985.000000,2990.000000,24351
3000.000000,3000.000000,2014-10-08,3050.000000,2985.000000,3050.000000,11358
2985.000000,2985.000000,2014-10-10,3035.000000,2950.000000,2980.000000,36264
2900.000000,2900.000000,2014-10-13,3020.000000,2820.000000,2965.000000,50993
2865.000000,2865.000000,2014-10-14,2895.000000,2790.000000,2790.000000,31331
2975.000000,2975.000000,2014-10-15,3005.000000,2845.000000,2980.000000,36457
2875.000000,2875.000000,2014-10-16,3000.000000,2820.000000,3000.000000,60024
3305.000000,3305.000000,2014-10-17,3305.000000,2900.000000,2900.000000,195945
3185.000000,3185.000000,2014-10-20,3395.000000,3150.000000,3395.000000,171003
3080.000000,3080.000000,2014-10-21,3160.000000,3030.000000,3160.000000,84814
3080.000000,3080.000000,2014-10-22,3135.000000,3055.000000,3135.000000,39694
3130.000000,3130.000000,2014-10-23,3200.000000,3065.000000,3070.000000,44791
3150.000000,3150.000000,2014-10-24,3180.000000,3090.000000,3130.000000,48201
3150.000000,3150.000000,2014-10-27,3230.000000,3100.000000,3150.000000,41036
3130.000000,3130.000000,2014-10-28,3280.000000,3100.000000,3190.000000,120090
3085.000000,3085.000000,2014-10-29,3190.000000,3080.000000,3115.000000,81556
3125.000000,3125.000000,2014-10-30,3130.000000,3020.000000,3130.000000,51195
3090.000000,3090.000000,2014-10-31,3100.000000,2965.000000,3095.000000,57442
3000.000000,3000.000000,2014-11-03,3090.000000,2995.000000,3025.000000,26045
2935.000000,2935.000000,2014-11-04,3000.000000,2875.000000,2955.000000,42942
2880.000000,2880.000000,2014-11-05,2910.000000,2790.000000,2790.000000,27975
2915.000000,2915.000000,2014-11-06,2960.000000,2805.000000,2830.000000,26562
3055.000000,3055.000000,2014-11-07,3060.000000,2850.000000,2850.000000,18739
3120.000000,3120.000000,2014-11-10,3195.000000,3070.000000,3070.000000,40231
3170.000000,3170.000000,2014-11-11,3200.000000,3030.000000,3100.000000,44519
3315.000000,3315.000000,2014-11-12,3360.000000,3150.000000,3150.000000,66147
3300.000000,3300.000000,2014-11-13,3340.000000,3215.000000,3315.000000,39888
3200.000000,3200.000000,2014-11-14,3320.000000,3170.000000,3280.000000,29022
3030.000000,3030.000000,2014-11-17,3215.000000,3030.000000,3120.000000,38979
3480.000000,3480.000000,2014-11-18,3480.000000,3055.000000,3060.000000,172589
3485.000000,3485.000000,2014-11-19,3700.000000,3380.000000,3480.000000,124964
3340.000000,3340.000000,2014-11-20,3400.000000,3275.000000,3330.000000,211284
3350.000000,3350.000000,2014-11-21,3395.000000,3300.000000,3320.000000,76737
3210.000000,3210.000000,2014-11-24,3330.000000,3200.000000,3290.000000,123121
3260.000000,3260.000000,2014-11-25,3385.000000,3180.000000,3180.000000,85177
3180.000000,3180.000000,2014-11-26,3285.000000,3175.000000,3260.000000,55464
3170.000000,3170.000000,2014-11-27,3245.000000,3100.000000,3180.000000,37835
3100.000000,3100.000000,2014-11-28,3215.000000,3095.000000,3130.000000,36909
3035.000000,3035.000000,2014-12-01,3170.000000,3030.000000,3100.000000,56421
3070.000000,3070.000000,2014-12-02,3175.000000,3035.000000,3050.000000,47867
3110.000000,3110.000000,2014-12-03,3110.000000,2950.000000,3070.000000,25595
3125.000000,3125.000000,2014-12-04,3160.000000,3050.000000,3105.000000,64255
3105.000000,3105.000000,2014-12-05,3140.000000,3065.000000,3125.000000,69423
3200.000000,3200.000000,2014-12-08,3340.000000,3110.000000,3110.000000,72645
3130.000000,3130.000000,2014-12-09,3250.000000,3050.000000,3250.000000,40554
3130.000000,3130.000000,2014-12-10,3195.000000,3070.000000,3130.000000,20785
3080.000000,3080.000000,2014-12-11,3130.000000,3035.000000,3080.000000,28773
3075.000000,3075.000000,2014-12-12,3100.000000,3015.000000,3060.000000,28662
3010.000000,3010.000000,2014-12-15,3170.000000,3000.000000,3030.000000,58307
3060.000000,3060.000000,2014-12-16,3070.000000,2980.000000,2980.000000,13910
3040.000000,3040.000000,2014-12-17,3100.000000,3010.000000,3100.000000,20353
3000.000000,3000.000000,2014-12-18,3070.000000,2955.000000,3005.000000,48618
2995.000000,2995.000000,2014-12-19,3115.000000,2950.000000,3000.000000,43812
2975.000000,2975.000000,2014-12-22,3080.000000,2965.000000,3050.000000,15404
3000.000000,3000.000000,2014-12-23,3050.000000,2965.000000,2980.000000,16236
3130.000000,3130.000000,2014-12-24,3225.000000,2995.000000,3040.000000,100476
3130.000000,3130.000000,2014-12-26,3285.000000,3130.000000,3130.000000,46487
3200.000000,3200.000000,2014-12-29,3270.000000,3100.000000,3200.000000,32994
3115.000000,3115.000000,2014-12-30,3220.000000,3105.000000,3160.000000,24240
3090.000000,3090.000000,2015-01-02,3200.000000,3070.000000,3200.000000,16522
3155.000000,3155.000000,2015-01-05,3240.000000,3070.000000,3090.000000,25239
3100.000000,3100.000000,2015-01-06,3150.000000,3070.000000,3150.000000,52887
3140.000000,3140.000000,2015-01-07,3190.000000,3090.000000,3090.000000,31530
3365.000000,3365.000000,2015-01-08,3580.000000,3140.000000,3185.000000,356627
3310.000000,3310.000000,2015-01-09,3440.000000,3300.000000,3440.000000,48582
3340.000000,3340.000000,2015-01-12,3360.000000,3305.000000,3360.000000,49041
3370.000000,3370.000000,2015-01-13,3405.000000,3200.000000,3325.000000,111950
3430.000000,3430.000000,2015-01-14,3485.000000,3300.000000,3360.000000,88910
3410.000000,3410.000000,2015-01-15,3450.000000,3230.000000,3430.000000,40210
3410.000000,3410.000000,2015-01-16,3650.000000,3385.000000,3410.000000,229788
3515.000000,3515.000000,2015-01-19,3605.000000,3425.000000,3500.000000,128889
3520.000000,3520.000000,2015-01-20,3585.000000,3485.000000,3515.000000,66597
3440.000000,3440.000000,2015-01-21,3600.000000,3425.000000,3570.000000,73953
3475.000000,3475.000000,2015-01-22,3600.000000,3420.000000,3540.000000,37011
3480.000000,3480.000000,2015-01-23,3500.000000,3440.000000,3480.000000,22553
3440.000000,3440.000000,2015-01-26,3500.000000,3390.000000,3490.000000,53651
3375.000000,3375.000000,2015-01-27,3485.000000,3290.000000,3440.000000,93277
3300.000000,3300.000000,2015-01-28,3395.000000,3295.000000,3395.000000,66082
3430.000000,3430.000000,2015-01-29,3430.000000,3310.000000,3345.000000,81108
3460.000000,3460.000000,2015-01-30,3500.000000,3310.000000,3435.000000,83765
3500.000000,3500.000000,2015-02-02,3515.000000,3460.000000,3495.000000,94835
3580.000000,3580.000000,2015-02-03,3590.000000,3485.000000,3590.000000,99228
3595.000000,3595.000000,2015-02-04,3650.000000,3525.000000,3600.000000,118670
3725.000000,3725.000000,2015-02-05,3780.000000,3595.000000,3640.000000,165280
3725.000000,3725.000000,2015-02-06,4045.000000,3655.000000,3890.000000,256620
3700.000000,3700.000000,2015-02-09,3765.000000,3615.000000,3685.000000,109528
3545.000000,3545.000000,2015-02-10,3695.000000,3510.000000,3660.000000,110361
3655.000000,3655.000000,2015-02-11,3680.000000,3530.000000,3530.000000,116122
3590.000000,3590.000000,2015-02-12,3700.000000,3580.000000,3630.000000,34901
3695.000000,3695.000000,2015-02-13,3840.000000,3630.000000,3635.000000,160748
3805.000000,3805.000000,2015-02-16,3850.000000,3690.000000,3740.000000,216440
3790.000000,3790.000000,2015-02-17,3830.000000,3735.000000,3810.000000,66191
3890.000000,3890.000000,2015-02-23,3925.000000,3810.000000,3895.000000,133518
3905.000000,3905.000000,2015-02-24,4000.000000,3885.000000,3890.000000,141438
3735.000000,3735.000000,2015-02-25,3955.000000,3700.000000,3905.000000,114302
3825.000000,3825.000000,2015-02-26,3880.000000,3620.000000,3695.000000,99001
3705.000000,3705.000000,2015-02-27,3900.000000,3685.000000,3880.000000,95250
3770.000000,3770.000000,2015-03-02,3780.000000,3620.000000,3710.000000,94684
3715.000000,3715.000000,2015-03-03,3775.000000,3680.000000,3775.000000,53306
3705.000000,3705.000000,2015-03-04,3885.000000,3700.000000,3755.000000,43054
3635.000000,3635.000000,2015-03-05,3770.000000,3635.000000,3770.000000,37651
3825.000000,3825.000000,2015-03-06,3830.000000,3640.000000,3700.000000,94752
3815.000000,3815.000000,2015-03-09,3870.000000,3750.000000,3825.000000,32150
3720.000000,3720.000000,2015-03-10,3875.000000,3700.000000,3820.000000,54198
3685.000000,3685.000000,2015-03-11,3795.000000,3675.000000,3795.000000,39585
3710.000000,3710.000000,2015-03-12,3775.000000,3695.000000,3775.000000,9143
3720.000000,3720.000000,2015-03-13,3750.000000,3675.000000,3715.000000,23573
3720.000000,3720.000000,2015-03-16,3775.000000,3675.000000,3720.000000,51686
3675.000000,3675.000000,2015-03-17,3800.000000,3665.000000,3725.000000,48069
3620.000000,3620.000000,2015-03-18,3740.000000,3600.000000,3670.000000,50990
3645.000000,3645.000000,2015-03-19,3680.000000,3565.000000,3615.000000,34544
3620.000000,3620.000000,2015-03-20,3670.000000,3590.000000,3610.000000,21130
3530.000000,3530.000000,2015-03-23,3630.000000,3520.000000,3630.000000,57186
3810.000000,3810.000000,2015-03-24,3825.000000,3515.000000,3530.000000,85540
3770.000000,3770.000000,2015-03-25,3815.000000,3710.000000,3810.000000,62400
3770.000000,3770.000000,2015-03-26,3795.000000,3720.000000,3770.000000,43238
3770.000000,3770.000000,2015-03-27,3805.000000,3725.000000,3800.000000,21584
3790.000000,3790.000000,2015-03-30,3815.000000,3720.000000,3750.000000,57723
3945.000000,3945.000000,2015-03-31,3955.000000,3750.000000,3790.000000,141940
3930.000000,3930.000000,2015-04-01,4015.000000,3850.000000,3945.000000,242859
4235.000000,4235.000000,2015-04-02,4390.000000,3905.000000,4000.000000,631033
4100.000000,4100.000000,2015-04-03,4300.000000,4075.000000,4240.000000,188371
4040.000000,4040.000000,2015-04-06,4145.000000,4025.000000,4100.000000,95685
4080.000000,4080.000000,2015-04-07,4095.000000,4000.000000,4010.000000,94807
4095.000000,4095.000000,2015-04-08,4290.000000,4045.000000,4120.000000,146651
4150.000000,4150.000000,2015-04-09,4190.000000,4085.000000,4100.000000,62694
4135.000000,4135.000000,2015-04-10,4220.000000,4115.000000,4180.000000,71715
4170.000000,4170.000000,2015-04-13,4190.000000,4050.000000,4135.000000,93902
4020.000000,4020.000000,2015-04-14,4210.000000,3975.000000,4200.000000,137920
4005.000000,4005.000000,2015-04-15,4140.000000,3990.000000,4020.000000,67179
4020.000000,4020.000000,2015-04-16,4080.000000,3975.000000,4070.000000,83141
4045.000000,4045.000000,2015-04-17,4085.000000,3975.000000,4020.000000,76023
4090.000000,4090.000000,2015-04-20,4100.000000,4000.000000,4045.000000,75172
4225.000000,4225.000000,2015-04-21,4365.000000,4120.000000,4190.000000,404465
4150.000000,4150.000000,2015-04-22,4355.000000,3770.000000,4300.000000,269053
3990.000000,3990.000000,2015-04-23,4280.000000,3940.000000,4280.000000,127767
4035.000000,4035.000000,2015-04-24,4250.000000,3820.000000,3905.000000,224710
3970.000000,3970.000000,2015-04-27,4045.000000,3920.000000,3990.000000,65589
3900.000000,3900.000000,2015-04-28,4090.000000,3840.000000,3965.000000,83511
3925.000000,3925.000000,2015-04-29,3950.000000,3840.000000,3885.000000,50243
3875.000000,3875.000000,2015-04-30,4050.000000,3820.000000,3995.000000,52435
3815.000000,3815.000000,2015-05-04,3880.000000,3750.000000,3880.000000,37954
3555.000000,3555.000000,2015-05-06,3780.000000,3555.000000,3705.000000,100166
3690.000000,3690.000000,2015-05-07,3920.000000,3575.000000,3575.000000,84765
3810.000000,3810.000000,2015-05-08,3845.000000,3730.000000,3750.000000,36384
3780.000000,3780.000000,2015-05-11,3845.000000,3730.000000,3765.000000,31084
3800.000000,3800.000000,2015-05-12,3925.000000,3710.000000,3750.000000,36067
3790.000000,3790.000000,2015-05-13,3835.000000,3735.000000,3800.000000,23709
3810.000000,3810.000000,2015-05-14,3845.000000,3735.000000,3735.000000,30815
3800.000000,3800.000000,2015-05-15,3910.000000,3735.000000,3910.000000,23937
3640.000000,3640.000000,2015-05-18,3800.000000,3535.000000,3800.000000,66953
3570.000000,3570.000000,2015-05-19,3695.000000,3530.000000,3570.000000,51079
3515.000000,3515.000000,2015-05-20,3630.000000,3450.000000,3630.000000,93921
3700.000000,3700.000000,2015-05-21,3740.000000,3530.000000,3545.000000,62069
3675.000000,3675.000000,2015-05-22,3750.000000,3650.000000,3750.000000,45884
3890.000000,3890.000000,2015-05-26,4220.000000,3590.000000,3790.000000,247487
3750.000000,3750.000000,2015-05-27,3920.000000,3710.000000,3910.000000,71983
3810.000000,3810.000000,2015-05-28,4045.000000,3745.000000,3800.000000,70107
3915.000000,3915.000000,2015-05-29,3925.000000,3760.000000,3810.000000,44274
4400.000000,4400.000000,2015-06-01,4500.000000,3925.000000,4000.000000,967937
4325.000000,4325.000000,2015-06-02,4640.000000,4325.000000,4640.000000,572825
4170.000000,4170.000000,2015-06-03,4460.000000,4105.000000,4300.000000,285063
3990.000000,3990.000000,2015-06-04,4245.000000,3990.000000,4185.000000,151343
3960.000000,3960.000000,2015-06-05,4150.000000,3925.000000,4000.000000,123063
4090.000000,4090.000000,2015-06-08,4170.000000,3850.000000,3935.000000,199085
4235.000000,4235.000000,2015-06-09,4450.000000,4010.000000,4010.000000,266659
4230.000000,4230.000000,2015-06-10,4390.000000,4140.000000,4275.000000,144122
4210.000000,4210.000000,2015-06-11,4360.000000,4200.000000,4345.000000,79276
4055.000000,4055.000000,2015-06-12,4320.000000,4055.000000,4170.000000,79320
3950.000000,3950.000000,2015-06-15,4195.000000,3860.000000,3865.000000,94494
3785.000000,3785.000000,2015-06-16,4090.000000,3745.000000,4090.000000,160097
3960.000000,3960.000000,2015-06-17,3990.000000,3750.000000,3990.000000,70551
4055.000000,4055.000000,2015-06-18,4195.000000,3930.000000,3960.000000,91250
4075.000000,4075.000000,2015-06-19,4145.000000,4000.000000,4055.000000,47026
4030.000000,4030.000000,2015-06-22,4190.000000,3950.000000,4075.000000,87806
4005.000000,4005.000000,2015-06-23,4100.000000,3980.000000,4035.000000,64302
4270.000000,4270.000000,2015-06-24,4300.000000,4000.000000,4015.000000,141591
4165.000000,4165.000000,2015-06-25,4300.000000,4135.000000,4285.000000,89911
4815.000000,4815.000000,2015-06-26,4970.000000,4300.000000,4315.000000,1645854
5590.000000,5590.000000,2015-06-29,5770.000000,4700.000000,4800.000000,2096900
5750.000000,5750.000000,2015-06-30,6340.000000,5250.000000,5610.000000,1715447
5900.000000,5900.000000,2015-07-01,6050.000000,5610.000000,5850.000000,642466
6160.000000,6160.000000,2015-07-02,6430.000000,5830.000000,5900.000000,706633
6680.000000,6680.000000,2015-07-03,6680.000000,6210.000000,6350.000000,767380
7250.000000,7250.000000,2015-07-06,7530.000000,6520.000000,6530.000000,841237
5900.000000,5900.000000,2015-07-07,7300.000000,5810.000000,7250.000000,1219046
5610.000000,5610.000000,2015-07-08,6230.000000,5430.000000,6030.000000,566768
5650.000000,5650.000000,2015-07-09,5750.000000,5180.000000,5420.000000,330532
5250.000000,5250.000000,2015-07-10,5850.000000,5250.000000,5790.000000,209144
6300.000000,6300.000000,2015-07-13,6390.000000,5150.000000,5250.000000,395512
6310.000000,6310.000000,2015-07-14,6950.000000,6220.000000,6700.000000,484924
6890.000000,6890.000000,2015-07-15,7020.000000,6320.000000,6400.000000,575701
6570.000000,6570.000000,2015-07-16,6960.000000,6530.000000,6890.000000,322930
6540.000000,6540.000000,2015-07-17,6950.000000,6350.000000,6480.000000,220988
6520.000000,6520.000000,2015-07-20,6760.000000,6440.000000,6570.000000,126273
6630.000000,6630.000000,2015-07-21,6680.000000,6420.000000,6680.000000,115456
6670.000000,6670.000000,2015-07-22,6890.000000,6580.000000,6650.000000,138201
7600.000000,7600.000000,2015-07-23,7870.000000,6800.000000,6800.000000,1097672
8060.000000,8060.000000,2015-07-24,8460.000000,7680.000000,7740.000000,953840
8680.000000,8680.000000,2015-07-27,9280.000000,8240.000000,8550.000000,1024933
8500.000000,8500.000000,2015-07-28,8650.000000,8020.000000,8300.000000,433859
7900.000000,7900.000000,2015-07-29,8890.000000,7900.000000,8700.000000,239817
7630.000000,7630.000000,2015-07-30,8090.000000,7510.000000,7620.000000,209539
8380.000000,8380.000000,2015-07-31,8590.000000,7640.000000,7700.000000,325773
8600.000000,8600.000000,2015-08-03,8670.000000,7900.000000,8380.000000,211027
8840.000000,8840.000000,2015-08-04,9010.000000,8370.000000,8740.000000,247581
8430.000000,8430.000000,2015-08-05,8800.000000,8300.000000,8720.000000,337905
8170.000000,8170.000000,2015-08-06,8790.000000,8160.000000,8530.000000,224912
8060.000000,8060.000000,2015-08-07,8450.000000,7980.000000,8160.000000,177473
8230.000000,8230.000000,2015-08-10,8500.000000,8060.000000,8500.000000,105718
8320.000000,8320.000000,2015-08-11,8790.000000,8180.000000,8260.000000,246480
7980.000000,7980.000000,2015-08-12,8450.000000,7500.000000,8170.000000,249750
8010.000000,8010.000000,2015-08-13,8300.000000,7750.000000,7910.000000,137642
null,null,2015-08-14,null,null,null,null
7940.000000,7940.000000,2015-08-17,8130.000000,7750.000000,8090.000000,134907
7830.000000,7830.000000,2015-08-18,8090.000000,7630.000000,8010.000000,150198
7340.000000,7340.000000,2015-08-19,7930.000000,6900.000000,7930.000000,361969
7480.000000,7480.000000,2015-08-20,7870.000000,7140.000000,7140.000000,275128
7080.000000,7080.000000,2015-08-21,7280.000000,6750.000000,6900.000000,195719
6600.000000,6600.000000,2015-08-24,7230.000000,6600.000000,6900.000000,193244
7200.000000,7200.000000,2015-08-25,7520.000000,6360.000000,6470.000000,343342
7350.000000,7350.000000,2015-08-26,7550.000000,7000.000000,7300.000000,163532
7720.000000,7720.000000,2015-08-27,7850.000000,7350.000000,7400.000000,170719
7900.000000,7900.000000,2015-08-28,8050.000000,7790.000000,8000.000000,137895
7900.000000,7900.000000,2015-08-31,7970.000000,7680.000000,7900.000000,59950
7250.000000,7250.000000,2015-09-01,7910.000000,7250.000000,7910.000000,110961
7550.000000,7550.000000,2015-09-02,7550.000000,6900.000000,7010.000000,99961
7770.000000,7770.000000,2015-09-03,8230.000000,7520.000000,7550.000000,219386
7680.000000,7680.000000,2015-09-04,8380.000000,7650.000000,7850.000000,235763
7730.000000,7730.000000,2015-09-07,8020.000000,7640.000000,7680.000000,60872
7230.000000,7230.000000,2015-09-08,7890.000000,7210.000000,7730.000000,83293
7290.000000,7290.000000,2015-09-09,7600.000000,7120.000000,7270.000000,111510
7400.000000,7400.000000,2015-09-10,7450.000000,7040.000000,7040.000000,40829
7250.000000,7250.000000,2015-09-11,7650.000000,7200.000000,7650.000000,31950
6950.000000,6950.000000,2015-09-14,7350.000000,6930.000000,7330.000000,70612
7000.000000,7000.000000,2015-09-15,7200.000000,6850.000000,6950.000000,46668
7220.000000,7220.000000,2015-09-16,7220.000000,7000.000000,7000.000000,48023
7220.000000,7220.000000,2015-09-17,7250.000000,7100.000000,7150.000000,26189
7480.000000,7480.000000,2015-09-18,7730.000000,7180.000000,7250.000000,88250
7240.000000,7240.000000,2015-09-21,7450.000000,7240.000000,7390.000000,47735
7790.000000,7790.000000,2015-09-22,7930.000000,7190.000000,7230.000000,185674
7710.000000,7710.000000,2015-09-23,7860.000000,7500.000000,7640.000000,62696
7600.000000,7600.000000,2015-09-24,7850.000000,7300.000000,7800.000000,44597
7690.000000,7690.000000,2015-09-25,7770.000000,7460.000000,7770.000000,37891
7420.000000,7420.000000,2015-09-30,7460.000000,7140.000000,7300.000000,115300
7360.000000,7360.000000,2015-10-01,7540.000000,7300.000000,7540.000000,29739
7280.000000,7280.000000,2015-10-02,7450.000000,7280.000000,7450.000000,41393
7230.000000,7230.000000,2015-10-05,7470.000000,7220.000000,7280.000000,59469
7070.000000,7070.000000,2015-10-06,7400.000000,7070.000000,7210.000000,37433
6920.000000,6920.000000,2015-10-07,7200.000000,6780.000000,7120.000000,68108
6970.000000,6970.000000,2015-10-08,7170.000000,6930.000000,7170.000000,47439
6790.000000,6790.000000,2015-10-12,7160.000000,6720.000000,6980.000000,41180
6720.000000,6720.000000,2015-10-13,7050.000000,6500.000000,6870.000000,57238
6500.000000,6500.000000,2015-10-14,6860.000000,6290.000000,6860.000000,154213
6650.000000,6650.000000,2015-10-15,8450.000000,6250.000000,6500.000000,3522646
6680.000000,6680.000000,2015-10-16,6940.000000,6670.000000,6890.000000,364809
6940.000000,6940.000000,2015-10-19,7120.000000,6680.000000,6750.000000,311475
7150.000000,7150.000000,2015-10-20,7370.000000,6880.000000,6910.000000,216256
7150.000000,7150.000000,2015-10-21,7380.000000,7050.000000,7200.000000,112993
7050.000000,7050.000000,2015-10-22,7270.000000,7010.000000,7200.000000,81735
7000.000000,7000.000000,2015-10-23,7190.000000,6920.000000,7190.000000,73824
6930.000000,6930.000000,2015-10-26,7220.000000,6870.000000,6940.000000,98826
6720.000000,6720.000000,2015-10-27,6930.000000,6650.000000,6930.000000,130913
6670.000000,6670.000000,2015-10-28,6880.000000,6590.000000,6670.000000,87341
6800.000000,6800.000000,2015-10-29,6960.000000,6700.000000,6800.000000,48132
6750.000000,6750.000000,2015-10-30,6930.000000,6650.000000,6800.000000,81411
6790.000000,6790.000000,2015-11-02,6900.000000,6680.000000,6680.000000,34835
6740.000000,6740.000000,2015-11-03,6970.000000,6670.000000,6960.000000,59490
6630.000000,6630.000000,2015-11-04,6900.000000,6600.000000,6750.000000,73745
6710.000000,6710.000000,2015-11-05,6800.000000,6620.000000,6800.000000,22878
6920.000000,6920.000000,2015-11-06,7380.000000,6660.000000,6710.000000,257108
6650.000000,6650.000000,2015-11-09,6970.000000,6640.000000,6950.000000,124362
6650.000000,6650.000000,2015-11-10,6730.000000,6460.000000,6730.000000,100730
6750.000000,6750.000000,2015-11-11,6990.000000,6550.000000,6680.000000,66904
6580.000000,6580.000000,2015-11-12,6950.000000,6580.000000,6810.000000,53984
6260.000000,6260.000000,2015-11-13,6570.000000,6100.000000,6570.000000,101964
5300.000000,5300.000000,2015-11-16,6090.000000,5300.000000,5910.000000,222733
5510.000000,5510.000000,2015-11-17,5700.000000,5350.000000,5350.000000,116502
5490.000000,5490.000000,2015-11-18,5690.000000,5410.000000,5690.000000,39251
5500.000000,5500.000000,2015-11-19,5690.000000,5450.000000,5620.000000,87496
5400.000000,5400.000000,2015-11-20,5650.000000,5400.000000,5560.000000,68794
5430.000000,5430.000000,2015-11-23,5570.000000,5330.000000,5430.000000,33193
5690.000000,5690.000000,2015-11-24,5700.000000,5350.000000,5450.000000,50597
5690.000000,5690.000000,2015-11-25,5800.000000,5620.000000,5790.000000,47380
5700.000000,5700.000000,2015-11-26,6000.000000,5600.000000,5700.000000,77734
5730.000000,5730.000000,2015-11-27,6000.000000,5600.000000,5700.000000,197641
5760.000000,5760.000000,2015-11-30,5880.000000,5580.000000,5740.000000,55578
5710.000000,5710.000000,2015-12-01,5800.000000,5670.000000,5800.000000,28744
5850.000000,5850.000000,2015-12-02,5880.000000,5650.000000,5720.000000,83412
5770.000000,5770.000000,2015-12-03,5840.000000,5720.000000,5840.000000,30205
5710.000000,5710.000000,2015-12-04,5870.000000,5700.000000,5720.000000,25336
5690.000000,5690.000000,2015-12-07,5860.000000,5550.000000,5740.000000,98638
5510.000000,5510.000000,2015-12-08,5750.000000,5300.000000,5750.000000,65092
5530.000000,5530.000000,2015-12-09,5680.000000,5380.000000,5510.000000,50210
5540.000000,5540.000000,2015-12-10,5590.000000,5350.000000,5400.000000,40172
5460.000000,5460.000000,2015-12-11,5700.000000,5350.000000,5540.000000,59225
4980.000000,4980.000000,2015-12-14,5370.000000,4930.000000,5310.000000,107824
4800.000000,4800.000000,2015-12-15,5150.000000,4800.000000,4930.000000,72628
4970.000000,4970.000000,2015-12-16,5100.000000,4795.000000,4800.000000,146450
5030.000000,5030.000000,2015-12-17,5100.000000,4900.000000,5100.000000,108917
5680.000000,5680.000000,2015-12-18,5880.000000,5000.000000,5050.000000,228157
5530.000000,5530.000000,2015-12-21,5710.000000,5490.000000,5580.000000,54320
5470.000000,5470.000000,2015-12-22,5790.000000,5300.000000,5790.000000,48647
5380.000000,5380.000000,2015-12-23,5660.000000,5330.000000,5510.000000,25919
5230.000000,5230.000000,2015-12-24,5530.000000,5200.000000,5530.000000,41292
5140.000000,5140.000000,2015-12-28,5270.000000,5080.000000,5160.000000,35247
5290.000000,5290.000000,2015-12-29,5390.000000,5180.000000,5360.000000,28764
5500.000000,5500.000000,2015-12-30,5640.000000,5290.000000,5440.000000,55336
5600.000000,5600.000000,2016-01-04,5750.000000,5540.000000,5740.000000,45660
5900.000000,5900.000000,2016-01-05,5970.000000,5450.000000,5550.000000,108969
6400.000000,6400.000000,2016-01-06,6450.000000,5780.000000,5890.000000,203861
6500.000000,6500.000000,2016-01-07,6800.000000,6350.000000,6390.000000,125555
6510.000000,6510.000000,2016-01-08,6560.000000,6260.000000,6380.000000,77017
6300.000000,6300.000000,2016-01-11,6570.000000,6300.000000,6560.000000,40702
6200.000000,6200.000000,2016-01-12,6300.000000,6150.000000,6170.000000,57673
6270.000000,6270.000000,2016-01-13,6330.000000,6150.000000,6200.000000,48511
6050.000000,6050.000000,2016-01-14,6230.000000,6020.000000,6020.000000,61652
6010.000000,6010.000000,2016-01-15,6240.000000,5890.000000,6060.000000,58459
5940.000000,5940.000000,2016-01-18,6170.000000,5890.000000,6170.000000,45084
5990.000000,5990.000000,2016-01-19,6040.000000,5820.000000,6040.000000,37105
6110.000000,6110.000000,2016-01-20,6430.000000,5870.000000,5970.000000,102794
6100.000000,6100.000000,2016-01-21,6290.000000,5890.000000,6130.000000,38134
5970.000000,5970.000000,2016-01-22,6100.000000,5950.000000,6100.000000,44530
6050.000000,6050.000000,2016-01-25,6100.000000,5940.000000,5980.000000,42352
5910.000000,5910.000000,2016-01-26,6180.000000,5910.000000,6180.000000,36888
5820.000000,5820.000000,2016-01-27,6150.000000,5700.000000,6000.000000,75528
5850.000000,5850.000000,2016-01-28,5900.000000,5700.000000,5760.000000,70999
5860.000000,5860.000000,2016-01-29,5930.000000,5760.000000,5930.000000,45401
6130.000000,6130.000000,2016-02-01,6150.000000,5760.000000,5870.000000,93727
6100.000000,6100.000000,2016-02-02,6180.000000,5900.000000,6130.000000,58098
6000.000000,6000.000000,2016-02-03,6180.000000,5990.000000,6010.000000,53427
6190.000000,6190.000000,2016-02-04,6190.000000,5900.000000,5960.000000,110242
6190.000000,6190.000000,2016-02-05,7440.000000,6130.000000,6800.000000,798115
5800.000000,5800.000000,2016-02-11,6090.000000,5700.000000,6000.000000,224073
5300.000000,5300.000000,2016-02-12,5900.000000,5160.000000,5780.000000,250658
5320.000000,5320.000000,2016-02-15,5600.000000,5040.000000,5300.000000,104176
5400.000000,5400.000000,2016-02-16,5500.000000,5310.000000,5500.000000,39357
5400.000000,5400.000000,2016-02-17,5570.000000,5370.000000,5400.000000,30578
5550.000000,5550.000000,2016-02-18,5650.000000,5410.000000,5420.000000,46437
5840.000000,5840.000000,2016-02-19,5990.000000,5520.000000,5650.000000,57487
5900.000000,5900.000000,2016-02-22,5990.000000,5750.000000,5840.000000,31125
5760.000000,5760.000000,2016-02-23,5930.000000,5690.000000,5930.000000,46866
5650.000000,5650.000000,2016-02-24,5820.000000,5610.000000,5760.000000,29662
5720.000000,5720.000000,2016-02-25,5750.000000,5540.000000,5750.000000,24331
5620.000000,5620.000000,2016-02-26,5800.000000,5600.000000,5790.000000,17979
5680.000000,5680.000000,2016-02-29,5740.000000,5520.000000,5700.000000,23991
5870.000000,5870.000000,2016-03-02,6000.000000,5650.000000,5700.000000,121695
5830.000000,5830.000000,2016-03-03,6000.000000,5830.000000,5870.000000,29870
5910.000000,5910.000000,2016-03-04,5980.000000,5800.000000,5980.000000,29289
5870.000000,5870.000000,2016-03-07,5990.000000,5770.000000,5910.000000,38152
5780.000000,5780.000000,2016-03-08,5910.000000,5680.000000,5890.000000,40871
5800.000000,5800.000000,2016-03-09,5820.000000,5540.000000,5770.000000,24765
5690.000000,5690.000000,2016-03-10,5900.000000,5670.000000,5870.000000,24246
5810.000000,5810.000000,2016-03-11,5880.000000,5740.000000,5760.000000,35031
5820.000000,5820.000000,2016-03-14,6180.000000,5800.000000,5900.000000,163322
5770.000000,5770.000000,2016-03-15,5990.000000,5750.000000,5990.000000,62264
5820.000000,5820.000000,2016-03-16,5900.000000,5740.000000,5850.000000,24002
5970.000000,5970.000000,2016-03-17,6040.000000,5860.000000,5890.000000,117773
5940.000000,5940.000000,2016-03-18,5990.000000,5930.000000,5970.000000,30238
5830.000000,5830.000000,2016-03-21,6100.000000,5780.000000,6100.000000,61469
5710.000000,5710.000000,2016-03-22,7320.000000,5710.000000,5870.000000,2634771
5620.000000,5620.000000,2016-03-23,5740.000000,5420.000000,5700.000000,276149
5400.000000,5400.000000,2016-03-24,5670.000000,5400.000000,5620.000000,130616
5520.000000,5520.000000,2016-03-25,5640.000000,5350.000000,5350.000000,86220
5510.000000,5510.000000,2016-03-28,5570.000000,5470.000000,5480.000000,61996
5590.000000,5590.000000,2016-03-29,5620.000000,5430.000000,5430.000000,51218
5600.000000,5600.000000,2016-03-30,5670.000000,5560.000000,5570.000000,29323
5600.000000,5600.000000,2016-03-31,5650.000000,5520.000000,5600.000000,29650
5550.000000,5550.000000,2016-04-01,5680.000000,5550.000000,5600.000000,40696
5710.000000,5710.000000,2016-04-04,5710.000000,5450.000000,5550.000000,51400
5620.000000,5620.000000,2016-04-05,5740.000000,5570.000000,5650.000000,32324
5600.000000,5600.000000,2016-04-06,5690.000000,5500.000000,5650.000000,66424
5540.000000,5540.000000,2016-04-07,5640.000000,5500.000000,5640.000000,43366
5750.000000,5750.000000,2016-04-08,5850.000000,5480.000000,5570.000000,98868
5700.000000,5700.000000,2016-04-11,5730.000000,5600.000000,5670.000000,76030
5650.000000,5650.000000,2016-04-12,5710.000000,5600.000000,5700.000000,25539
5680.000000,5680.000000,2016-04-14,5750.000000,5560.000000,5650.000000,45537
5600.000000,5600.000000,2016-04-15,5750.000000,5490.000000,5700.000000,76304
5500.000000,5500.000000,2016-04-18,5740.000000,5410.000000,5740.000000,47148
5520.000000,5520.000000,2016-04-19,5590.000000,5400.000000,5500.000000,58174
5430.000000,5430.000000,2016-04-20,5590.000000,5410.000000,5590.000000,43300
5260.000000,5260.000000,2016-04-21,5490.000000,5230.000000,5410.000000,74515
5200.000000,5200.000000,2016-04-22,5350.000000,5170.000000,5260.000000,64400
5310.000000,5310.000000,2016-04-25,5320.000000,5080.000000,5290.000000,42465
5210.000000,5210.000000,2016-04-26,5380.000000,5210.000000,5380.000000,63042
5100.000000,5100.000000,2016-04-27,5400.000000,5100.000000,5180.000000,48620
5100.000000,5100.000000,2016-04-28,5240.000000,5030.000000,5140.000000,79566
5440.000000,5440.000000,2016-04-29,6230.000000,5140.000000,5270.000000,1267314
5810.000000,5810.000000,2016-05-02,5920.000000,5450.000000,5450.000000,302269
5780.000000,5780.000000,2016-05-03,5930.000000,5660.000000,5930.000000,245962
5810.000000,5810.000000,2016-05-04,5950.000000,5700.000000,5920.000000,145001
5810.000000,5810.000000,2016-05-09,5900.000000,5650.000000,5840.000000,80191
6050.000000,6050.000000,2016-05-10,6680.000000,5700.000000,5810.000000,1089644
6300.000000,6300.000000,2016-05-11,6300.000000,6010.000000,6110.000000,203112
6450.000000,6450.000000,2016-05-12,6470.000000,6160.000000,6290.000000,198331
6190.000000,6190.000000,2016-05-13,6450.000000,6190.000000,6440.000000,153037
6290.000000,6290.000000,2016-05-16,6570.000000,6150.000000,6250.000000,173337
6400.000000,6400.000000,2016-05-17,6500.000000,6210.000000,6500.000000,128205
6100.000000,6100.000000,2016-05-18,6470.000000,6020.000000,6370.000000,143630
6170.000000,6170.000000,2016-05-19,6280.000000,5920.000000,6100.000000,123942
6740.000000,6740.000000,2016-05-20,6980.000000,6070.000000,6070.000000,486549
6770.000000,6770.000000,2016-05-23,6890.000000,6690.000000,6800.000000,143325
7050.000000,7050.000000,2016-05-24,7100.000000,6540.000000,6770.000000,228798
7230.000000,7230.000000,2016-05-25,7670.000000,6990.000000,7100.000000,426855
7310.000000,7310.000000,2016-05-26,7600.000000,7150.000000,7230.000000,135112
7530.000000,7530.000000,2016-05-27,7590.000000,7190.000000,7310.000000,99713
7750.000000,7750.000000,2016-05-30,7790.000000,7450.000000,7530.000000,188654
7540.000000,7540.000000,2016-05-31,7920.000000,7540.000000,7640.000000,117522
7590.000000,7590.000000,2016-06-01,7800.000000,7450.000000,7540.000000,70816
8000.000000,8000.000000,2016-06-02,8080.000000,7530.000000,7540.000000,208980
7960.000000,7960.000000,2016-06-03,8140.000000,7800.000000,8140.000000,91245
7960.000000,7960.000000,2016-06-07,8120.000000,7860.000000,8090.000000,124864
7940.000000,7940.000000,2016-06-08,8150.000000,7840.000000,8150.000000,110011
8110.000000,8110.000000,2016-06-09,8440.000000,7850.000000,7940.000000,130888
8150.000000,8150.000000,2016-06-10,8320.000000,8080.000000,8320.000000,41653
8050.000000,8050.000000,2016-06-13,8150.000000,7900.000000,8110.000000,62503
7950.000000,7950.000000,2016-06-14,8150.000000,7820.000000,8070.000000,62124
7910.000000,7910.000000,2016-06-15,8150.000000,7760.000000,8150.000000,69909
7600.000000,7600.000000,2016-06-16,8040.000000,7300.000000,7980.000000,183756
7450.000000,7450.000000,2016-06-17,7720.000000,7450.000000,7600.000000,99745
7710.000000,7710.000000,2016-06-20,7950.000000,7350.000000,7440.000000,75137
7710.000000,7710.000000,2016-06-21,7800.000000,7580.000000,7730.000000,46474
7710.000000,7710.000000,2016-06-22,7880.000000,7630.000000,7880.000000,47455
7220.000000,7220.000000,2016-06-23,7700.000000,7220.000000,7690.000000,126854
6580.000000,6580.000000,2016-06-24,7470.000000,5590.000000,7470.000000,701150
6600.000000,6600.000000,2016-06-27,6690.000000,6300.000000,6300.000000,86994
6890.000000,6890.000000,2016-06-28,6890.000000,6550.000000,6770.000000,60503
6970.000000,6970.000000,2016-06-29,7180.000000,6910.000000,6910.000000,98264
6860.000000,6860.000000,2016-06-30,7120.000000,6800.000000,7100.000000,77099
6980.000000,6980.000000,2016-07-01,7100.000000,6870.000000,7100.000000,53821
6940.000000,6940.000000,2016-07-04,7150.000000,6930.000000,7100.000000,56163
6920.000000,6920.000000,2016-07-05,7060.000000,6600.000000,6940.000000,58577
6680.000000,6680.000000,2016-07-06,7000.000000,6600.000000,7000.000000,94191
6830.000000,6830.000000,2016-07-07,6990.000000,6670.000000,6760.000000,75978
6740.000000,6740.000000,2016-07-08,6830.000000,6640.000000,6830.000000,36355
6810.000000,6810.000000,2016-07-11,6940.000000,6670.000000,6940.000000,61921
6850.000000,6850.000000,2016-07-12,6930.000000,6670.000000,6930.000000,53469
6750.000000,6750.000000,2016-07-13,6920.000000,6600.000000,6920.000000,86233
6550.000000,6550.000000,2016-07-14,6750.000000,6260.000000,6660.000000,128957
6600.000000,6600.000000,2016-07-15,6730.000000,6460.000000,6460.000000,80168
6450.000000,6450.000000,2016-07-18,6700.000000,6390.000000,6700.000000,57000
6440.000000,6440.000000,2016-07-19,6500.000000,6260.000000,6500.000000,56501
6350.000000,6350.000000,2016-07-20,6500.000000,6340.000000,6500.000000,35104
6420.000000,6420.000000,2016-07-21,6480.000000,6310.000000,6480.000000,42987
6490.000000,6490.000000,2016-07-22,6560.000000,6390.000000,6490.000000,47263
6460.000000,6460.000000,2016-07-25,6580.000000,6420.000000,6580.000000,34799
6460.000000,6460.000000,2016-07-26,6530.000000,6390.000000,6390.000000,21241
6460.000000,6460.000000,2016-07-27,6770.000000,6380.000000,6500.000000,35842
6460.000000,6460.000000,2016-07-28,6560.000000,6370.000000,6560.000000,27575
6460.000000,6460.000000,2016-07-29,6570.000000,6380.000000,6570.000000,25402
6390.000000,6390.000000,2016-08-01,6590.000000,6370.000000,6590.000000,23790
6300.000000,6300.000000,2016-08-02,6430.000000,6290.000000,6400.000000,41604
6060.000000,6060.000000,2016-08-03,6310.000000,5880.000000,6300.000000,117111
6080.000000,6080.000000,2016-08-04,6110.000000,5950.000000,6060.000000,41225
5920.000000,5920.000000,2016-08-05,6180.000000,5910.000000,6180.000000,58384
5910.000000,5910.000000,2016-08-08,6070.000000,5860.000000,6070.000000,18020
6040.000000,6040.000000,2016-08-09,6090.000000,5910.000000,5910.000000,22441
6020.000000,6020.000000,2016-08-10,6070.000000,5970.000000,5970.000000,22765
6040.000000,6040.000000,2016-08-11,6320.000000,6010.000000,6220.000000,42830
5900.000000,5900.000000,2016-08-12,6300.000000,5890.000000,6200.000000,101501
6130.000000,6130.000000,2016-08-16,6170.000000,5950.000000,6070.000000,56565
6530.000000,6530.000000,2016-08-17,6750.000000,6140.000000,6140.000000,188731
6530.000000,6530.000000,2016-08-18,6900.000000,6400.000000,6770.000000,104627
6260.000000,6260.000000,2016-08-19,6540.000000,6230.000000,6530.000000,93419
6260.000000,6260.000000,2016-08-22,6540.000000,6160.000000,6540.000000,67691
6220.000000,6220.000000,2016-08-23,6250.000000,6040.000000,6200.000000,38347
6150.000000,6150.000000,2016-08-24,6340.000000,6130.000000,6220.000000,34071
6020.000000,6020.000000,2016-08-25,6200.000000,6020.000000,6200.000000,51785
6280.000000,6280.000000,2016-08-26,6370.000000,6000.000000,6020.000000,52672
6280.000000,6280.000000,2016-08-29,6320.000000,6150.000000,6280.000000,31249
6490.000000,6490.000000,2016-08-30,6490.000000,6200.000000,6200.000000,50643
6400.000000,6400.000000,2016-08-31,6440.000000,6260.000000,6430.000000,63681
6400.000000,6400.000000,2016-09-01,6570.000000,6170.000000,6570.000000,93949
6280.000000,6280.000000,2016-09-02,6430.000000,6250.000000,6430.000000,29866
6300.000000,6300.000000,2016-09-05,6350.000000,6160.000000,6280.000000,30466
6260.000000,6260.000000,2016-09-06,6280.000000,6130.000000,6210.000000,43620
6260.000000,6260.000000,2016-09-07,6290.000000,6130.000000,6290.000000,29516
6200.000000,6200.000000,2016-09-08,6260.000000,6000.000000,6260.000000,53275
6040.000000,6040.000000,2016-09-09,6150.000000,6010.000000,6150.000000,23355
6040.000000,6040.000000,2016-09-12,6080.000000,5940.000000,6040.000000,19550
6100.000000,6100.000000,2016-09-13,6280.000000,5930.000000,5950.000000,19858
5980.000000,5980.000000,2016-09-19,6080.000000,5950.000000,6010.000000,24108
5980.000000,5980.000000,2016-09-20,6180.000000,5880.000000,6180.000000,29363
6050.000000,6050.000000,2016-09-21,6080.000000,5960.000000,5980.000000,24680
6040.000000,6040.000000,2016-09-22,6230.000000,5960.000000,6230.000000,26626
6100.000000,6100.000000,2016-09-23,6110.000000,5980.000000,6110.000000,19719
5980.000000,5980.000000,2016-09-26,6150.000000,5970.000000,6150.000000,18868
6050.000000,6050.000000,2016-09-27,6070.000000,5950.000000,5970.000000,20578
6000.000000,6000.000000,2016-09-28,6140.000000,6000.000000,6140.000000,13788
6000.000000,6000.000000,2016-09-29,6150.000000,5950.000000,6150.000000,25114
5860.000000,5860.000000,2016-09-30,6030.000000,5690.000000,6030.000000,82759
5870.000000,5870.000000,2016-10-04,5940.000000,5610.000000,5850.000000,24827
5850.000000,5850.000000,2016-10-05,5940.000000,5780.000000,5850.000000,11255
5810.000000,5810.000000,2016-10-06,5950.000000,5760.000000,5950.000000,8107
5770.000000,5770.000000,2016-10-07,5920.000000,5700.000000,5700.000000,27075
5820.000000,5820.000000,2016-10-10,5900.000000,5780.000000,5900.000000,10531
5780.000000,5780.000000,2016-10-11,5840.000000,5730.000000,5820.000000,12467
5770.000000,5770.000000,2016-10-12,5810.000000,5660.000000,5780.000000,16536
5650.000000,5650.000000,2016-10-13,5840.000000,5650.000000,5840.000000,33922
5660.000000,5660.000000,2016-10-14,5720.000000,5600.000000,5700.000000,18555
5600.000000,5600.000000,2016-10-17,5700.000000,5550.000000,5700.000000,24315
5650.000000,5650.000000,2016-10-18,5700.000000,5570.000000,5700.000000,8430
5820.000000,5820.000000,2016-10-19,5850.000000,5550.000000,5570.000000,27460
5790.000000,5790.000000,2016-10-20,5840.000000,5680.000000,5840.000000,4450
5770.000000,5770.000000,2016-10-21,5820.000000,5620.000000,5800.000000,13503
5730.000000,5730.000000,2016-10-24,5810.000000,5510.000000,5810.000000,32374
5720.000000,5720.000000,2016-10-25,5800.000000,5590.000000,5800.000000,20824
5680.000000,5680.000000,2016-10-26,5730.000000,5560.000000,5610.000000,27078
5800.000000,5800.000000,2016-10-27,5840.000000,5510.000000,5750.000000,17967
5820.000000,5820.000000,2016-10-28,5850.000000,5640.000000,5850.000000,13146
5670.000000,5670.000000,2016-10-31,5890.000000,5670.000000,5670.000000,25785
5670.000000,5670.000000,2016-11-01,5810.000000,5560.000000,5670.000000,12360
5500.000000,5500.000000,2016-11-02,5700.000000,5270.000000,5700.000000,34471
5510.000000,5510.000000,2016-11-03,5690.000000,5350.000000,5600.000000,22430
5460.000000,5460.000000,2016-11-04,5740.000000,5320.000000,5740.000000,25690
5370.000000,5370.000000,2016-11-07,5640.000000,5350.000000,5460.000000,10550
5320.000000,5320.000000,2016-11-08,5460.000000,5250.000000,5460.000000,21428
5190.000000,5190.000000,2016-11-09,5450.000000,4880.000000,5450.000000,55944
5570.000000,5570.000000,2016-11-10,5840.000000,5190.000000,5190.000000,110895
5530.000000,5530.000000,2016-11-11,5570.000000,5420.000000,5570.000000,10672
5440.000000,5440.000000,2016-11-14,5760.000000,5380.000000,5760.000000,14615
5400.000000,5400.000000,2016-11-15,5540.000000,5240.000000,5540.000000,34003
5580.000000,5580.000000,2016-11-16,5600.000000,5280.000000,5530.000000,36100
5620.000000,5620.000000,2016-11-17,5770.000000,5520.000000,5770.000000,12925
5610.000000,5610.000000,2016-11-18,5720.000000,5430.000000,5720.000000,21439
5550.000000,5550.000000,2016-11-21,5680.000000,5450.000000,5680.000000,8879
5550.000000,5550.000000,2016-11-22,5600.000000,5370.000000,5500.000000,14226
5430.000000,5430.000000,2016-11-23,5540.000000,5400.000000,5510.000000,7964
5460.000000,5460.000000,2016-11-24,5730.000000,5280.000000,5690.000000,14963
5390.000000,5390.000000,2016-11-25,5500.000000,5310.000000,5500.000000,4231
5270.000000,5270.000000,2016-11-28,5490.000000,5010.000000,5400.000000,40505
5330.000000,5330.000000,2016-11-29,5370.000000,5130.000000,5370.000000,7809
5380.000000,5380.000000,2016-11-30,5490.000000,5270.000000,5360.000000,8230
5260.000000,5260.000000,2016-12-01,5480.000000,5170.000000,5480.000000,23381
5410.000000,5410.000000,2016-12-02,5410.000000,5130.000000,5300.000000,44576
5340.000000,5340.000000,2016-12-05,5470.000000,5250.000000,5410.000000,1998
5400.000000,5400.000000,2016-12-06,5420.000000,5270.000000,5400.000000,44438
5300.000000,5300.000000,2016-12-07,5490.000000,5200.000000,5490.000000,23205
5390.000000,5390.000000,2016-12-08,5450.000000,5250.000000,5350.000000,12315
5430.000000,5430.000000,2016-12-09,5500.000000,5260.000000,5440.000000,18783
5430.000000,5430.000000,2016-12-12,5510.000000,5290.000000,5510.000000,16339
5560.000000,5560.000000,2016-12-13,5600.000000,5330.000000,5450.000000,58128
5540.000000,5540.000000,2016-12-14,5620.000000,5530.000000,5600.000000,10765
5660.000000,5660.000000,2016-12-15,5690.000000,5410.000000,5410.000000,54817
5730.000000,5730.000000,2016-12-16,5800.000000,5560.000000,5770.000000,11418
5520.000000,5520.000000,2016-12-19,5860.000000,5520.000000,5800.000000,23798
5510.000000,5510.000000,2016-12-20,5520.000000,5430.000000,5470.000000,23630
5540.000000,5540.000000,2016-12-21,5600.000000,5460.000000,5520.000000,16447
5450.000000,5450.000000,2016-12-22,5540.000000,5430.000000,5540.000000,8378
5370.000000,5370.000000,2016-12-23,5520.000000,5370.000000,5520.000000,13872
5350.000000,5350.000000,2016-12-26,5470.000000,5260.000000,5470.000000,27955
5360.000000,5360.000000,2016-12-27,5410.000000,5340.000000,5410.000000,16383
5500.000000,5500.000000,2016-12-28,5510.000000,5360.000000,5510.000000,9430
5650.000000,5650.000000,2016-12-29,5670.000000,5370.000000,5370.000000,18217
5680.000000,5680.000000,2017-01-02,5750.000000,5600.000000,5750.000000,9142
5550.000000,5550.000000,2017-01-03,5740.000000,5420.000000,5420.000000,24684
5720.000000,5720.000000,2017-01-04,5720.000000,5550.000000,5700.000000,18256
5750.000000,5750.000000,2017-01-05,5790.000000,5660.000000,5720.000000,21408
5800.000000,5800.000000,2017-01-06,5830.000000,5660.000000,5750.000000,18770
5800.000000,5800.000000,2017-01-09,5880.000000,5780.000000,5870.000000,14722
5820.000000,5820.000000,2017-01-10,5880.000000,5770.000000,5880.000000,12487
5930.000000,5930.000000,2017-01-11,5990.000000,5780.000000,5820.000000,38650
6090.000000,6090.000000,2017-01-12,6200.000000,5960.000000,5980.000000,28252
6250.000000,6250.000000,2017-01-13,6350.000000,6090.000000,6090.000000,52956
6200.000000,6200.000000,2017-01-16,6340.000000,6090.000000,6300.000000,29028
6180.000000,6180.000000,2017-01-17,6280.000000,6060.000000,6180.000000,22444
6090.000000,6090.000000,2017-01-18,6250.000000,6000.000000,6250.000000,15306
5960.000000,5960.000000,2017-01-19,6130.000000,5880.000000,6090.000000,21239
5950.000000,5950.000000,2017-01-20,5990.000000,5800.000000,5900.000000,16317
5880.000000,5880.000000,2017-01-23,6040.000000,5880.000000,6040.000000,13845
5920.000000,5920.000000,2017-01-24,6100.000000,5870.000000,5940.000000,16823
5710.000000,5710.000000,2017-01-25,6010.000000,5710.000000,5860.000000,20599
5890.000000,5890.000000,2017-01-26,5890.000000,5750.000000,5830.000000,16696
5780.000000,5780.000000,2017-01-31,5990.000000,5680.000000,5810.000000,46720
5820.000000,5820.000000,2017-02-01,5940.000000,5750.000000,5780.000000,28315
5820.000000,5820.000000,2017-02-02,5900.000000,5680.000000,5820.000000,24584
5810.000000,5810.000000,2017-02-03,5810.000000,5650.000000,5650.000000,13149
5790.000000,5790.000000,2017-02-06,5850.000000,5720.000000,5730.000000,10379
6160.000000,6160.000000,2017-02-07,6180.000000,5710.000000,5710.000000,42642
6190.000000,6190.000000,2017-02-08,6380.000000,6030.000000,6150.000000,27667
6220.000000,6220.000000,2017-02-09,6290.000000,6130.000000,6130.000000,21157
6260.000000,6260.000000,2017-02-10,6480.000000,6190.000000,6480.000000,44844
6160.000000,6160.000000,2017-02-13,6330.000000,6120.000000,6230.000000,33932
6270.000000,6270.000000,2017-02-14,6350.000000,6090.000000,6090.000000,16873
6330.000000,6330.000000,2017-02-15,6370.000000,6250.000000,6370.000000,22347
6310.000000,6310.000000,2017-02-16,6430.000000,6220.000000,6320.000000,17673
6300.000000,6300.000000,2017-02-17,6330.000000,6210.000000,6210.000000,12956
6290.000000,6290.000000,2017-02-20,6340.000000,6230.000000,6230.000000,20312
6280.000000,6280.000000,2017-02-21,6340.000000,6210.000000,6240.000000,27115
6310.000000,6310.000000,2017-02-22,6390.000000,6250.000000,6280.000000,57479
6710.000000,6710.000000,2017-02-23,7200.000000,6270.000000,6270.000000,321046
6580.000000,6580.000000,2017-02-24,6860.000000,6580.000000,6720.000000,204532
6660.000000,6660.000000,2017-02-27,6730.000000,6520.000000,6580.000000,61152
6540.000000,6540.000000,2017-02-28,6790.000000,6510.000000,6660.000000,106498
6550.000000,6550.000000,2017-03-02,6600.000000,6460.000000,6550.000000,40330
6400.000000,6400.000000,2017-03-03,6560.000000,6210.000000,6480.000000,52428
6480.000000,6480.000000,2017-03-06,6480.000000,6340.000000,6340.000000,21310
6590.000000,6590.000000,2017-03-07,6590.000000,6420.000000,6420.000000,34896
6480.000000,6480.000000,2017-03-08,6630.000000,6470.000000,6500.000000,38480
6440.000000,6440.000000,2017-03-09,6480.000000,6300.000000,6440.000000,29749
6420.000000,6420.000000,2017-03-10,6480.000000,6300.000000,6310.000000,16247
6440.000000,6440.000000,2017-03-13,6470.000000,6360.000000,6360.000000,25779
6480.000000,6480.000000,2017-03-14,6570.000000,6320.000000,6440.000000,64256
6450.000000,6450.000000,2017-03-15,6520.000000,6200.000000,6450.000000,47031
6400.000000,6400.000000,2017-03-16,6500.000000,6320.000000,6420.000000,38905
6310.000000,6310.000000,2017-03-17,6480.000000,6300.000000,6340.000000,40840
6330.000000,6330.000000,2017-03-20,6350.000000,6220.000000,6220.000000,15893
6270.000000,6270.000000,2017-03-21,6350.000000,6250.000000,6270.000000,24634
6260.000000,6260.000000,2017-03-22,6390.000000,6240.000000,6320.000000,33984
6260.000000,6260.000000,2017-03-23,6380.000000,6200.000000,6260.000000,38486
6200.000000,6200.000000,2017-03-24,6300.000000,6180.000000,6200.000000,15514
6310.000000,6310.000000,2017-03-27,6400.000000,6200.000000,6240.000000,26235
6590.000000,6590.000000,2017-03-28,6640.000000,6250.000000,6350.000000,74270
6660.000000,6660.000000,2017-03-29,6670.000000,6460.000000,6590.000000,50087
6720.000000,6720.000000,2017-03-30,6880.000000,6630.000000,6660.000000,62678
6720.000000,6720.000000,2017-03-31,6870.000000,6660.000000,6690.000000,54604
6740.000000,6740.000000,2017-04-03,6850.000000,6520.000000,6840.000000,43885
6670.000000,6670.000000,2017-04-04,6840.000000,6630.000000,6840.000000,29575
6680.000000,6680.000000,2017-04-05,6800.000000,6590.000000,6590.000000,20511
6680.000000,6680.000000,2017-04-06,6800.000000,6590.000000,6590.000000,18790
6750.000000,6750.000000,2017-04-07,6800.000000,6630.000000,6630.000000,13622
6740.000000,6740.000000,2017-04-10,6870.000000,6630.000000,6870.000000,25153
6640.000000,6640.000000,2017-04-11,6850.000000,6620.000000,6640.000000,19132
6550.000000,6550.000000,2017-04-12,6680.000000,6450.000000,6600.000000,30452
6650.000000,6650.000000,2017-04-13,6650.000000,6460.000000,6460.000000,15054
6480.000000,6480.000000,2017-04-14,6720.000000,6480.000000,6610.000000,19420
6480.000000,6480.000000,2017-04-17,6660.000000,6430.000000,6430.000000,16984
6460.000000,6460.000000,2017-04-18,6540.000000,6410.000000,6480.000000,8953
6300.000000,6300.000000,2017-04-19,6490.000000,6280.000000,6410.000000,28926
6300.000000,6300.000000,2017-04-20,6340.000000,6210.000000,6300.000000,23646
6370.000000,6370.000000,2017-04-21,6440.000000,6220.000000,6300.000000,22155
6240.000000,6240.000000,2017-04-24,6490.000000,6230.000000,6490.000000,23338
6260.000000,6260.000000,2017-04-25,6310.000000,6210.000000,6310.000000,10286
6290.000000,6290.000000,2017-04-26,6300.000000,6210.000000,6220.000000,18271
6410.000000,6410.000000,2017-04-27,6770.000000,6270.000000,6310.000000,81975
6220.000000,6220.000000,2017-04-28,6480.000000,6200.000000,6350.000000,18705
6230.000000,6230.000000,2017-05-02,6250.000000,6090.000000,6220.000000,26344
6200.000000,6200.000000,2017-05-04,6280.000000,6070.000000,6200.000000,13949
6200.000000,6200.000000,2017-05-08,6260.000000,6140.000000,6260.000000,7818
6160.000000,6160.000000,2017-05-10,6240.000000,6050.000000,6200.000000,34489
6180.000000,6180.000000,2017-05-11,6300.000000,6100.000000,6160.000000,22066
6150.000000,6150.000000,2017-05-12,6180.000000,6060.000000,6180.000000,27221
6110.000000,6110.000000,2017-05-15,6150.000000,6020.000000,6140.000000,20428
6150.000000,6150.000000,2017-05-16,6170.000000,6030.000000,6170.000000,13065
6150.000000,6150.000000,2017-05-17,6190.000000,6080.000000,6190.000000,7219
6100.000000,6100.000000,2017-05-18,6160.000000,5990.000000,6160.000000,32148
6040.000000,6040.000000,2017-05-19,6160.000000,5980.000000,6160.000000,22689
6010.000000,6010.000000,2017-05-22,6080.000000,5950.000000,6080.000000,23406
5980.000000,5980.000000,2017-05-23,6050.000000,5930.000000,6010.000000,16629
5950.000000,5950.000000,2017-05-24,6100.000000,5900.000000,6100.000000,18349
5940.000000,5940.000000,2017-05-25,6070.000000,5830.000000,6070.000000,33961
5900.000000,5900.000000,2017-05-26,5970.000000,5820.000000,5910.000000,26003
5790.000000,5790.000000,2017-05-29,5890.000000,5720.000000,5830.000000,38839
5930.000000,5930.000000,2017-05-30,5990.000000,5700.000000,5790.000000,21797
5900.000000,5900.000000,2017-05-31,6000.000000,5870.000000,5990.000000,21020
5850.000000,5850.000000,2017-06-01,6030.000000,5820.000000,5960.000000,31321
5900.000000,5900.000000,2017-06-02,5980.000000,5810.000000,5880.000000,10881
6000.000000,6000.000000,2017-06-05,6040.000000,5850.000000,5900.000000,41903
6240.000000,6240.000000,2017-06-07,6370.000000,6000.000000,6100.000000,163414
6240.000000,6240.000000,2017-06-08,6380.000000,6150.000000,6380.000000,47130
6150.000000,6150.000000,2017-06-09,6300.000000,6150.000000,6280.000000,23832
6180.000000,6180.000000,2017-06-12,6480.000000,6180.000000,6350.000000,94698
6150.000000,6150.000000,2017-06-13,6250.000000,6110.000000,6180.000000,28928
6910.000000,6910.000000,2017-06-14,7910.000000,6030.000000,6130.000000,2319437
6650.000000,6650.000000,2017-06-15,6790.000000,6510.000000,6700.000000,621833
6640.000000,6640.000000,2017-06-16,6770.000000,6580.000000,6670.000000,405510
6800.000000,6800.000000,2017-06-19,7100.000000,6580.000000,6580.000000,766006
6670.000000,6670.000000,2017-06-20,6850.000000,6630.000000,6800.000000,157176
6910.000000,6910.000000,2017-06-21,7470.000000,6740.000000,6800.000000,1397395
7130.000000,7130.000000,2017-06-22,7280.000000,6940.000000,6980.000000,594847
7230.000000,7230.000000,2017-06-23,7270.000000,7050.000000,7240.000000,222926
7240.000000,7240.000000,2017-06-26,7600.000000,7160.000000,7400.000000,327102
7330.000000,7330.000000,2017-06-27,7380.000000,7240.000000,7240.000000,110208
7560.000000,7560.000000,2017-06-28,7740.000000,7280.000000,7330.000000,257103
8000.000000,8000.000000,2017-06-29,8080.000000,7530.000000,7530.000000,436801
8280.000000,8280.000000,2017-06-30,8320.000000,7930.000000,8050.000000,245580
8660.000000,8660.000000,2017-07-03,8870.000000,8280.000000,8280.000000,359337
7990.000000,7990.000000,2017-07-04,8600.000000,7890.000000,8600.000000,539653
8060.000000,8060.000000,2017-07-05,8160.000000,7660.000000,7850.000000,269636
8000.000000,8000.000000,2017-07-06,8280.000000,7860.000000,8180.000000,91050
7920.000000,7920.000000,2017-07-07,8140.000000,7900.000000,8070.000000,57205
8200.000000,8200.000000,2017-07-10,8430.000000,8020.000000,8080.000000,169963
8590.000000,8590.000000,2017-07-11,8600.000000,8180.000000,8270.000000,149331
9200.000000,9200.000000,2017-07-12,9230.000000,8640.000000,8650.000000,369544
9200.000000,9200.000000,2017-07-13,9450.000000,9000.000000,9200.000000,160184
8980.000000,8980.000000,2017-07-14,9310.000000,8870.000000,9310.000000,130835
9020.000000,9020.000000,2017-07-17,9170.000000,8720.000000,9120.000000,97630
8930.000000,8930.000000,2017-07-18,9150.000000,8840.000000,8940.000000,68162
8830.000000,8830.000000,2017-07-19,8970.000000,8710.000000,8920.000000,92358
8740.000000,8740.000000,2017-07-20,8980.000000,8690.000000,8830.000000,62467
8560.000000,8560.000000,2017-07-21,8800.000000,8410.000000,8740.000000,112303
8010.000000,8010.000000,2017-07-24,8530.000000,8000.000000,8430.000000,268175
8210.000000,8210.000000,2017-07-25,8340.000000,7800.000000,8010.000000,181172
8000.000000,8000.000000,2017-07-26,8340.000000,7910.000000,8210.000000,127700
8030.000000,8030.000000,2017-07-27,8130.000000,7920.000000,8000.000000,43870
7990.000000,7990.000000,2017-07-28,8090.000000,7600.000000,7940.000000,114590
7790.000000,7790.000000,2017-07-31,8160.000000,7710.000000,8000.000000,73888
7760.000000,7760.000000,2017-08-01,7940.000000,7610.000000,7850.000000,47375
8090.000000,8090.000000,2017-08-02,8150.000000,7680.000000,7760.000000,70221
7770.000000,7770.000000,2017-08-03,8100.000000,7680.000000,8020.000000,46421
7660.000000,7660.000000,2017-08-04,8080.000000,7660.000000,8050.000000,28266
7800.000000,7800.000000,2017-08-07,7870.000000,7570.000000,7660.000000,37822
7880.000000,7880.000000,2017-08-08,7980.000000,7730.000000,7800.000000,23801
7860.000000,7860.000000,2017-08-09,8110.000000,7800.000000,8000.000000,39841
7830.000000,7830.000000,2017-08-10,8120.000000,7730.000000,7980.000000,47356
7650.000000,7650.000000,2017-08-11,7830.000000,7480.000000,7600.000000,55038
7660.000000,7660.000000,2017-08-14,7820.000000,7530.000000,7800.000000,24598
7470.000000,7470.000000,2017-08-16,7780.000000,7470.000000,7570.000000,31662
7590.000000,7590.000000,2017-08-17,7690.000000,7380.000000,7420.000000,41863
7940.000000,7940.000000,2017-08-18,8000.000000,7500.000000,7500.000000,49847
7900.000000,7900.000000,2017-08-21,7990.000000,7740.000000,7990.000000,35608
7990.000000,7990.000000,2017-08-22,8130.000000,7750.000000,7970.000000,83289
7770.000000,7770.000000,2017-08-23,7990.000000,7730.000000,7900.000000,30482
7830.000000,7830.000000,2017-08-24,7950.000000,7750.000000,7850.000000,31989
8140.000000,8140.000000,2017-08-25,8440.000000,7840.000000,7840.000000,214072
8350.000000,8350.000000,2017-08-28,8380.000000,8150.000000,8170.000000,70024
8320.000000,8320.000000,2017-08-29,8520.000000,8270.000000,8350.000000,77390
8330.000000,8330.000000,2017-08-30,8350.000000,8160.000000,8340.000000,60534
8470.000000,8470.000000,2017-08-31,8650.000000,8300.000000,8340.000000,151945
8360.000000,8360.000000,2017-09-01,8670.000000,8210.000000,8530.000000,65050
8050.000000,8050.000000,2017-09-04,8300.000000,7950.000000,8120.000000,115551
8000.000000,8000.000000,2017-09-05,8150.000000,7850.000000,8050.000000,52633
7800.000000,7800.000000,2017-09-06,8100.000000,7730.000000,8010.000000,61097
7920.000000,7920.000000,2017-09-07,7970.000000,7730.000000,7800.000000,48411
7620.000000,7620.000000,2017-09-08,7970.000000,7620.000000,7970.000000,74083
7790.000000,7790.000000,2017-09-11,7840.000000,7540.000000,7540.000000,39630
7670.000000,7670.000000,2017-09-12,7880.000000,7500.000000,7720.000000,55390
7370.000000,7370.000000,2017-09-13,7750.000000,7350.000000,7690.000000,118371
7540.000000,7540.000000,2017-09-14,7550.000000,7370.000000,7460.000000,56635
7420.000000,7420.000000,2017-09-15,7640.000000,7400.000000,7630.000000,44003
7180.000000,7180.000000,2017-09-18,7500.000000,7160.000000,7470.000000,65347
7450.000000,7450.000000,2017-09-19,7450.000000,7090.000000,7260.000000,70557
7430.000000,7430.000000,2017-09-20,7560.000000,7290.000000,7500.000000,57528
7290.000000,7290.000000,2017-09-21,7530.000000,7200.000000,7500.000000,47509
6870.000000,6870.000000,2017-09-25,7250.000000,6800.000000,6910.000000,33567
6900.000000,6900.000000,2017-09-26,7000.000000,6750.000000,6870.000000,13707
6900.000000,6900.000000,2017-09-27,6930.000000,6780.000000,6930.000000,17265
7230.000000,7230.000000,2017-09-28,7320.000000,6930.000000,6990.000000,23726
7180.000000,7180.000000,2017-09-29,7340.000000,7030.000000,7320.000000,21525
7180.000000,7180.000000,2017-10-10,7290.000000,6990.000000,7270.000000,28849
7180.000000,7180.000000,2017-10-11,7220.000000,7070.000000,7070.000000,5889
7300.000000,7300.000000,2017-10-12,7390.000000,7060.000000,7070.000000,40227
7390.000000,7390.000000,2017-10-13,7650.000000,7050.000000,7390.000000,122343
7310.000000,7310.000000,2017-10-16,7640.000000,7180.000000,7640.000000,48244
7530.000000,7530.000000,2017-10-17,7620.000000,7200.000000,7340.000000,76331
7750.000000,7750.000000,2017-10-18,8600.000000,7560.000000,7670.000000,360578
7500.000000,7500.000000,2017-10-19,7900.000000,7500.000000,7810.000000,63609
7380.000000,7380.000000,2017-10-20,7580.000000,7380.000000,7550.000000,35402
7150.000000,7150.000000,2017-10-23,7470.000000,7000.000000,7320.000000,122199
7150.000000,7150.000000,2017-10-24,7250.000000,7130.000000,7150.000000,21499
7100.000000,7100.000000,2017-10-25,7280.000000,7060.000000,7280.000000,25055
7090.000000,7090.000000,2017-10-26,7150.000000,6930.000000,7140.000000,62288
6970.000000,6970.000000,2017-10-27,7130.000000,6970.000000,7110.000000,39653
7090.000000,7090.000000,2017-10-30,7150.000000,6980.000000,7000.000000,36892
7050.000000,7050.000000,2017-10-31,7180.000000,6910.000000,7180.000000,38380
6880.000000,6880.000000,2017-11-01,7140.000000,6810.000000,7140.000000,58060
6840.000000,6840.000000,2017-11-02,7000.000000,6720.000000,6950.000000,67341
6750.000000,6750.000000,2017-11-03,6900.000000,6610.000000,6900.000000,54832
6650.000000,6650.000000,2017-11-06,6770.000000,6600.000000,6680.000000,56978
6770.000000,6770.000000,2017-11-07,6860.000000,6650.000000,6650.000000,30863
6950.000000,6950.000000,2017-11-08,6990.000000,6790.000000,6870.000000,41309
6960.000000,6960.000000,2017-11-09,7070.000000,6950.000000,7060.000000,15106
7100.000000,7100.000000,2017-11-10,7290.000000,6960.000000,6960.000000,68604
7220.000000,7220.000000,2017-11-13,7340.000000,6990.000000,7100.000000,85009
7370.000000,7370.000000,2017-11-14,7410.000000,7160.000000,7250.000000,67893
7610.000000,7610.000000,2017-11-15,8200.000000,7260.000000,7290.000000,529408
7510.000000,7510.000000,2017-11-16,7810.000000,7390.000000,7700.000000,112769
7420.000000,7420.000000,2017-11-17,7660.000000,7300.000000,7660.000000,65907
7670.000000,7670.000000,2017-11-20,7840.000000,7360.000000,7360.000000,161840
8100.000000,8100.000000,2017-11-21,8750.000000,7700.000000,7780.000000,882570
7790.000000,7790.000000,2017-11-22,8250.000000,7690.000000,8100.000000,206173
7870.000000,7870.000000,2017-11-23,7890.000000,7600.000000,7660.000000,87221
7850.000000,7850.000000,2017-11-24,7960.000000,7660.000000,7810.000000,107987
7750.000000,7750.000000,2017-11-27,7940.000000,7730.000000,7860.000000,47147
7650.000000,7650.000000,2017-11-28,7920.000000,7640.000000,7800.000000,57182
7690.000000,7690.000000,2017-11-29,7780.000000,7570.000000,7610.000000,40288
7630.000000,7630.000000,2017-11-30,7750.000000,7540.000000,7660.000000,43467
8000.000000,8000.000000,2017-12-01,8100.000000,7540.000000,7590.000000,161989
8130.000000,8130.000000,2017-12-04,8130.000000,7870.000000,8000.000000,72013
7900.000000,7900.000000,2017-12-05,8230.000000,7850.000000,8230.000000,92306
7680.000000,7680.000000,2017-12-06,8020.000000,7680.000000,7910.000000,66553
7600.000000,7600.000000,2017-12-07,7710.000000,7400.000000,7640.000000,60791
7270.000000,7270.000000,2017-12-08,7610.000000,7170.000000,7500.000000,87749
7360.000000,7360.000000,2017-12-11,7460.000000,7210.000000,7210.000000,20884
7550.000000,7550.000000,2017-12-12,7630.000000,7280.000000,7280.000000,30584
7560.000000,7560.000000,2017-12-13,7580.000000,7380.000000,7380.000000,18782
7430.000000,7430.000000,2017-12-14,7560.000000,7270.000000,7410.000000,33151
7370.000000,7370.000000,2017-12-15,7420.000000,7300.000000,7350.000000,14451
7110.000000,7110.000000,2017-12-18,7350.000000,7100.000000,7300.000000,38685
7040.000000,7040.000000,2017-12-19,7180.000000,6940.000000,7140.000000,41601
7000.000000,7000.000000,2017-12-21,7050.000000,6850.000000,6910.000000,39789
7020.000000,7020.000000,2017-12-22,7030.000000,6860.000000,6870.000000,53475
7000.000000,7000.000000,2017-12-26,7060.000000,6900.000000,7020.000000,45431
7030.000000,7030.000000,2017-12-27,7490.000000,6750.000000,7090.000000,205075
7020.000000,7020.000000,2017-12-28,7110.000000,6820.000000,7110.000000,38534
7230.000000,7230.000000,2018-01-02,7230.000000,7000.000000,7050.000000,69818
7140.000000,7140.000000,2018-01-03,7300.000000,7110.000000,7230.000000,72192
7120.000000,7120.000000,2018-01-04,7220.000000,7050.000000,7140.000000,111036
7500.000000,7500.000000,2018-01-05,7600.000000,7070.000000,7070.000000,105337
7710.000000,7710.000000,2018-01-08,7900.000000,7510.000000,7650.000000,167158
7990.000000,7990.000000,2018-01-09,8140.000000,7650.000000,7790.000000,278091
7900.000000,7900.000000,2018-01-10,8140.000000,7800.000000,8100.000000,100619
7890.000000,7890.000000,2018-01-11,7990.000000,7700.000000,7990.000000,65115
8130.000000,8130.000000,2018-01-12,9300.000000,7850.000000,7860.000000,1694675
8540.000000,8540.000000,2018-01-15,8640.000000,8020.000000,8300.000000,559668
11100.000000,11100.000000,2018-01-16,11100.000000,8880.000000,8880.000000,1238544
14400.000000,14400.000000,2018-01-17,14400.000000,12700.000000,13350.000000,8183899
11600.000000,11600.000000,2018-01-18,14800.000000,11450.000000,14000.000000,7600120
11550.000000,11550.000000,2018-01-19,11800.000000,10900.000000,11400.000000,2153373
11150.000000,11150.000000,2018-01-22,11500.000000,10900.000000,11200.000000,870909
11100.000000,11100.000000,2018-01-23,11650.000000,10750.000000,11600.000000,1051422
11350.000000,11350.000000,2018-01-24,11600.000000,10950.000000,11100.000000,861998
11200.000000,11200.000000,2018-01-25,11650.000000,11050.000000,11250.000000,708747
11550.000000,11550.000000,2018-01-26,11550.000000,11100.000000,11200.000000,545410
11300.000000,11300.000000,2018-01-29,11900.000000,11250.000000,11700.000000,564900
11150.000000,11150.000000,2018-01-30,11700.000000,11150.000000,11300.000000,486503
10900.000000,10900.000000,2018-01-31,11300.000000,10700.000000,11150.000000,389091
10700.000000,10700.000000,2018-02-01,11100.000000,10450.000000,10900.000000,418958
10650.000000,10650.000000,2018-02-02,10800.000000,10250.000000,10800.000000,317352
9940.000000,9940.000000,2018-02-05,10600.000000,9900.000000,10300.000000,259678
null,null,2018-02-06,null,null,null,null
9710.000000,9710.000000,2018-02-07,10450.000000,9710.000000,10200.000000,347931
10250.000000,10250.000000,2018-02-08,10400.000000,9720.000000,9850.000000,317243
10200.000000,10200.000000,2018-02-09,10500.000000,9800.000000,9840.000000,304142
10000.000000,10000.000000,2018-02-12,10500.000000,10000.000000,10400.000000,146202
10750.000000,10750.000000,2018-02-13,12800.000000,10050.000000,10150.000000,7602594
11050.000000,11050.000000,2018-02-14,11200.000000,10550.000000,11050.000000,1200805
11550.000000,11550.000000,2018-02-19,11950.000000,10900.000000,11150.000000,1621629
11300.000000,11300.000000,2018-02-20,11700.000000,11100.000000,11550.000000,527402
10900.000000,10900.000000,2018-02-21,11700.000000,10850.000000,11400.000000,826004
10350.000000,10350.000000,2018-02-22,11300.000000,10300.000000,11200.000000,663600
10350.000000,10350.000000,2018-02-23,10650.000000,10100.000000,10300.000000,213451
10050.000000,10050.000000,2018-02-26,10550.000000,9990.000000,10400.000000,228513
10900.000000,10900.000000,2018-02-27,10900.000000,10100.000000,10200.000000,365329
10600.000000,10600.000000,2018-02-28,11250.000000,10350.000000,10650.000000,471944
null,null,2018-03-02,null,null,null,null
null,null,2018-03-05,null,null,null,null
null,null,2018-03-06,null,null,null,null
12500.000000,12500.000000,2018-03-07,13300.000000,12450.000000,12950.000000,940401
12550.000000,12550.000000,2018-03-08,12900.000000,12000.000000,12600.000000,478611
16150.000000,16150.000000,2018-03-09,16200.000000,12500.000000,12600.000000,5049627
16050.000000,16050.000000,2018-03-12,16850.000000,15350.000000,15750.000000,1447823
15400.000000,15400.000000,2018-03-13,16150.000000,14950.000000,15900.000000,792515
17850.000000,17850.000000,2018-03-14,19300.000000,15150.000000,15150.000000,4428115
17150.000000,17150.000000,2018-03-15,18150.000000,17100.000000,17550.000000,833685
17850.000000,17850.000000,2018-03-16,18500.000000,17200.000000,17450.000000,961465
16450.000000,16450.000000,2018-03-19,18250.000000,16000.000000,17600.000000,804231
16700.000000,16700.000000,2018-03-20,16900.000000,15900.000000,16500.000000,696457
17000.000000,17000.000000,2018-03-21,17550.000000,16500.000000,16650.000000,990881
16950.000000,16950.000000,2018-03-22,20700.000000,15500.000000,17450.000000,4732884
16900.000000,16900.000000,2018-03-23,17600.000000,15950.000000,16050.000000,940302
17800.000000,17800.000000,2018-03-26,19250.000000,16800.000000,17300.000000,1863161
17900.000000,17900.000000,2018-03-27,18650.000000,17700.000000,18300.000000,728505
16900.000000,16900.000000,2018-03-28,18150.000000,16900.000000,17900.000000,500943
17800.000000,17800.000000,2018-03-29,18200.000000,17200.000000,17200.000000,505354
19300.000000,19300.000000,2018-03-30,19650.000000,17850.000000,18200.000000,1348926
18850.000000,18850.000000,2018-04-02,19450.000000,18650.000000,19300.000000,450564
19750.000000,19750.000000,2018-04-03,21250.000000,18500.000000,18750.000000,1377808
20950.000000,20950.000000,2018-04-04,21350.000000,19600.000000,20000.000000,749212
20550.000000,20550.000000,2018-04-05,21750.000000,20250.000000,21600.000000,505355
21100.000000,21100.000000,2018-04-06,21600.000000,20300.000000,20900.000000,468899
22000.000000,22000.000000,2018-04-09,22200.000000,20750.000000,21000.000000,419378
22100.000000,22100.000000,2018-04-10,22600.000000,21400.000000,22000.000000,335875
21000.000000,21000.000000,2018-04-11,22550.000000,20950.000000,22500.000000,377063
20450.000000,20450.000000,2018-04-12,21750.000000,19900.000000,21300.000000,387815
22050.000000,22050.000000,2018-04-13,23500.000000,19900.000000,20450.000000,684981
22900.000000,22900.000000,2018-04-16,23600.000000,22200.000000,22600.000000,456480
23000.000000,23000.000000,2018-04-17,23350.000000,21800.000000,23200.000000,266061
22000.000000,22000.000000,2018-04-18,23100.000000,21750.000000,23050.000000,215255
19900.000000,19900.000000,2018-04-19,22000.000000,18850.000000,22000.000000,585556
19550.000000,19550.000000,2018-04-20,20450.000000,19000.000000,19350.000000,301539
18850.000000,18850.000000,2018-04-23,19400.000000,18100.000000,19400.000000,386834
17900.000000,17900.000000,2018-04-24,19300.000000,17700.000000,19200.000000,243148
18650.000000,18650.000000,2018-04-25,19150.000000,17600.000000,18000.000000,311555
20150.000000,20150.000000,2018-04-26,20550.000000,18850.000000,18900.000000,358327
21000.000000,21000.000000,2018-04-27,21000.000000,19950.000000,20200.000000,183645
19950.000000,19950.000000,2018-04-30,20650.000000,19000.000000,20650.000000,270089
19450.000000,19450.000000,2018-05-02,20100.000000,18700.000000,19050.000000,225395
20300.000000,20300.000000,2018-05-03,20600.000000,19400.000000,19600.000000,195310
20000.000000,20000.000000,2018-05-04,20550.000000,19650.000000,20200.000000,124443
19250.000000,19250.000000,2018-05-08,20900.000000,19100.000000,20600.000000,127830
18900.000000,18900.000000,2018-05-09,19800.000000,18100.000000,19050.000000,244716
18750.000000,18750.000000,2018-05-10,19150.000000,18200.000000,19000.000000,109590
19150.000000,19150.000000,2018-05-11,19800.000000,18550.000000,18550.000000,115215
17850.000000,17850.000000,2018-05-14,19200.000000,17500.000000,19000.000000,314507
17650.000000,17650.000000,2018-05-15,18200.000000,17450.000000,17700.000000,106213
17600.000000,17600.000000,2018-05-16,18100.000000,16850.000000,17650.000000,201952
16150.000000,16150.000000,2018-05-17,17650.000000,15850.000000,17600.000000,428861
16550.000000,16550.000000,2018-05-18,16900.000000,16200.000000,16450.000000,166156
16700.000000,16700.000000,2018-05-21,17000.000000,16500.000000,16950.000000,146649
16300.000000,16300.000000,2018-05-23,16800.000000,16150.000000,16800.000000,131081
16850.000000,16850.000000,2018-05-24,17300.000000,16150.000000,16150.000000,127714
16400.000000,16400.000000,2018-05-25,16850.000000,16100.000000,16850.000000,120332
15700.000000,15700.000000,2018-05-28,16550.000000,15400.000000,16300.000000,293801
16100.000000,16100.000000,2018-05-29,16550.000000,15400.000000,15800.000000,544077
15250.000000,15250.000000,2018-05-30,16700.000000,15000.000000,16700.000000,404599
15150.000000,15150.000000,2018-05-31,15600.000000,14800.000000,15500.000000,303246
15700.000000,15700.000000,2018-06-01,15750.000000,15000.000000,15150.000000,210597
15450.000000,15450.000000,2018-06-04,16000.000000,15150.000000,15750.000000,177865
15900.000000,15900.000000,2018-06-05,16300.000000,15350.000000,15700.000000,179726
16050.000000,16050.000000,2018-06-07,16250.000000,15700.000000,15800.000000,139191
15850.000000,15850.000000,2018-06-08,16250.000000,15650.000000,16050.000000,141684
15350.000000,15350.000000,2018-06-11,16050.000000,15000.000000,16000.000000,179903
15650.000000,15650.000000,2018-06-12,15700.000000,15250.000000,15450.000000,117291
16200.000000,16200.000000,2018-06-14,16350.000000,15450.000000,15600.000000,260350
16300.000000,16300.000000,2018-06-15,16450.000000,15850.000000,16300.000000,188879
14050.000000,14050.000000,2018-06-18,16450.000000,13450.000000,16300.000000,678814
12650.000000,12650.000000,2018-06-19,14500.000000,12300.000000,14000.000000,863705
13100.000000,13100.000000,2018-06-20,13200.000000,12600.000000,12650.000000,339384
13400.000000,13400.000000,2018-06-21,14050.000000,12950.000000,13250.000000,355878
13900.000000,13900.000000,2018-06-22,13950.000000,13000.000000,13350.000000,183001
13950.000000,13950.000000,2018-06-25,14050.000000,13650.000000,14050.000000,102948
14200.000000,14200.000000,2018-06-26,14400.000000,13200.000000,13550.000000,191779
13800.000000,13800.000000,2018-06-27,14550.000000,13700.000000,14200.000000,137176
13650.000000,13650.000000,2018-06-28,14100.000000,13500.000000,13900.000000,67788
13650.000000,13650.000000,2018-06-29,13800.000000,13000.000000,13550.000000,111688
12700.000000,12700.000000,2018-07-02,13700.000000,12400.000000,13700.000000,178796
12850.000000,12850.000000,2018-07-03,13100.000000,12450.000000,12700.000000,115928
13350.000000,13350.000000,2018-07-04,13400.000000,12650.000000,12650.000000,92349
13850.000000,13850.000000,2018-07-05,14300.000000,13050.000000,13300.000000,259962
13800.000000,13800.000000,2018-07-06,13900.000000,13100.000000,13850.000000,116427
13750.000000,13750.000000,2018-07-09,14150.000000,13450.000000,13550.000000,178192
13200.000000,13200.000000,2018-07-10,13950.000000,13050.000000,13700.000000,180644
13050.000000,13050.000000,2018-07-11,13300.000000,12700.000000,13200.000000,119811
13050.000000,13050.000000,2018-07-12,13450.000000,12850.000000,12850.000000,119324
13150.000000,13150.000000,2018-07-13,13150.000000,12400.000000,13100.000000,117609
13200.000000,13200.000000,2018-07-16,13350.000000,13050.000000,13300.000000,40326
13150.000000,13150.000000,2018-07-17,13250.000000,12900.000000,13000.000000,36013
12200.000000,12200.000000,2018-07-18,13200.000000,11900.000000,13200.000000,239745
11100.000000,11100.000000,2018-07-19,12300.000000,10950.000000,12100.000000,348653
11150.000000,11150.000000,2018-07-20,11400.000000,10700.000000,11250.000000,136484
10400.000000,10400.000000,2018-07-23,11200.000000,10050.000000,11100.000000,272902
10550.000000,10550.000000,2018-07-24,10700.000000,10150.000000,10400.000000,183367
10000.000000,10000.000000,2018-07-25,10600.000000,9800.000000,10450.000000,255716
10700.000000,10700.000000,2018-07-26,11950.000000,10050.000000,10150.000000,751664
10900.000000,10900.000000,2018-07-27,10900.000000,10400.000000,10800.000000,125980
10600.000000,10600.000000,2018-07-30,10900.000000,10500.000000,10750.000000,103165
10950.000000,10950.000000,2018-07-31,10950.000000,10350.000000,10550.000000,134123
11700.000000,11700.000000,2018-08-01,11850.000000,10850.000000,10950.000000,320746
11400.000000,11400.000000,2018-08-02,11700.000000,11300.000000,11700.000000,103741
12050.000000,12050.000000,2018-08-03,12100.000000,11350.000000,11400.000000,154027
11750.000000,11750.000000,2018-08-06,12450.000000,11700.000000,12250.000000,153674
12000.000000,12000.000000,2018-08-07,12400.000000,11750.000000,12150.000000,176841
11950.000000,11950.000000,2018-08-08,12300.000000,11800.000000,12100.000000,90159
12150.000000,12150.000000,2018-08-09,12250.000000,11800.000000,11850.000000,80956
12050.000000,12050.000000,2018-08-10,12750.000000,11950.000000,12100.000000,102761
11400.000000,11400.000000,2018-08-13,11950.000000,11100.000000,11900.000000,79916
11350.000000,11350.000000,2018-08-14,11700.000000,11150.000000,11400.000000,66396
10900.000000,10900.000000,2018-08-16,11100.000000,10500.000000,11100.000000,106250
11350.000000,11350.000000,2018-08-17,11450.000000,10950.000000,10950.000000,94785
11150.000000,11150.000000,2018-08-20,11650.000000,11050.000000,11200.000000,106349
11900.000000,11900.000000,2018-08-21,12100.000000,11050.000000,11250.000000,244496
11800.000000,11800.000000,2018-08-22,12000.000000,11750.000000,11950.000000,97285
11750.000000,11750.000000,2018-08-23,11950.000000,11650.000000,11900.000000,75359
12000.000000,12000.000000,2018-08-24,12300.000000,11750.000000,11800.000000,134942
12100.000000,12100.000000,2018-08-27,12200.000000,11600.000000,12000.000000,131812
12200.000000,12200.000000,2018-08-28,12250.000000,11900.000000,12200.000000,122437
11950.000000,11950.000000,2018-08-29,12300.000000,11950.000000,12200.000000,103567
11750.000000,11750.000000,2018-08-30,12150.000000,11750.000000,11950.000000,74578
13050.000000,13050.000000,2018-08-31,13800.000000,11700.000000,11700.000000,2324754
13300.000000,13300.000000,2018-09-03,13500.000000,12950.000000,13000.000000,577544
13450.000000,13450.000000,2018-09-04,13600.000000,13100.000000,13400.000000,358441
13200.000000,13200.000000,2018-09-05,13750.000000,13200.000000,13400.000000,366460
13400.000000,13400.000000,2018-09-06,13850.000000,12850.000000,13200.000000,406703
13550.000000,13550.000000,2018-09-07,13750.000000,13100.000000,13350.000000,225044
12900.000000,12900.000000,2018-09-10,13950.000000,12700.000000,13700.000000,470893
13150.000000,13150.000000,2018-09-11,13150.000000,12650.000000,12800.000000,172084
13400.000000,13400.000000,2018-09-12,13750.000000,13000.000000,13150.000000,372993
13450.000000,13450.000000,2018-09-13,13950.000000,13400.000000,13650.000000,256540
13550.000000,13550.000000,2018-09-14,13700.000000,13300.000000,13650.000000,176640
13600.000000,13600.000000,2018-09-17,14400.000000,13450.000000,13700.000000,534974
13800.000000,13800.000000,2018-09-18,14150.000000,13450.000000,13700.000000,252035
14400.000000,14400.000000,2018-09-19,14600.000000,13700.000000,14000.000000,561260
13900.000000,13900.000000,2018-09-20,14850.000000,13750.000000,14500.000000,500242
13600.000000,13600.000000,2018-09-21,14100.000000,13600.000000,14000.000000,184953
14100.000000,14100.000000,2018-09-27,14350.000000,13350.000000,13600.000000,199898
14150.000000,14150.000000,2018-09-28,14550.000000,14000.000000,14300.000000,204709
13250.000000,13250.000000,2018-10-01,14250.000000,13250.000000,14100.000000,167560
12550.000000,12550.000000,2018-10-02,13350.000000,12450.000000,13350.000000,206424
12400.000000,12400.000000,2018-10-04,12800.000000,12100.000000,12650.000000,156931
11750.000000,11750.000000,2018-10-05,12450.000000,11700.000000,12050.000000,212002
11300.000000,11300.000000,2018-10-08,12000.000000,11300.000000,11600.000000,81197
11150.000000,11150.000000,2018-10-10,11600.000000,10900.000000,11350.000000,183687
9990.000000,9990.000000,2018-10-11,11100.000000,9990.000000,10150.000000,228226
10750.000000,10750.000000,2018-10-12,10750.000000,10050.000000,10100.000000,188493
10700.000000,10700.000000,2018-10-15,11050.000000,10500.000000,10950.000000,174056
10850.000000,10850.000000,2018-10-16,11050.000000,10550.000000,10700.000000,95281
10700.000000,10700.000000,2018-10-17,11200.000000,10650.000000,11100.000000,133065
10650.000000,10650.000000,2018-10-18,10950.000000,10450.000000,10700.000000,62051
11150.000000,11150.000000,2018-10-19,11150.000000,10300.000000,10450.000000,142872
10900.000000,10900.000000,2018-10-22,11050.000000,10750.000000,11050.000000,85784
10300.000000,10300.000000,2018-10-23,10850.000000,10100.000000,10500.000000,178406
10000.000000,10000.000000,2018-10-24,10550.000000,9850.000000,10400.000000,141243
9460.000000,9460.000000,2018-10-25,9840.000000,9110.000000,9570.000000,226260
8670.000000,8670.000000,2018-10-26,9880.000000,8590.000000,9510.000000,231165
7600.000000,7600.000000,2018-10-29,8930.000000,7600.000000,8590.000000,263154
7800.000000,7800.000000,2018-10-30,8000.000000,7090.000000,7100.000000,576087
8210.000000,8210.000000,2018-10-31,8380.000000,7750.000000,7870.000000,219897
8400.000000,8400.000000,2018-11-01,8600.000000,8250.000000,8480.000000,134402
9110.000000,9110.000000,2018-11-02,9110.000000,8510.000000,8510.000000,133535
9110.000000,9110.000000,2018-11-05,9240.000000,8850.000000,9110.000000,89085
9140.000000,9140.000000,2018-11-06,9400.000000,8960.000000,9210.000000,87846
8800.000000,8800.000000,2018-11-07,9410.000000,8500.000000,9200.000000,113806
9170.000000,9170.000000,2018-11-08,9400.000000,9010.000000,9010.000000,105310
9020.000000,9020.000000,2018-11-09,9300.000000,8790.000000,9300.000000,85015
8500.000000,8500.000000,2018-11-12,8970.000000,8350.000000,8970.000000,136892
8600.000000,8600.000000,2018-11-13,8710.000000,8230.000000,8300.000000,68867
8560.000000,8560.000000,2018-11-14,8830.000000,8420.000000,8610.000000,92944
8600.000000,8600.000000,2018-11-15,8760.000000,8440.000000,8700.000000,69248
9380.000000,9380.000000,2018-11-16,9880.000000,8590.000000,8780.000000,433306
9490.000000,9490.000000,2018-11-19,9520.000000,9260.000000,9380.000000,111865
9130.000000,9130.000000,2018-11-20,9460.000000,9030.000000,9380.000000,103569
9130.000000,9130.000000,2018-11-21,9190.000000,8760.000000,9000.000000,84854
9070.000000,9070.000000,2018-11-22,9350.000000,8970.000000,9260.000000,88305
8910.000000,8910.000000,2018-11-23,9130.000000,8800.000000,9130.000000,56961
9010.000000,9010.000000,2018-11-26,9050.000000,8810.000000,8810.000000,74735
9020.000000,9020.000000,2018-11-27,9140.000000,9010.000000,9070.000000,60906
9000.000000,9000.000000,2018-11-28,9110.000000,8910.000000,9110.000000,35907
8900.000000,8900.000000,2018-11-29,9190.000000,8810.000000,9120.000000,66630
8700.000000,8700.000000,2018-11-30,9000.000000,8610.000000,8830.000000,56710
8950.000000,8950.000000,2018-12-03,9030.000000,8750.000000,8810.000000,67830
9050.000000,9050.000000,2018-12-04,9150.000000,8960.000000,9050.000000,62311
8820.000000,8820.000000,2018-12-05,9030.000000,8770.000000,8890.000000,54146
8210.000000,8210.000000,2018-12-06,8850.000000,8110.000000,8850.000000,166864
8250.000000,8250.000000,2018-12-07,8370.000000,8130.000000,8300.000000,75418
7960.000000,7960.000000,2018-12-10,8200.000000,7770.000000,8200.000000,116680
7500.000000,7500.000000,2018-12-11,8150.000000,7480.000000,8080.000000,146279
7850.000000,7850.000000,2018-12-12,7870.000000,7500.000000,7500.000000,86752
7980.000000,7980.000000,2018-12-13,8200.000000,7800.000000,7900.000000,102608
7650.000000,7650.000000,2018-12-14,8050.000000,7530.000000,7900.000000,87044
7210.000000,7210.000000,2018-12-17,7610.000000,7210.000000,7580.000000,118117
7370.000000,7370.000000,2018-12-18,7480.000000,7100.000000,7100.000000,100579
7630.000000,7630.000000,2018-12-19,7730.000000,7180.000000,7340.000000,96876
7430.000000,7430.000000,2018-12-20,7590.000000,7350.000000,7590.000000,59683
7820.000000,7820.000000,2018-12-21,8100.000000,7410.000000,7410.000000,192783
7940.000000,7940.000000,2018-12-24,8060.000000,7700.000000,7750.000000,58079
7460.000000,7460.000000,2018-12-26,7800.000000,7340.000000,7640.000000,182151
7830.000000,7830.000000,2018-12-27,7890.000000,7530.000000,7610.000000,86735
8310.000000,8310.000000,2018-12-28,8320.000000,7830.000000,7830.000000,177336
8080.000000,8080.000000,2019-01-02,8390.000000,8050.000000,8370.000000,111993
7650.000000,7650.000000,2019-01-03,8170.000000,7570.000000,8170.000000,150225
7700.000000,7700.000000,2019-01-04,7750.000000,7410.000000,7610.000000,65750
7690.000000,7690.000000,2019-01-07,7910.000000,7660.000000,7900.000000,74393
7690.000000,7690.000000,2019-01-08,7770.000000,7580.000000,7640.000000,51934
7880.000000,7880.000000,2019-01-09,7980.000000,7770.000000,7770.000000,72769
8000.000000,8000.000000,2019-01-10,8120.000000,7740.000000,7810.000000,91372
7900.000000,7900.000000,2019-01-11,8080.000000,7870.000000,8000.000000,55615
7770.000000,7770.000000,2019-01-14,7980.000000,7770.000000,7950.000000,31772
7900.000000,7900.000000,2019-01-15,8010.000000,7760.000000,7790.000000,51542
7830.000000,7830.000000,2019-01-16,7960.000000,7760.000000,7960.000000,77578
7830.000000,7830.000000,2019-01-17,7960.000000,7750.000000,7830.000000,85662
7900.000000,7900.000000,2019-01-18,7970.000000,7820.000000,7850.000000,84156
8250.000000,8250.000000,2019-01-21,8310.000000,7850.000000,7910.000000,230471
8210.000000,8210.000000,2019-01-22,8310.000000,8160.000000,8250.000000,55350
8100.000000,8100.000000,2019-01-23,8200.000000,7960.000000,8190.000000,95123
8240.000000,8240.000000,2019-01-24,8260.000000,7990.000000,8100.000000,105711
8190.000000,8190.000000,2019-01-25,8310.000000,8050.000000,8270.000000,93368
8370.000000,8370.000000,2019-01-28,8380.000000,8170.000000,8230.000000,153870
8150.000000,8150.000000,2019-01-29,8570.000000,8100.000000,8500.000000,254261
8380.000000,8380.000000,2019-01-30,8420.000000,8140.000000,8220.000000,122379
8870.000000,8870.000000,2019-01-31,8870.000000,8320.000000,8390.000000,255373
8710.000000,8710.000000,2019-02-01,9130.000000,8620.000000,8900.000000,227205
8900.000000,8900.000000,2019-02-07,8940.000000,8650.000000,8730.000000,100528
8840.000000,8840.000000,2019-02-08,8970.000000,8730.000000,8800.000000,71829
9150.000000,9150.000000,2019-02-11,9170.000000,8810.000000,8840.000000,144131
8950.000000,8950.000000,2019-02-12,9190.000000,8830.000000,9190.000000,128448
8900.000000,8900.000000,2019-02-13,9000.000000,8780.000000,8960.000000,86062
8760.000000,8760.000000,2019-02-14,9060.000000,8620.000000,8910.000000,86053
8760.000000,8760.000000,2019-02-15,8910.000000,8600.000000,8730.000000,86749
9120.000000,9120.000000,2019-02-18,9300.000000,8760.000000,8780.000000,242810
9190.000000,9190.000000,2019-02-19,9200.000000,9040.000000,9150.000000,106387
9190.000000,9190.000000,2019-02-20,9320.000000,9120.000000,9200.000000,95176
9240.000000,9240.000000,2019-02-21,9250.000000,9040.000000,9190.000000,92966
9050.000000,9050.000000,2019-02-22,9190.000000,9010.000000,9140.000000,91562
9160.000000,9160.000000,2019-02-25,9240.000000,9000.000000,9100.000000,77384
9110.000000,9110.000000,2019-02-26,9420.000000,9110.000000,9230.000000,95781
9200.000000,9200.000000,2019-02-27,9200.000000,9050.000000,9110.000000,60254
9000.000000,9000.000000,2019-02-28,9520.000000,9000.000000,9200.000000,210835
9300.000000,9300.000000,2019-03-04,9410.000000,9000.000000,9000.000000,125848
9460.000000,9460.000000,2019-03-05,9650.000000,9300.000000,9320.000000,150453
9260.000000,9260.000000,2019-03-06,9610.000000,9190.000000,9460.000000,114422
8960.000000,8960.000000,2019-03-07,9310.000000,8850.000000,9270.000000,130273
8860.000000,8860.000000,2019-03-08,9050.000000,8820.000000,8900.000000,69874
9040.000000,9040.000000,2019-03-11,9040.000000,8570.000000,8860.000000,90632
9050.000000,9050.000000,2019-03-12,9110.000000,8970.000000,9030.000000,54332
10500.000000,10500.000000,2019-03-13,10650.000000,9050.000000,9120.000000,2195545
10500.000000,10500.000000,2019-03-14,10700.000000,10250.000000,10600.000000,437788
10150.000000,10150.000000,2019-03-15,10600.000000,10000.000000,10550.000000,400949
10300.000000,10300.000000,2019-03-18,10400.000000,10100.000000,10150.000000,219916
9900.000000,9900.000000,2019-03-19,10450.000000,9850.000000,10400.000000,259679
10150.000000,10150.000000,2019-03-20,10150.000000,9800.000000,9910.000000,226315
9660.000000,9660.000000,2019-03-21,10150.000000,9660.000000,10050.000000,265897
9360.000000,9360.000000,2019-03-22,9800.000000,9350.000000,9700.000000,176208
8920.000000,8920.000000,2019-03-25,9290.000000,8910.000000,9210.000000,165262
9030.000000,9030.000000,2019-03-26,9180.000000,8930.000000,8940.000000,74095
8710.000000,8710.000000,2019-03-27,9120.000000,8690.000000,9030.000000,149659
8500.000000,8500.000000,2019-03-28,8790.000000,8480.000000,8680.000000,106583
8590.000000,8590.000000,2019-03-29,8620.000000,8250.000000,8510.000000,121733
8680.000000,8680.000000,2019-04-01,8690.000000,8450.000000,8580.000000,85224
8670.000000,8670.000000,2019-04-02,8760.000000,8650.000000,8680.000000,75128
8880.000000,8880.000000,2019-04-03,8920.000000,8620.000000,8670.000000,99093
8900.000000,8900.000000,2019-04-04,9030.000000,8720.000000,8900.000000,90995
8890.000000,8890.000000,2019-04-05,9180.000000,8880.000000,8980.000000,125413
8900.000000,8900.000000,2019-04-08,9000.000000,8820.000000,8930.000000,69678
8730.000000,8730.000000,2019-04-09,8940.000000,8660.000000,8790.000000,102624
8930.000000,8930.000000,2019-04-10,9070.000000,8650.000000,8730.000000,114163
8980.000000,8980.000000,2019-04-11,9030.000000,8850.000000,9000.000000,68879
8890.000000,8890.000000,2019-04-12,9000.000000,8860.000000,8970.000000,47896
8750.000000,8750.000000,2019-04-15,8960.000000,8690.000000,8960.000000,78269
8730.000000,8730.000000,2019-04-16,8800.000000,8630.000000,8800.000000,57146
8650.000000,8650.000000,2019-04-17,8780.000000,8590.000000,8680.000000,83351
8480.000000,8480.000000,2019-04-18,8650.000000,8350.000000,8590.000000,97831
8700.000000,8700.000000,2019-04-19,8720.000000,8410.000000,8410.000000,60616
8770.000000,8770.000000,2019-04-22,8950.000000,8690.000000,8720.000000,161765
8630.000000,8630.000000,2019-04-23,8850.000000,8600.000000,8770.000000,75844
8540.000000,8540.000000,2019-04-24,8670.000000,8480.000000,8630.000000,60407
8440.000000,8440.000000,2019-04-25,8610.000000,8440.000000,8600.000000,62440
8340.000000,8340.000000,2019-04-26,8480.000000,8120.000000,8470.000000,69538
8260.000000,8260.000000,2019-04-29,8350.000000,8210.000000,8350.000000,47106
8300.000000,8300.000000,2019-04-30,8380.000000,8240.000000,8260.000000,26627
8420.000000,8420.000000,2019-05-02,8500.000000,8240.000000,8240.000000,28455
8470.000000,8470.000000,2019-05-03,8540.000000,8360.000000,8360.000000,19733
8240.000000,8240.000000,2019-05-07,8390.000000,8230.000000,8300.000000,42563
8050.000000,8050.000000,2019-05-08,8280.000000,8010.000000,8160.000000,56878
7750.000000,7750.000000,2019-05-09,8100.000000,7600.000000,8050.000000,133734
7820.000000,7820.000000,2019-05-10,7860.000000,7600.000000,7630.000000,58218
7500.000000,7500.000000,2019-05-13,7900.000000,7500.000000,7770.000000,52284
7420.000000,7420.000000,2019-05-14,7720.000000,7210.000000,7360.000000,67687
7770.000000,7770.000000,2019-05-15,7840.000000,7500.000000,7500.000000,43745
7690.000000,7690.000000,2019-05-16,8100.000000,7580.000000,7820.000000,129113
7660.000000,7660.000000,2019-05-17,7900.000000,7600.000000,7730.000000,42635
7390.000000,7390.000000,2019-05-20,7700.000000,7250.000000,7600.000000,65885
7430.000000,7430.000000,2019-05-21,7520.000000,7290.000000,7290.000000,35417
7620.000000,7620.000000,2019-05-22,7700.000000,7430.000000,7430.000000,38525
7450.000000,7450.000000,2019-05-23,7640.000000,7420.000000,7550.000000,56351
7390.000000,7390.000000,2019-05-24,7450.000000,7270.000000,7440.000000,45423
7060.000000,7060.000000,2019-05-27,7420.000000,6990.000000,7390.000000,131057
7250.000000,7250.000000,2019-05-28,7290.000000,6950.000000,7000.000000,73993
6950.000000,6950.000000,2019-05-29,7290.000000,6690.000000,7160.000000,208602
6810.000000,6810.000000,2019-05-30,7050.000000,6790.000000,6980.000000,45066
6920.000000,6920.000000,2019-05-31,6990.000000,6690.000000,6880.000000,38933
6930.000000,6930.000000,2019-06-03,6970.000000,6850.000000,6890.000000,33605
7010.000000,7010.000000,2019-06-04,7040.000000,6860.000000,6940.000000,39718
7010.000000,7010.000000,2019-06-05,7110.000000,6980.000000,7050.000000,34269
7070.000000,7070.000000,2019-06-07,7090.000000,6960.000000,7010.000000,31961
7130.000000,7130.000000,2019-06-10,7170.000000,7020.000000,7170.000000,32332
7180.000000,7180.000000,2019-06-11,7180.000000,7080.000000,7080.000000,31688
7150.000000,7150.000000,2019-06-12,7240.000000,7100.000000,7220.000000,26869
7150.000000,7150.000000,2019-06-13,7200.000000,7080.000000,7080.000000,21558
7050.000000,7050.000000,2019-06-14,7160.000000,7040.000000,7120.000000,33693
7000.000000,7000.000000,2019-06-17,7080.000000,6940.000000,7050.000000,23297
7000.000000,7000.000000,2019-06-18,7050.000000,6970.000000,7000.000000,28186
7030.000000,7030.000000,2019-06-19,7280.000000,6970.000000,7000.000000,45747
7210.000000,7210.000000,2019-06-20,7230.000000,6970.000000,6970.000000,36646
7130.000000,7130.000000,2019-06-21,7250.000000,7070.000000,7210.000000,23959
6980.000000,6980.000000,2019-06-24,7170.000000,6970.000000,7130.000000,41199
6850.000000,6850.000000,2019-06-25,7020.000000,6820.000000,6930.000000,52479
6860.000000,6860.000000,2019-06-26,7020.000000,6820.000000,6850.000000,39445
6800.000000,6800.000000,2019-06-27,6970.000000,6690.000000,6860.000000,62827
6380.000000,6380.000000,2019-06-28,6840.000000,6300.000000,6840.000000,177634
6370.000000,6370.000000,2019-07-01,6380.000000,6260.000000,6280.000000,120922
6410.000000,6410.000000,2019-07-02,6480.000000,6350.000000,6400.000000,41553
6430.000000,6430.000000,2019-07-03,6490.000000,6350.000000,6370.000000,60435
6190.000000,6190.000000,2019-07-04,6470.000000,6080.000000,6380.000000,109340
6290.000000,6290.000000,2019-07-05,6410.000000,6170.000000,6190.000000,36130
6080.000000,6080.000000,2019-07-08,6330.000000,5980.000000,6290.000000,65862
5820.000000,5820.000000,2019-07-09,6100.000000,5790.000000,5850.000000,94042
5860.000000,5860.000000,2019-07-10,5980.000000,5780.000000,5890.000000,72610
6300.000000,6300.000000,2019-07-11,6350.000000,5930.000000,5970.000000,134358
6290.000000,6290.000000,2019-07-12,6390.000000,6230.000000,6300.000000,30027
6100.000000,6100.000000,2019-07-15,6300.000000,6060.000000,6300.000000,35886
6260.000000,6260.000000,2019-07-16,6340.000000,6090.000000,6090.000000,51443
6860.000000,6860.000000,2019-07-17,7760.000000,6260.000000,6260.000000,3722366
6800.000000,6800.000000,2019-07-18,6930.000000,6590.000000,6900.000000,352700
6580.000000,6580.000000,2019-07-19,6960.000000,6580.000000,6830.000000,398604
6800.000000,6800.000000,2019-07-22,7330.000000,6670.000000,6720.000000,1413006
6640.000000,6640.000000,2019-07-23,6800.000000,6470.000000,6740.000000,403121
6690.000000,6690.000000,2019-07-24,7620.000000,6590.000000,7130.000000,1293787
6460.000000,6460.000000,2019-07-25,6740.000000,6360.000000,6740.000000,207153
6550.000000,6550.000000,2019-07-26,6650.000000,6290.000000,6560.000000,267250
5910.000000,5910.000000,2019-07-29,6550.000000,5910.000000,6500.000000,224804
6070.000000,6070.000000,2019-07-30,6190.000000,5840.000000,5850.000000,157998
6680.000000,6680.000000,2019-07-31,6770.000000,5990.000000,6000.000000,733269
6480.000000,6480.000000,2019-08-01,7030.000000,6470.000000,6680.000000,509046
6600.000000,6600.000000,2019-08-02,6600.000000,5950.000000,6250.000000,373535
5910.000000,5910.000000,2019-08-05,6520.000000,5810.000000,6490.000000,320480
5350.000000,5350.000000,2019-08-06,5970.000000,5350.000000,5600.000000,326415
5380.000000,5380.000000,2019-08-07,5530.000000,5230.000000,5350.000000,231429
5500.000000,5500.000000,2019-08-08,5560.000000,5370.000000,5390.000000,125408
5800.000000,5800.000000,2019-08-09,5860.000000,5510.000000,5510.000000,236020
5760.000000,5760.000000,2019-08-12,5910.000000,5640.000000,5700.000000,106512
5650.000000,5650.000000,2019-08-13,5730.000000,5620.000000,5730.000000,95533
5750.000000,5750.000000,2019-08-14,5920.000000,5700.000000,5710.000000,94942
5540.000000,5540.000000,2019-08-16,5640.000000,5400.000000,5610.000000,124770
5430.000000,5430.000000,2019-08-19,5600.000000,5390.000000,5560.000000,99471
6060.000000,6060.000000,2019-08-20,6680.000000,5440.000000,5440.000000,3564117
6330.000000,6330.000000,2019-08-21,6370.000000,5980.000000,6050.000000,579840
6170.000000,6170.000000,2019-08-22,6390.000000,6110.000000,6350.000000,197579
6150.000000,6150.000000,2019-08-23,6320.000000,6090.000000,6100.000000,149785
5670.000000,5670.000000,2019-08-26,6080.000000,5610.000000,6000.000000,191564
5670.000000,5670.000000,2019-08-27,5880.000000,5620.000000,5670.000000,164405
6080.000000,6080.000000,2019-08-28,6120.000000,5650.000000,5670.000000,188521
5990.000000,5990.000000,2019-08-29,6220.000000,5910.000000,6160.000000,161793
6200.000000,6200.000000,2019-08-30,6200.000000,5990.000000,6140.000000,217604
6160.000000,6160.000000,2019-09-02,6640.000000,6160.000000,6390.000000,1083205
6200.000000,6200.000000,2019-09-03,6270.000000,6100.000000,6170.000000,94702
6160.000000,6160.000000,2019-09-04,6230.000000,6090.000000,6200.000000,86348
6210.000000,6210.000000,2019-09-05,6300.000000,6170.000000,6210.000000,148325
6210.000000,6210.000000,2019-09-06,6310.000000,6150.000000,6280.000000,76861
6170.000000,6170.000000,2019-09-09,6380.000000,6170.000000,6230.000000,165054
6180.000000,6180.000000,2019-09-10,6210.000000,6110.000000,6200.000000,71512
6300.000000,6300.000000,2019-09-11,6580.000000,6190.000000,6220.000000,331635
6490.000000,6490.000000,2019-09-16,6570.000000,6260.000000,6310.000000,252223
6560.000000,6560.000000,2019-09-17,6790.000000,6480.000000,6490.000000,439692
6460.000000,6460.000000,2019-09-18,6690.000000,6440.000000,6610.000000,114523
6460.000000,6460.000000,2019-09-19,6660.000000,6410.000000,6480.000000,191040
6450.000000,6450.000000,2019-09-20,6600.000000,6430.000000,6450.000000,92283
6330.000000,6330.000000,2019-09-23,6490.000000,6310.000000,6430.000000,73850
6290.000000,6290.000000,2019-09-24,6420.000000,6250.000000,6310.000000,69787
6010.000000,6010.000000,2019-09-25,6380.000000,6010.000000,6300.000000,103843
6020.000000,6020.000000,2019-09-26,6190.000000,6000.000000,6060.000000,57193
6000.000000,6000.000000,2019-09-27,6090.000000,5930.000000,6010.000000,38647
5850.000000,5850.000000,2019-09-30,6090.000000,5790.000000,6090.000000,83040
6080.000000,6080.000000,2019-10-01,6670.000000,5780.000000,5860.000000,468346
5980.000000,5980.000000,2019-10-02,6140.000000,5940.000000,6010.000000,54803
5900.000000,5900.000000,2019-10-04,6040.000000,5880.000000,5950.000000,60373
6230.000000,6230.000000,2019-10-07,6450.000000,5820.000000,5820.000000,374211
6140.000000,6140.000000,2019-10-08,6270.000000,6080.000000,6150.000000,95478
6100.000000,6100.000000,2019-10-10,6230.000000,6040.000000,6230.000000,71108
6750.000000,6750.000000,2019-10-11,7580.000000,6170.000000,6170.000000,10620870
7090.000000,7090.000000,2019-10-14,7190.000000,6660.000000,6870.000000,1903916
6900.000000,6900.000000,2019-10-15,7170.000000,6870.000000,7030.000000,721678
7050.000000,7050.000000,2019-10-16,7390.000000,6940.000000,7010.000000,1074729
7070.000000,7070.000000,2019-10-17,7090.000000,6940.000000,7010.000000,313291
6830.000000,6830.000000,2019-10-18,7150.000000,6810.000000,7130.000000,362403
6790.000000,6790.000000,2019-10-21,7020.000000,6770.000000,6800.000000,302878
6790.000000,6790.000000,2019-10-22,6960.000000,6750.000000,6800.000000,253021
7060.000000,7060.000000,2019-10-23,7140.000000,6830.000000,6880.000000,589304
6770.000000,6770.000000,2019-10-24,7120.000000,6710.000000,7100.000000,277037
6620.000000,6620.000000,2019-10-25,6830.000000,6610.000000,6770.000000,172613
6890.000000,6890.000000,2019-10-28,7390.000000,6570.000000,6570.000000,693040
6820.000000,6820.000000,2019-10-29,6950.000000,6700.000000,6910.000000,224055
6750.000000,6750.000000,2019-10-30,6890.000000,6700.000000,6890.000000,113880
6860.000000,6860.000000,2019-10-31,6950.000000,6750.000000,6760.000000,125542
7040.000000,7040.000000,2019-11-01,7040.000000,6830.000000,6860.000000,135023
6990.000000,6990.000000,2019-11-04,7250.000000,6990.000000,7040.000000,248587
7590.000000,7590.000000,2019-11-05,7940.000000,6920.000000,6990.000000,1613583
7700.000000,7700.000000,2019-11-06,8110.000000,7480.000000,7610.000000,1087817
7500.000000,7500.000000,2019-11-07,7700.000000,7430.000000,7700.000000,226209
7500.000000,7500.000000,2019-11-08,7910.000000,7490.000000,7550.000000,355604
7270.000000,7270.000000,2019-11-11,7580.000000,7240.000000,7580.000000,156353
7290.000000,7290.000000,2019-11-12,7480.000000,7250.000000,7270.000000,112199
7140.000000,7140.000000,2019-11-13,7430.000000,7110.000000,7410.000000,182516
7240.000000,7240.000000,2019-11-14,7290.000000,7090.000000,7170.000000,96680
7160.000000,7160.000000,2019-11-15,7260.000000,7020.000000,7240.000000,121044
7240.000000,7240.000000,2019-11-18,7450.000000,7160.000000,7210.000000,160134
7130.000000,7130.000000,2019-11-19,7380.000000,7130.000000,7250.000000,79762
6730.000000,6730.000000,2019-11-20,7160.000000,6680.000000,7080.000000,225724
6560.000000,6560.000000,2019-11-21,6820.000000,6470.000000,6720.000000,154534
6480.000000,6480.000000,2019-11-22,6680.000000,6390.000000,6510.000000,110437
6770.000000,6770.000000,2019-11-25,6790.000000,6490.000000,6490.000000,62418
6820.000000,6820.000000,2019-11-26,6940.000000,6780.000000,6900.000000,66941
6820.000000,6820.000000,2019-11-27,6950.000000,6770.000000,6790.000000,50212
6700.000000,6700.000000,2019-11-28,6910.000000,6700.000000,6820.000000,63022
6530.000000,6530.000000,2019-11-29,6750.000000,6450.000000,6710.000000,70633
6600.000000,6600.000000,2019-12-02,6700.000000,6330.000000,6500.000000,29478
6350.000000,6350.000000,2019-12-03,6550.000000,6350.000000,6500.000000,78093
6230.000000,6230.000000,2019-12-04,6400.000000,6160.000000,6340.000000,88853
6030.000000,6030.000000,2019-12-05,6400.000000,6000.000000,6240.000000,102627
6240.000000,6240.000000,2019-12-06,6240.000000,6010.000000,6010.000000,77159
6170.000000,6170.000000,2019-12-09,6370.000000,6110.000000,6240.000000,54768
6240.000000,6240.000000,2019-12-10,6290.000000,6130.000000,6130.000000,26407
6190.000000,6190.000000,2019-12-11,6340.000000,6090.000000,6240.000000,53503
6330.000000,6330.000000,2019-12-12,6370.000000,6210.000000,6210.000000,50020
6380.000000,6380.000000,2019-12-13,6460.000000,6330.000000,6330.000000,36603
6350.000000,6350.000000,2019-12-16,6450.000000,6260.000000,6380.000000,41565
6270.000000,6270.000000,2019-12-17,6440.000000,6180.000000,6320.000000,64721
6270.000000,6270.000000,2019-12-18,6300.000000,6180.000000,6210.000000,84898
6180.000000,6180.000000,2019-12-19,6390.000000,6180.000000,6270.000000,80270
6110.000000,6110.000000,2019-12-20,6270.000000,6100.000000,6200.000000,96182
6090.000000,6090.000000,2019-12-23,6170.000000,6060.000000,6170.000000,66333
5950.000000,5950.000000,2019-12-24,6130.000000,5930.000000,6100.000000,104056
6000.000000,6000.000000,2019-12-26,6080.000000,5920.000000,5940.000000,54478
6170.000000,6170.000000,2019-12-27,6180.000000,5930.000000,6010.000000,52825
6280.000000,6280.000000,2019-12-30,6340.000000,6090.000000,6190.000000,59799
6260.000000,6260.000000,2020-01-02,6410.000000,6240.000000,6390.000000,58198
6360.000000,6360.000000,2020-01-03,6460.000000,6240.000000,6260.000000,143784
6240.000000,6240.000000,2020-01-06,6360.000000,6110.000000,6360.000000,86343
6270.000000,6270.000000,2020-01-07,6450.000000,6230.000000,6250.000000,65652
5910.000000,5910.000000,2020-01-08,6230.000000,5880.000000,6230.000000,186227
6060.000000,6060.000000,2020-01-09,6110.000000,5960.000000,6030.000000,68090
6120.000000,6120.000000,2020-01-10,6170.000000,6000.000000,6080.000000,66468
6160.000000,6160.000000,2020-01-13,6180.000000,6100.000000,6170.000000,41560
6080.000000,6080.000000,2020-01-14,6240.000000,6070.000000,6230.000000,70614
6270.000000,6270.000000,2020-01-15,6280.000000,6030.000000,6100.000000,85637
6560.000000,6560.000000,2020-01-16,7330.000000,6230.000000,6330.000000,3326944
6310.000000,6310.000000,2020-01-17,6710.000000,6280.000000,6650.000000,618064
6390.000000,6390.000000,2020-01-20,6490.000000,6320.000000,6320.000000,254984
6200.000000,6200.000000,2020-01-21,6480.000000,6200.000000,6390.000000,172897
6350.000000,6350.000000,2020-01-22,6420.000000,6170.000000,6200.000000,159635
6580.000000,6580.000000,2020-01-23,6600.000000,6210.000000,6370.000000,274188
6830.000000,6830.000000,2020-01-28,7120.000000,6430.000000,6820.000000,1883412
6850.000000,6850.000000,2020-01-29,7100.000000,6610.000000,6900.000000,686444
7060.000000,7060.000000,2020-01-30,7530.000000,6790.000000,7010.000000,2332359
6500.000000,6500.000000,2020-01-31,7140.000000,6450.000000,7060.000000,547165
6110.000000,6110.000000,2020-02-03,6560.000000,6010.000000,6430.000000,343675
6320.000000,6320.000000,2020-02-04,6320.000000,6100.000000,6130.000000,205290
6710.000000,6710.000000,2020-02-05,6850.000000,6320.000000,6450.000000,372750
6690.000000,6690.000000,2020-02-06,6800.000000,6630.000000,6770.000000,245677
6810.000000,6810.000000,2020-02-07,6920.000000,6650.000000,6700.000000,242426
6830.000000,6830.000000,2020-02-10,6940.000000,6620.000000,6850.000000,186515
6710.000000,6710.000000,2020-02-11,6870.000000,6660.000000,6800.000000,173167
6600.000000,6600.000000,2020-02-12,6720.000000,6530.000000,6710.000000,103673
6780.000000,6780.000000,2020-02-13,6780.000000,6570.000000,6570.000000,132802
6780.000000,6780.000000,2020-02-14,6920.000000,6740.000000,6780.000000,164937
6730.000000,6730.000000,2020-02-17,6870.000000,6680.000000,6780.000000,98048
6770.000000,6770.000000,2020-02-18,6840.000000,6710.000000,6730.000000,128517
6890.000000,6890.000000,2020-02-19,6970.000000,6730.000000,6800.000000,207901
6880.000000,6880.000000,2020-02-20,7060.000000,6830.000000,6970.000000,280270
6510.000000,6510.000000,2020-02-21,6850.000000,6460.000000,6850.000000,193135
6100.000000,6100.000000,2020-02-24,6330.000000,6040.000000,6180.000000,202265
6320.000000,6320.000000,2020-02-25,6350.000000,6010.000000,6030.000000,113872
6280.000000,6280.000000,2020-02-26,6370.000000,6140.000000,6200.000000,78066
6450.000000,6450.000000,2020-02-27,6600.000000,6260.000000,6290.000000,209899
6000.000000,6000.000000,2020-02-28,6930.000000,5890.000000,6820.000000,471955
6130.000000,6130.000000,2020-03-02,6630.000000,5910.000000,6030.000000,798494
6510.000000,6510.000000,2020-03-03,6700.000000,6160.000000,6240.000000,416594
6600.000000,6600.000000,2020-03-04,6730.000000,6420.000000,6460.000000,294204
6710.000000,6710.000000,2020-03-05,7130.000000,6560.000000,6640.000000,1473893
6770.000000,6770.000000,2020-03-06,7030.000000,6570.000000,6740.000000,643647
7270.000000,7270.000000,2020-03-09,7500.000000,6610.000000,6820.000000,2879312
6670.000000,6670.000000,2020-03-10,7040.000000,6590.000000,6970.000000,1430119
7000.000000,7000.000000,2020-03-11,7250.000000,6750.000000,6800.000000,2333741
6310.000000,6310.000000,2020-03-12,7230.000000,6250.000000,6870.000000,1228347
5100.000000,5100.000000,2020-03-13,5990.000000,4620.000000,5990.000000,1398852
4850.000000,4850.000000,2020-03-16,5630.000000,4850.000000,5200.000000,1032626
4915.000000,4915.000000,2020-03-17,4980.000000,4300.000000,4490.000000,643527
4800.000000,4800.000000,2020-03-18,5710.000000,4800.000000,5200.000000,1340789
4755.000000,4755.000000,2020-03-19,5990.000000,4030.000000,5090.000000,4914367
5240.000000,5240.000000,2020-03-20,5750.000000,4770.000000,4770.000000,4347060
5670.000000,5670.000000,2020-03-23,5970.000000,5160.000000,5160.000000,3494901
5710.000000,5710.000000,2020-03-24,5960.000000,5580.000000,5670.000000,1535570
7350.000000,7350.000000,2020-03-25,7350.000000,5620.000000,5850.000000,3251736
7980.000000,7980.000000,2020-03-26,8910.000000,7710.000000,8140.000000,7028339
7370.000000,7370.000000,2020-03-27,8770.000000,6490.000000,7690.000000,7917139
8390.000000,8390.000000,2020-03-30,8640.000000,7440.000000,7860.000000,4591618
8470.000000,8470.000000,2020-03-31,9600.000000,8300.000000,8700.000000,5294041
7810.000000,7810.000000,2020-04-01,9490.000000,7810.000000,8950.000000,4425798
8050.000000,8050.000000,2020-04-02,8240.000000,7460.000000,7810.000000,1617179
8360.000000,8360.000000,2020-04-03,8880.000000,8080.000000,8080.000000,3241835
8640.000000,8640.000000,2020-04-06,8980.000000,8350.000000,8390.000000,2818316
8580.000000,8580.000000,2020-04-07,8840.000000,7930.000000,8800.000000,1805313
10300.000000,10300.000000,2020-04-08,11150.000000,8530.000000,8710.000000,18317230
9850.000000,9850.000000,2020-04-09,10450.000000,9540.000000,10350.000000,4325380
9260.000000,9260.000000,2020-04-10,10250.000000,9010.000000,9810.000000,3125044
8900.000000,8900.000000,2020-04-13,9590.000000,8870.000000,9450.000000,1762271
8770.000000,8770.000000,2020-04-14,9120.000000,8550.000000,9100.000000,1005790
8210.000000,8210.000000,2020-04-16,8840.000000,8090.000000,8620.000000,1142423
8610.000000,8610.000000,2020-04-17,8900.000000,8350.000000,8500.000000,2125057
9150.000000,9150.000000,2020-04-20,9500.000000,8610.000000,8610.000000,3709479
8670.000000,8670.000000,2020-04-21,9180.000000,8000.000000,9180.000000,1426447
8650.000000,8650.000000,2020-04-22,8780.000000,8360.000000,8490.000000,570315
9030.000000,9030.000000,2020-04-23,9150.000000,8570.000000,8690.000000,993123
8710.000000,8710.000000,2020-04-24,9100.000000,8650.000000,9030.000000,1039995
8890.000000,8890.000000,2020-04-27,8970.000000,8760.000000,8900.000000,417898
8550.000000,8550.000000,2020-04-28,8960.000000,8520.000000,8950.000000,457689
8210.000000,8210.000000,2020-04-29,8610.000000,8050.000000,8610.000000,554246
8050.000000,8050.000000,2020-05-04,8280.000000,7980.000000,7980.000000,254870
8370.000000,8370.000000,2020-05-06,8460.000000,8130.000000,8130.000000,374132
8600.000000,8600.000000,2020-05-07,8600.000000,8350.000000,8500.000000,392089
8680.000000,8680.000000,2020-05-08,8920.000000,8610.000000,8820.000000,627430
8790.000000,8790.000000,2020-05-11,8950.000000,8700.000000,8770.000000,487220
9230.000000,9230.000000,2020-05-12,9250.000000,8720.000000,8810.000000,1077562
9140.000000,9140.000000,2020-05-13,9310.000000,9000.000000,9140.000000,660153
9040.000000,9040.000000,2020-05-14,9490.000000,8990.000000,9220.000000,1199760
9620.000000,9620.000000,2020-05-15,9630.000000,8900.000000,9120.000000,1448562
9210.000000,9210.000000,2020-05-18,9750.000000,9130.000000,9630.000000,989467
8610.000000,8610.000000,2020-05-19,9210.000000,8600.000000,9210.000000,714851
8750.000000,8750.000000,2020-05-20,8920.000000,8660.000000,8700.000000,324699
8700.000000,8700.000000,2020-05-21,8840.000000,8630.000000,8830.000000,281993
8550.000000,8550.000000,2020-05-22,8750.000000,8430.000000,8690.000000,269529
8680.000000,8680.000000,2020-05-25,8690.000000,8530.000000,8530.000000,232378
8750.000000,8750.000000,2020-05-26,8900.000000,8510.000000,8720.000000,438183
8450.000000,8450.000000,2020-05-27,8820.000000,8450.000000,8820.000000,317332
8500.000000,8500.000000,2020-05-28,8630.000000,8160.000000,8550.000000,272721
8270.000000,8270.000000,2020-05-29,8550.000000,8250.000000,8430.000000,193882
8500.000000,8500.000000,2020-06-01,8860.000000,8230.000000,8230.000000,511499
8670.000000,8670.000000,2020-06-02,8700.000000,8400.000000,8520.000000,239867
8540.000000,8540.000000,2020-06-03,8840.000000,8540.000000,8840.000000,393702
8510.000000,8510.000000,2020-06-04,8730.000000,8480.000000,8500.000000,264222
8950.000000,8950.000000,2020-06-05,9200.000000,8470.000000,8520.000000,1853945
9290.000000,9290.000000,2020-06-08,9480.000000,8720.000000,8900.000000,1254012
9320.000000,9320.000000,2020-06-09,9540.000000,9040.000000,9440.000000,903009
10000.000000,10000.000000,2020-06-10,11950.000000,9410.000000,9570.000000,11894930
9990.000000,9990.000000,2020-06-11,10500.000000,9800.000000,10100.000000,2504050
9790.000000,9790.000000,2020-06-12,9850.000000,9120.000000,9400.000000,1212977
8800.000000,8800.000000,2020-06-15,10150.000000,8800.000000,9660.000000,1517404
9740.000000,9740.000000,2020-06-16,9760.000000,9020.000000,9050.000000,921192
9390.000000,9390.000000,2020-06-17,9840.000000,9040.000000,9700.000000,816454
9420.000000,9420.000000,2020-06-18,9650.000000,9080.000000,9340.000000,613663
9080.000000,9080.000000,2020-06-19,9650.000000,8990.000000,9500.000000,1003092
9300.000000,9300.000000,2020-06-22,9470.000000,9100.000000,9150.000000,500266
8980.000000,8980.000000,2020-06-23,9340.000000,8920.000000,9330.000000,542888
11650.000000,11650.000000,2020-06-24,11650.000000,9080.000000,9120.000000,3663292
10400.000000,10400.000000,2020-06-25,12950.000000,10150.000000,12600.000000,8271699
9970.000000,9970.000000,2020-06-26,11050.000000,9870.000000,10600.000000,2538771
10000.000000,10000.000000,2020-06-29,10250.000000,9640.000000,9860.000000,986997
9540.000000,9540.000000,2020-06-30,10150.000000,9460.000000,10000.000000,756868
9140.000000,9140.000000,2020-07-01,9790.000000,9100.000000,9530.000000,552536
9460.000000,9460.000000,2020-07-02,10550.000000,9410.000000,9570.000000,5081093
10150.000000,10150.000000,2020-07-03,10200.000000,9510.000000,9630.000000,1780103
9700.000000,9700.000000,2020-07-06,10250.000000,9700.000000,10200.000000,734132
9900.000000,9900.000000,2020-07-07,9940.000000,9550.000000,9740.000000,537395
9750.000000,9750.000000,2020-07-08,9960.000000,9680.000000,9820.000000,384543
9800.000000,9800.000000,2020-07-09,10250.000000,9720.000000,9780.000000,808285
10150.000000,10150.000000,2020-07-10,11050.000000,9380.000000,9820.000000,4096581
10300.000000,10300.000000,2020-07-13,10450.000000,9990.000000,10100.000000,1343864
10350.000000,10350.000000,2020-07-14,10750.000000,10050.000000,10100.000000,1314374
10450.000000,10450.000000,2020-07-15,10750.000000,10200.000000,10400.000000,862092
10000.000000,10000.000000,2020-07-16,10600.000000,9990.000000,10550.000000,592552
10100.000000,10100.000000,2020-07-17,10200.000000,9990.000000,10000.000000,318134
10000.000000,10000.000000,2020-07-20,10250.000000,9790.000000,10200.000000,355224
10050.000000,10050.000000,2020-07-21,10450.000000,9900.000000,10050.000000,612186
10650.000000,10650.000000,2020-07-22,10850.000000,9910.000000,10100.000000,1718643
10600.000000,10600.000000,2020-07-23,11200.000000,10400.000000,10700.000000,1594625
10400.000000,10400.000000,2020-07-24,11200.000000,10350.000000,10400.000000,1488735
10500.000000,10500.000000,2020-07-27,10700.000000,10250.000000,10350.000000,556061
10500.000000,10500.000000,2020-07-28,11100.000000,10400.000000,10650.000000,888898
10350.000000,10350.000000,2020-07-29,10700.000000,10300.000000,10500.000000,403575
10400.000000,10400.000000,2020-07-30,10450.000000,10100.000000,10400.000000,412663
10700.000000,10700.000000,2020-07-31,11100.000000,10350.000000,10450.000000,1290293
12000.000000,12000.000000,2020-08-03,12000.000000,10700.000000,10800.000000,3856688
11350.000000,11350.000000,2020-08-04,12450.000000,11100.000000,12300.000000,2407981
11700.000000,11700.000000,2020-08-05,12000.000000,11200.000000,11350.000000,1703916
12200.000000,12200.000000,2020-08-06,13700.000000,11500.000000,11800.000000,7925051
11650.000000,11650.000000,2020-08-07,12450.000000,11400.000000,12300.000000,1319072
11150.000000,11150.000000,2020-08-10,11600.000000,11100.000000,11400.000000,693521
11400.000000,11400.000000,2020-08-11,11650.000000,11100.000000,11100.000000,744212
10600.000000,10600.000000,2020-08-12,11500.000000,10450.000000,11250.000000,853004
10600.000000,10600.000000,2020-08-13,11150.000000,10500.000000,10750.000000,653658
10300.000000,10300.000000,2020-08-14,10750.000000,10150.000000,10700.000000,497196
10050.000000,10050.000000,2020-08-18,10950.000000,9920.000000,10250.000000,885651
10650.000000,10650.000000,2020-08-19,10650.000000,10250.000000,10250.000000,601925
10500.000000,10500.000000,2020-08-20,11100.000000,10300.000000,10950.000000,784646
10100.000000,10100.000000,2020-08-21,10750.000000,10050.000000,10550.000000,381077
10300.000000,10300.000000,2020-08-24,10500.000000,10100.000000,10300.000000,333105
11050.000000,11050.000000,2020-08-25,11300.000000,10300.000000,10450.000000,957199
11300.000000,11300.000000,2020-08-26,12050.000000,11050.000000,11050.000000,2019039
11600.000000,11600.000000,2020-08-27,11850.000000,11050.000000,11200.000000,1210736
11200.000000,11200.000000,2020-08-28,11800.000000,11100.000000,11600.000000,576118
11200.000000,11200.000000,2020-08-31,11700.000000,11050.000000,11250.000000,460350
11600.000000,11600.000000,2020-09-01,11600.000000,11050.000000,11150.000000,409751
11400.000000,11400.000000,2020-09-02,11700.000000,11250.000000,11650.000000,399124
11300.000000,11300.000000,2020-09-03,11500.000000,11150.000000,11400.000000,322519
10950.000000,10950.000000,2020-09-04,11100.000000,10600.000000,10600.000000,464282
10900.000000,10900.000000,2020-09-07,11000.000000,10500.000000,10900.000000,457863
11150.000000,11150.000000,2020-09-08,11300.000000,10600.000000,10850.000000,864591
13050.000000,13050.000000,2020-09-09,14450.000000,12150.000000,12600.000000,20404760
12900.000000,12900.000000,2020-09-10,13650.000000,12400.000000,13150.000000,5108304
13550.000000,13550.000000,2020-09-11,13550.000000,12400.000000,12600.000000,2914157
13050.000000,13050.000000,2020-09-14,13450.000000,12950.000000,13300.000000,1326854
12150.000000,12150.000000,2020-09-15,13100.000000,12150.000000,13100.000000,1526950
11750.000000,11750.000000,2020-09-16,12450.000000,11650.000000,12350.000000,946499
11400.000000,11400.000000,2020-09-17,12100.000000,11400.000000,11750.000000,987028
11800.000000,11800.000000,2020-09-18,13150.000000,11600.000000,12700.000000,3272981
11050.000000,11050.000000,2020-09-21,12150.000000,11000.000000,11800.000000,816498
11500.000000,11500.000000,2020-09-22,12650.000000,10750.000000,11100.000000,2297513
12800.000000,12800.000000,2020-09-23,12900.000000,11500.000000,11550.000000,3772055
13900.000000,13900.000000,2020-09-24,15300.000000,12300.000000,12400.000000,14745430
14200.000000,14200.000000,2020-09-25,14900.000000,13050.000000,13850.000000,5390030
13450.000000,13450.000000,2020-09-28,15450.000000,13150.000000,15100.000000,4058744
12950.000000,12950.000000,2020-09-29,13900.000000,12900.000000,13850.000000,1991619
12750.000000,12750.000000,2020-10-05,13100.000000,12600.000000,12850.000000,1041028
12900.000000,12900.000000,2020-10-06,13300.000000,12750.000000,12850.000000,967178
13450.000000,13450.000000,2020-10-07,13450.000000,12650.000000,12750.000000,867153
13100.000000,13100.000000,2020-10-08,13600.000000,13050.000000,13450.000000,821989
12800.000000,12800.000000,2020-10-12,13150.000000,12750.000000,13050.000000,476628
12050.000000,12050.000000,2020-10-13,12950.000000,12050.000000,12950.000000,775391
12000.000000,12000.000000,2020-10-14,12400.000000,12000.000000,12150.000000,436213
12100.000000,12100.000000,2020-10-15,12450.000000,11700.000000,11950.000000,734190
12800.000000,12800.000000,2020-10-16,13050.000000,12100.000000,12150.000000,1375665
12650.000000,12650.000000,2020-10-19,13200.000000,12550.000000,12900.000000,785822
12200.000000,12200.000000,2020-10-20,12650.000000,11950.000000,12450.000000,643839
12450.000000,12450.000000,2020-10-21,12500.000000,12100.000000,12250.000000,327088
11850.000000,11850.000000,2020-10-22,12600.000000,11800.000000,12300.000000,439661
12000.000000,12000.000000,2020-10-23,12250.000000,11700.000000,12000.000000,369691
11200.000000,11200.000000,2020-10-26,12250.000000,11200.000000,12200.000000,425701
10800.000000,10800.000000,2020-10-27,11350.000000,10700.000000,10900.000000,549336
11200.000000,11200.000000,2020-10-28,11350.000000,10850.000000,10850.000000,291561
11400.000000,11400.000000,2020-10-29,11450.000000,10900.000000,10950.000000,425335
10600.000000,10600.000000,2020-10-30,11450.000000,10550.000000,11400.000000,496722
10700.000000,10700.000000,2020-11-02,11000.000000,10450.000000,10700.000000,304207
11100.000000,11100.000000,2020-11-03,11300.000000,10800.000000,10850.000000,340769
11000.000000,11000.000000,2020-11-04,11300.000000,10900.000000,11250.000000,296313
11300.000000,11300.000000,2020-11-05,11450.000000,11050.000000,11050.000000,246178
11000.000000,11000.000000,2020-11-06,11500.000000,10900.000000,11350.000000,366935
11450.000000,11450.000000,2020-11-09,11500.000000,11050.000000,11200.000000,303796
11000.000000,11000.000000,2020-11-10,11350.000000,10850.000000,11350.000000,404393
12350.000000,12350.000000,2020-11-11,12700.000000,10700.000000,11050.000000,2696676
12000.000000,12000.000000,2020-11-12,12300.000000,11800.000000,12050.000000,483556
12050.000000,12050.000000,2020-11-13,12300.000000,11700.000000,12000.000000,494520
12100.000000,12100.000000,2020-11-16,12200.000000,11900.000000,12050.000000,347446
12150.000000,12150.000000,2020-11-17,13100.000000,11400.000000,12000.000000,2713834
12350.000000,12350.000000,2020-11-18,12800.000000,12100.000000,12150.000000,761769
16050.000000,16050.000000,2020-11-19,16050.000000,12450.000000,12700.000000,22172350
15700.000000,15700.000000,2020-11-20,17200.000000,14800.000000,16750.000000,11394760
17600.000000,17600.000000,2020-11-23,19350.000000,16000.000000,16350.000000,21060240
17600.000000,17600.000000,2020-11-24,18900.000000,17150.000000,17850.000000,5145786
19700.000000,19700.000000,2020-11-25,22350.000000,17700.000000,17800.000000,23189410
19650.000000,19650.000000,2020-11-26,20500.000000,19200.000000,20250.000000,3707357
20100.000000,20100.000000,2020-11-27,22300.000000,20050.000000,21600.000000,6151729
20300.000000,20300.000000,2020-11-30,21700.000000,20000.000000,21400.000000,3134609
20000.000000,20000.000000,2020-12-01,20100.000000,19000.000000,20050.000000,1907588
19900.000000,19900.000000,2020-12-02,20800.000000,19400.000000,20650.000000,1949152
19550.000000,19550.000000,2020-12-03,20950.000000,19250.000000,19250.000000,2544404
20050.000000,20050.000000,2020-12-04,20450.000000,19350.000000,19350.000000,1677348
20300.000000,20300.000000,2020-12-07,20400.000000,19300.000000,20350.000000,1543457
18400.000000,18400.000000,2020-12-08,20550.000000,18400.000000,20150.000000,1402925
17900.000000,17900.000000,2020-12-09,19050.000000,17700.000000,18600.000000,1181910
18000.000000,18000.000000,2020-12-10,18500.000000,17550.000000,17550.000000,912207
16700.000000,16700.000000,2020-12-11,18250.000000,16550.000000,18250.000000,1745735
16700.000000,16700.000000,2020-12-14,17000.000000,16350.000000,16950.000000,968768
17500.000000,17500.000000,2020-12-15,17700.000000,16050.000000,16850.000000,2681608
16500.000000,16500.000000,2020-12-16,17400.000000,16400.000000,17400.000000,999519
16050.000000,16050.000000,2020-12-17,16650.000000,15800.000000,16450.000000,697764
16750.000000,16750.000000,2020-12-18,16900.000000,15850.000000,15900.000000,1203915
16300.000000,16300.000000,2020-12-21,17000.000000,16200.000000,16850.000000,802251
15450.000000,15450.000000,2020-12-22,16400.000000,15300.000000,16250.000000,878707
15000.000000,15000.000000,2020-12-23,16100.000000,14850.000000,15600.000000,897808
15000.000000,15000.000000,2020-12-24,15400.000000,14600.000000,14950.000000,479605
14300.000000,14300.000000,2020-12-28,15850.000000,14050.000000,15300.000000,1325726
15050.000000,15050.000000,2020-12-29,15350.000000,14400.000000,14700.000000,672956
15200.000000,15200.000000,2020-12-30,15250.000000,14550.000000,15000.000000,475922
14450.000000,14450.000000,2021-01-04,15300.000000,14350.000000,15250.000000,586972
15050.000000,15050.000000,2021-01-05,15150.000000,14450.000000,14600.000000,418205
15550.000000,15550.000000,2021-01-06,15950.000000,14800.000000,15050.000000,774984
15550.000000,15550.000000,2021-01-07,15950.000000,15250.000000,15900.000000,445749
15050.000000,15050.000000,2021-01-08,15600.000000,14950.000000,15550.000000,468159
14100.000000,14100.000000,2021-01-11,15100.000000,13850.000000,15000.000000,674586
14300.000000,14300.000000,2021-01-12,14950.000000,13900.000000,14350.000000,369812
14350.000000,14350.000000,2021-01-13,14800.000000,14100.000000,14300.000000,276286
13400.000000,13400.000000,2021-01-14,14150.000000,13250.000000,14150.000000,784808
13000.000000,13000.000000,2021-01-15,13400.000000,12700.000000,13350.000000,470086
12300.000000,12300.000000,2021-01-18,13400.000000,12300.000000,12950.000000,406286
12800.000000,12800.000000,2021-01-19,13100.000000,12000.000000,12150.000000,484751
13000.000000,13000.000000,2021-01-20,13300.000000,12700.000000,12700.000000,185074
13050.000000,13050.000000,2021-01-21,13150.000000,12750.000000,13050.000000,154446
12850.000000,12850.000000,2021-01-22,13100.000000,12600.000000,13050.000000,188070
13150.000000,13150.000000,2021-01-25,13200.000000,12700.000000,12850.000000,214608
12450.000000,12450.000000,2021-01-26,13350.000000,12400.000000,13250.000000,372935
12550.000000,12550.000000,2021-01-27,12750.000000,12300.000000,12700.000000,151625
11900.000000,11900.000000,2021-01-28,12400.000000,11800.000000,12050.000000,236928
11250.000000,11250.000000,2021-01-29,12150.000000,11250.000000,12050.000000,229868
11900.000000,11900.000000,2021-02-01,12550.000000,11150.000000,11150.000000,537840
12000.000000,12000.000000,2021-02-02,12250.000000,11550.000000,11950.000000,265611
12000.000000,12000.000000,2021-02-03,12050.000000,11800.000000,11950.000000,128067
11600.000000,11600.000000,2021-02-04,12100.000000,11500.000000,12000.000000,132355
11900.000000,11900.000000,2021-02-05,12400.000000,11750.000000,11750.000000,455696
11400.000000,11400.000000,2021-02-08,12050.000000,11300.000000,11900.000000,205383
11300.000000,11300.000000,2021-02-09,11600.000000,11100.000000,11400.000000,138828
11600.000000,11600.000000,2021-02-10,11600.000000,11250.000000,11300.000000,136407
11700.000000,11700.000000,2021-02-15,11850.000000,11450.000000,11700.000000,139976
11300.000000,11300.000000,2021-02-16,11800.000000,11150.000000,11700.000000,242979
11400.000000,11400.000000,2021-02-17,11400.000000,11100.000000,11250.000000,127475
11200.000000,11200.000000,2021-02-18,11700.000000,11150.000000,11400.000000,200623
10750.000000,10750.000000,2021-02-19,11300.000000,10650.000000,11150.000000,241664
10850.000000,10850.000000,2021-02-22,11150.000000,10650.000000,10800.000000,163305
10350.000000,10350.000000,2021-02-23,10800.000000,10300.000000,10700.000000,236639
10050.000000,10050.000000,2021-02-24,10750.000000,10000.000000,10350.000000,264040
10900.000000,10900.000000,2021-02-25,11100.000000,10200.000000,10200.000000,338864
10250.000000,10250.000000,2021-02-26,10700.000000,10150.000000,10500.000000,172892
10550.000000,10550.000000,2021-03-02,10700.000000,10000.000000,10450.000000,160381
10400.000000,10400.000000,2021-03-03,10700.000000,10400.000000,10400.000000,118589
10050.000000,10050.000000,2021-03-04,10400.000000,10050.000000,10300.000000,156302
9830.000000,9830.000000,2021-03-05,10000.000000,9700.000000,9870.000000,234725
9470.000000,9470.000000,2021-03-08,9890.000000,9470.000000,9850.000000,206066
9510.000000,9510.000000,2021-03-09,9670.000000,9060.000000,9380.000000,254083
9290.000000,9290.000000,2021-03-10,9810.000000,9290.000000,9470.000000,154880
9600.000000,9600.000000,2021-03-11,9660.000000,9270.000000,9290.000000,133738
9780.000000,9780.000000,2021-03-12,9890.000000,9570.000000,9570.000000,145389
9700.000000,9700.000000,2021-03-15,9870.000000,9680.000000,9870.000000,65870
9940.000000,9940.000000,2021-03-16,9940.000000,9620.000000,9750.000000,122266
10200.000000,10200.000000,2021-03-17,10200.000000,9830.000000,9950.000000,148060
9980.000000,9980.000000,2021-03-18,10600.000000,9980.000000,10400.000000,232298
9940.000000,9940.000000,2021-03-19,10100.000000,9740.000000,9840.000000,90549
9830.000000,9830.000000,2021-03-22,10050.000000,9780.000000,9930.000000,105200
9820.000000,9820.000000,2021-03-23,10200.000000,9760.000000,9870.000000,137378
9720.000000,9720.000000,2021-03-24,9870.000000,9640.000000,9640.000000,70816
9750.000000,9750.000000,2021-03-25,9800.000000,9640.000000,9750.000000,86203
9950.000000,9950.000000,2021-03-26,10050.000000,9640.000000,9750.000000,139437
10250.000000,10250.000000,2021-03-29,10800.000000,10050.000000,10300.000000,960875
10500.000000,10500.000000,2021-03-30,11750.000000,10500.000000,11400.000000,1630434
10200.000000,10200.000000,2021-03-31,10600.000000,10200.000000,10600.000000,218185
10250.000000,10250.000000,2021-04-01,10400.000000,9990.000000,10200.000000,211291
10200.000000,10200.000000,2021-04-02,10350.000000,9930.000000,10200.000000,256316
10300.000000,10300.000000,2021-04-05,10400.000000,9950.000000,10250.000000,399285
10800.000000,10800.000000,2021-04-06,10950.000000,10400.000000,10550.000000,681933
10750.000000,10750.000000,2021-04-07,10900.000000,10550.000000,10800.000000,209655
11150.000000,11150.000000,2021-04-08,11200.000000,10650.000000,10750.000000,299455
11000.000000,11000.000000,2021-04-09,11300.000000,10900.000000,11250.000000,244091
11300.000000,11300.000000,2021-04-12,11400.000000,10800.000000,11000.000000,288336
11400.000000,11400.000000,2021-04-13,11900.000000,11300.000000,11400.000000,487119
11500.000000,11500.000000,2021-04-14,11550.000000,11200.000000,11400.000000,170342
11050.000000,11050.000000,2021-04-15,11500.000000,11050.000000,11500.000000,217802
11450.000000,11450.000000,2021-04-16,11550.000000,11050.000000,11200.000000,267892
12100.000000,12100.000000,2021-04-19,12200.000000,11200.000000,11500.000000,933465
12000.000000,12000.000000,2021-04-20,12250.000000,11850.000000,12100.000000,316134
11550.000000,11550.000000,2021-04-21,12000.000000,11550.000000,12000.000000,246531
11250.000000,11250.000000,2021-04-22,11750.000000,11200.000000,11750.000000,193031
11800.000000,11800.000000,2021-04-23,12050.000000,11100.000000,11200.000000,383778
11800.000000,11800.000000,2021-04-26,12000.000000,11600.000000,11900.000000,222518
11750.000000,11750.000000,2021-04-27,12450.000000,11750.000000,12000.000000,519690
11450.000000,11450.000000,2021-04-28,12150.000000,11400.000000,11950.000000,269591
11300.000000,11300.000000,2021-04-29,11650.000000,11150.000000,11450.000000,199559
10800.000000,10800.000000,2021-04-30,11500.000000,10800.000000,11200.000000,213854
10350.000000,10350.000000,2021-05-03,10950.000000,10250.000000,10900.000000,208758
10350.000000,10350.000000,2021-05-04,10500.000000,10000.000000,10200.000000,215688
10150.000000,10150.000000,2021-05-06,10500.000000,10150.000000,10300.000000,123752
10600.000000,10600.000000,2021-05-07,10850.000000,10200.000000,10300.000000,236326
11200.000000,11200.000000,2021-05-10,11800.000000,10750.000000,10750.000000,479536
10750.000000,10750.000000,2021-05-11,11300.000000,10650.000000,11250.000000,216229
10400.000000,10400.000000,2021-05-12,10950.000000,10350.000000,10800.000000,159572
10450.000000,10450.000000,2021-05-13,10850.000000,10100.000000,10150.000000,141648
10750.000000,10750.000000,2021-05-14,10750.000000,10400.000000,10550.000000,98856
11250.000000,11250.000000,2021-05-17,12900.000000,10800.000000,10800.000000,4972747
11400.000000,11400.000000,2021-05-18,11600.000000,10950.000000,11250.000000,631039
10850.000000,10850.000000,2021-05-20,11400.000000,10750.000000,11200.000000,337217
10800.000000,10800.000000,2021-05-21,11100.000000,10700.000000,10900.000000,196546
10450.000000,10450.000000,2021-05-24,10900.000000,10400.000000,10850.000000,175018
10650.000000,10650.000000,2021-05-25,10750.000000,10400.000000,10450.000000,121298
10550.000000,10550.000000,2021-05-26,10800.000000,10500.000000,10750.000000,92024
11050.000000,11050.000000,2021-05-27,11100.000000,10500.000000,10600.000000,247601
10900.000000,10900.000000,2021-05-28,11150.000000,10850.000000,11100.000000,77494
10750.000000,10750.000000,2021-05-31,10950.000000,10700.000000,10850.000000,71149
10700.000000,10700.000000,2021-06-01,10850.000000,10600.000000,10750.000000,98967
10500.000000,10500.000000,2021-06-02,10800.000000,10350.000000,10750.000000,157593
10550.000000,10550.000000,2021-06-03,10550.000000,10300.000000,10550.000000,127365
10350.000000,10350.000000,2021-06-04,10550.000000,10350.000000,10500.000000,118900
10300.000000,10300.000000,2021-06-07,10500.000000,10200.000000,10450.000000,101691
10300.000000,10300.000000,2021-06-08,10500.000000,10300.000000,10500.000000,83513
10200.000000,10200.000000,2021-06-09,10400.000000,10150.000000,10350.000000,84642
10350.000000,10350.000000,2021-06-10,10400.000000,10100.000000,10100.000000,78505
10500.000000,10500.000000,2021-06-11,11250.000000,10350.000000,10400.000000,529918
10750.000000,10750.000000,2021-06-14,10900.000000,10550.000000,10700.000000,160650
10600.000000,10600.000000,2021-06-15,10750.000000,10500.000000,10650.000000,125168
10900.000000,10900.000000,2021-06-16,11000.000000,10500.000000,10600.000000,383204
10800.000000,10800.000000,2021-06-17,11050.000000,10800.000000,11000.000000,136100
11000.000000,11000.000000,2021-06-18,11450.000000,10750.000000,10750.000000,349458
11250.000000,11250.000000,2021-06-21,11300.000000,10850.000000,10950.000000,342576
10950.000000,10950.000000,2021-06-22,11300.000000,10950.000000,11250.000000,184173
11650.000000,11650.000000,2021-06-23,11800.000000,10950.000000,10950.000000,940598
11500.000000,11500.000000,2021-06-24,11800.000000,11400.000000,11800.000000,287087
11200.000000,11200.000000,2021-06-25,11750.000000,11150.000000,11500.000000,319173
11600.000000,11600.000000,2021-06-28,11700.000000,11250.000000,11300.000000,218119
11450.000000,11450.000000,2021-06-29,11850.000000,11450.000000,11600.000000,216388
11550.000000,11550.000000,2021-06-30,11800.000000,11400.000000,11450.000000,183497
11800.000000,11800.000000,2021-07-01,11950.000000,11550.000000,11550.000000,304181
11750.000000,11750.000000,2021-07-02,11900.000000,11650.000000,11850.000000,172992
11850.000000,11850.000000,2021-07-05,12000.000000,11700.000000,11900.000000,207531
11400.000000,11400.000000,2021-07-06,11900.000000,11350.000000,11900.000000,309067
11550.000000,11550.000000,2021-07-07,11700.000000,11400.000000,11600.000000,186829
11300.000000,11300.000000,2021-07-08,11700.000000,11250.000000,11550.000000,186060
11500.000000,11500.000000,2021-07-09,11550.000000,11100.000000,11300.000000,241337
11400.000000,11400.000000,2021-07-12,11700.000000,11400.000000,11400.000000,139292
11250.000000,11250.000000,2021-07-13,11500.000000,11150.000000,11500.000000,153955
11100.000000,11100.000000,2021-07-14,11350.000000,11050.000000,11300.000000,125091
11150.000000,11150.000000,2021-07-15,11250.000000,11050.000000,11200.000000,71478
11000.000000,11000.000000,2021-07-16,11400.000000,10850.000000,11200.000000,171843
11150.000000,11150.000000,2021-07-19,11300.000000,11000.000000,11050.000000,92491
11350.000000,11350.000000,2021-07-20,11550.000000,11050.000000,11100.000000,235447
11250.000000,11250.000000,2021-07-21,11550.000000,11250.000000,11500.000000,120426
11450.000000,11450.000000,2021-07-22,11550.000000,11200.000000,11350.000000,168775
11600.000000,11600.000000,2021-07-23,11900.000000,11400.000000,11500.000000,283915
11200.000000,11200.000000,2021-07-26,11700.000000,11100.000000,11700.000000,148258
11150.000000,11150.000000,2021-07-27,11350.000000,11000.000000,11150.000000,76280
10900.000000,10900.000000,2021-07-28,11200.000000,10750.000000,11100.000000,146692
10950.000000,10950.000000,2021-07-29,11050.000000,10850.000000,10900.000000,53647
10700.000000,10700.000000,2021-07-30,11000.000000,10650.000000,10950.000000,82645
11050.000000,11050.000000,2021-08-02,11050.000000,10700.000000,10800.000000,66764
10800.000000,10800.000000,2021-08-03,11000.000000,10600.000000,11000.000000,92793
10850.000000,10850.000000,2021-08-04,10950.000000,10750.000000,10850.000000,53800
10950.000000,10950.000000,2021-08-05,11000.000000,10800.000000,10950.000000,54224
10850.000000,10850.000000,2021-08-06,11000.000000,10800.000000,11000.000000,67933
10600.000000,10600.000000,2021-08-09,10900.000000,10450.000000,10850.000000,162533
10450.000000,10450.000000,2021-08-10,10650.000000,10300.000000,10550.000000,118382
10900.000000,10900.000000,2021-08-11,11250.000000,10300.000000,10400.000000,620176
10800.000000,10800.000000,2021-08-12,11050.000000,10800.000000,10900.000000,130882
10500.000000,10500.000000,2021-08-13,10950.000000,10400.000000,10800.000000,115726
10200.000000,10200.000000,2021-08-17,10650.000000,9990.000000,10400.000000,296538
10150.000000,10150.000000,2021-08-18,10300.000000,9980.000000,10100.000000,134404
9680.000000,9680.000000,2021-08-19,10250.000000,9680.000000,10050.000000,210005
9270.000000,9270.000000,2021-08-20,10000.000000,9200.000000,9980.000000,211450
9700.000000,9700.000000,2021-08-23,9860.000000,9150.000000,9150.000000,194737
10150.000000,10150.000000,2021-08-24,10250.000000,9690.000000,9880.000000,136303
10000.000000,10000.000000,2021-08-25,10200.000000,9930.000000,10150.000000,71998
9960.000000,9960.000000,2021-08-26,10350.000000,9960.000000,10050.000000,122837
10000.000000,10000.000000,2021-08-27,10200.000000,9810.000000,10000.000000,81338
9990.000000,9990.000000,2021-08-30,10200.000000,9950.000000,10150.000000,82210
10000.000000,10000.000000,2021-08-31,10150.000000,9920.000000,10000.000000,58716
10050.000000,10050.000000,2021-09-01,10150.000000,9980.000000,10100.000000,55859
10100.000000,10100.000000,2021-09-02,10200.000000,10000.000000,10100.000000,47140
10350.000000,10350.000000,2021-09-03,10400.000000,10100.000000,10100.000000,74077
10300.000000,10300.000000,2021-09-06,10400.000000,10200.000000,10400.000000,76752
10150.000000,10150.000000,2021-09-07,10350.000000,10100.000000,10300.000000,44237
9950.000000,9950.000000,2021-09-08,10200.000000,9940.000000,10100.000000,100102
9790.000000,9790.000000,2021-09-09,10050.000000,9780.000000,9950.000000,65469
9750.000000,9750.000000,2021-09-10,9900.000000,9660.000000,9730.000000,54577
9430.000000,9430.000000,2021-09-13,9780.000000,9390.000000,9750.000000,109029
9570.000000,9570.000000,2021-09-14,9590.000000,9430.000000,9430.000000,50345
9570.000000,9570.000000,2021-09-15,9780.000000,9520.000000,9560.000000,66879
9410.000000,9410.000000,2021-09-16,9630.000000,9400.000000,9580.000000,74494
9440.000000,9440.000000,2021-09-17,9510.000000,9360.000000,9430.000000,151193
10100.000000,10100.000000,2021-09-23,11150.000000,10100.000000,10900.000000,1760496
9700.000000,9700.000000,2021-09-24,10250.000000,9700.000000,10200.000000,350583
9550.000000,9550.000000,2021-09-27,9790.000000,9520.000000,9700.000000,157483
9350.000000,9350.000000,2021-09-28,9530.000000,9340.000000,9410.000000,136224
9150.000000,9150.000000,2021-09-29,9330.000000,9130.000000,9280.000000,112478
9200.000000,9200.000000,2021-09-30,9300.000000,9130.000000,9130.000000,52400
8880.000000,8880.000000,2021-10-01,9250.000000,8880.000000,9110.000000,161020
8310.000000,8310.000000,2021-10-05,9210.000000,8260.000000,9000.000000,221243
7940.000000,7940.000000,2021-10-06,8520.000000,7940.000000,8250.000000,221944
8430.000000,8430.000000,2021-10-07,8710.000000,7920.000000,7920.000000,368135
8560.000000,8560.000000,2021-10-08,8880.000000,8430.000000,8490.000000,122720
8230.000000,8230.000000,2021-10-12,8560.000000,8230.000000,8430.000000,106891
8310.000000,8310.000000,2021-10-13,8380.000000,8190.000000,8190.000000,32297
8590.000000,8590.000000,2021-10-14,8660.000000,8280.000000,8280.000000,49519
8640.000000,8640.000000,2021-10-15,8730.000000,8550.000000,8600.000000,39809
8550.000000,8550.000000,2021-10-18,8710.000000,8530.000000,8700.000000,41275
8510.000000,8510.000000,2021-10-19,8650.000000,8500.000000,8510.000000,27751
8600.000000,8600.000000,2021-10-20,8690.000000,8510.000000,8510.000000,38441
8420.000000,8420.000000,2021-10-21,8640.000000,8420.000000,8610.000000,54417
8520.000000,8520.000000,2021-10-22,8550.000000,8320.000000,8500.000000,53732
8470.000000,8470.000000,2021-10-25,8540.000000,8380.000000,8520.000000,41218
8640.000000,8640.000000,2021-10-26,8730.000000,8460.000000,8460.000000,120675
8490.000000,8490.000000,2021-10-27,8690.000000,8450.000000,8640.000000,47412
8430.000000,8430.000000,2021-10-28,8530.000000,8350.000000,8490.000000,53763
8140.000000,8140.000000,2021-10-29,8460.000000,8130.000000,8440.000000,114306
8150.000000,8150.000000,2021-11-01,8340.000000,8150.000000,8340.000000,43118
8350.000000,8350.000000,2021-11-02,8370.000000,8170.000000,8170.000000,69612
8350.000000,8350.000000,2021-11-03,8410.000000,8260.000000,8410.000000,31981
8220.000000,8220.000000,2021-11-04,8420.000000,8130.000000,8340.000000,60857
8120.000000,8120.000000,2021-11-05,8210.000000,8060.000000,8160.000000,66272
7980.000000,7980.000000,2021-11-08,8200.000000,7920.000000,8150.000000,73051
7950.000000,7950.000000,2021-11-09,8130.000000,7920.000000,7970.000000,59185
8100.000000,8100.000000,2021-11-10,8300.000000,7920.000000,7920.000000,97717
7940.000000,7940.000000,2021-11-11,8190.000000,7870.000000,8150.000000,82448
8020.000000,8020.000000,2021-11-12,8590.000000,7990.000000,8500.000000,179081
8810.000000,8810.000000,2021-11-15,9550.000000,8160.000000,8200.000000,1294312
8480.000000,8480.000000,2021-11-16,8820.000000,8440.000000,8760.000000,164598
8170.000000,8170.000000,2021-11-17,8550.000000,8160.000000,8500.000000,159612
8000.000000,8000.000000,2021-11-18,8190.000000,8000.000000,8180.000000,90734
8080.000000,8080.000000,2021-11-19,8140.000000,7970.000000,8010.000000,75983
8150.000000,8150.000000,2021-11-22,8200.000000,8020.000000,8030.000000,71294
7990.000000,7990.000000,2021-11-23,8140.000000,7970.000000,8090.000000,74306
8010.000000,8010.000000,2021-11-24,8130.000000,7980.000000,7980.000000,59940
7940.000000,7940.000000,2021-11-25,8070.000000,7940.000000,8070.000000,53983
7930.000000,7930.000000,2021-11-26,8040.000000,7800.000000,7940.000000,83551
7740.000000,7740.000000,2021-11-29,8010.000000,7720.000000,7850.000000,100353
7240.000000,7240.000000,2021-11-30,7810.000000,7160.000000,7750.000000,125620
7260.000000,7260.000000,2021-12-01,7510.000000,7240.000000,7320.000000,72762
7470.000000,7470.000000,2021-12-02,7540.000000,7120.000000,7160.000000,58260
7810.000000,7810.000000,2021-12-03,7900.000000,7430.000000,7680.000000,69611
7790.000000,7790.000000,2021-12-06,8000.000000,7610.000000,7700.000000,84554
7900.000000,7900.000000,2021-12-07,7940.000000,7750.000000,7760.000000,55893
7970.000000,7970.000000,2021-12-08,8100.000000,7920.000000,7920.000000,37444
8040.000000,8040.000000,2021-12-09,8100.000000,7900.000000,7900.000000,26748
8000.000000,8000.000000,2021-12-10,8080.000000,7990.000000,8000.000000,28719
7940.000000,7940.000000,2021-12-13,8060.000000,7940.000000,7980.000000,38356
7980.000000,7980.000000,2021-12-14,8050.000000,7850.000000,7930.000000,37391
8180.000000,8180.000000,2021-12-15,8230.000000,7950.000000,7990.000000,165858
8120.000000,8120.000000,2021-12-16,8520.000000,8080.000000,8190.000000,281940
7970.000000,7970.000000,2021-12-17,8120.000000,7870.000000,8050.000000,54945
7780.000000,7780.000000,2021-12-20,8050.000000,7770.000000,7970.000000,47237
7700.000000,7700.000000,2021-12-21,7850.000000,7580.000000,7780.000000,36592
7830.000000,7830.000000,2021-12-22,7830.000000,7660.000000,7710.000000,45372
7960.000000,7960.000000,2021-12-23,8060.000000,7650.000000,7850.000000,83450
8010.000000,8010.000000,2021-12-24,8010.000000,7920.000000,7960.000000,40905
8060.000000,8060.000000,2021-12-27,8230.000000,7930.000000,8000.000000,112238
8030.000000,8030.000000,2021-12-28,8180.000000,7990.000000,8070.000000,50742
8050.000000,8050.000000,2021-12-29,8170.000000,8050.000000,8110.000000,47896
8020.000000,8020.000000,2021-12-30,8110.000000,8010.000000,8090.000000,33121
8100.000000,8100.000000,2022-01-04,8190.000000,8000.000000,8100.000000,62837
7990.000000,7990.000000,2022-01-05,8110.000000,7810.000000,8050.000000,54387
7730.000000,7730.000000,2022-01-06,8000.000000,7710.000000,7970.000000,80204
7850.000000,7850.000000,2022-01-07,7950.000000,7650.000000,7730.000000,37230
7980.000000,7980.000000,2022-01-10,8150.000000,7690.000000,7850.000000,52430
7890.000000,7890.000000,2022-01-11,8030.000000,7880.000000,7980.000000,40668
8040.000000,8040.000000,2022-01-12,8080.000000,7880.000000,7910.000000,63663
7940.000000,7940.000000,2022-01-13,8050.000000,7930.000000,8050.000000,30987
7600.000000,7600.000000,2022-01-14,7940.000000,7560.000000,7890.000000,106416
7230.000000,7230.000000,2022-01-17,7640.000000,7200.000000,7600.000000,121386
7160.000000,7160.000000,2022-01-18,7310.000000,7150.000000,7240.000000,60330
7290.000000,7290.000000,2022-01-19,7290.000000,7020.000000,7020.000000,44552
7340.000000,7340.000000,2022-01-20,7350.000000,7210.000000,7250.000000,28675
7360.000000,7360.000000,2022-01-21,7380.000000,7210.000000,7350.000000,34013
7050.000000,7050.000000,2022-01-24,7260.000000,6970.000000,7250.000000,62517
6560.000000,6560.000000,2022-01-25,7240.000000,6550.000000,6930.000000,138857
6640.000000,6640.000000,2022-01-26,6760.000000,6510.000000,6510.000000,66118
6410.000000,6410.000000,2022-01-27,6780.000000,6300.000000,6640.000000,88300
6690.000000,6690.000000,2022-01-28,6700.000000,6310.000000,6380.000000,50302
7050.000000,7050.000000,2022-02-03,7190.000000,6710.000000,6710.000000,129170
7030.000000,7030.000000,2022-02-04,7090.000000,6910.000000,7080.000000,38490
6980.000000,6980.000000,2022-02-07,7060.000000,6920.000000,7030.000000,21811
6970.000000,6970.000000,2022-02-08,7060.000000,6920.000000,6970.000000,29250
7010.000000,7010.000000,2022-02-09,7090.000000,6710.000000,6990.000000,33641
7030.000000,7030.000000,2022-02-10,7150.000000,7010.000000,7020.000000,31230
6880.000000,6880.000000,2022-02-11,7030.000000,6840.000000,7030.000000,46052
null,null,2022-02-14,null,null,null,null
6630.000000,6630.000000,2022-02-15,6760.000000,6600.000000,6620.000000,30006
6900.000000,6900.000000,2022-02-16,6930.000000,6710.000000,6710.000000,29544
6920.000000,6920.000000,2022-02-17,7040.000000,6790.000000,6900.000000,32646
8990.000000,8990.000000,2022-02-18,8990.000000,6830.000000,6920.000000,4574247
9040.000000,9040.000000,2022-02-21,9600.000000,8720.000000,9200.000000,5303638
8260.000000,8260.000000,2022-02-22,8850.000000,8180.000000,8800.000000,1031491
8260.000000,8260.000000,2022-02-23,8350.000000,8090.000000,8210.000000,564963
7750.000000,7750.000000,2022-02-24,8320.000000,7750.000000,8140.000000,577207
7960.000000,7960.000000,2022-02-25,8180.000000,7910.000000,7910.000000,416098
8080.000000,8080.000000,2022-02-28,8150.000000,7840.000000,7890.000000,261304
8120.000000,8120.000000,2022-03-02,8190.000000,7930.000000,8070.000000,248636
8260.000000,8260.000000,2022-03-03,8490.000000,8080.000000,8190.000000,455406
8110.000000,8110.000000,2022-03-04,8210.000000,8030.000000,8160.000000,155275
8220.000000,8220.000000,2022-03-07,8480.000000,8150.000000,8210.000000,446971
8160.000000,8160.000000,2022-03-08,8290.000000,7930.000000,7980.000000,177100
8240.000000,8240.000000,2022-03-10,8470.000000,8160.000000,8390.000000,240517
8370.000000,8370.000000,2022-03-11,8410.000000,8240.000000,8400.000000,209669
8260.000000,8260.000000,2022-03-14,8690.000000,8240.000000,8520.000000,497963
8290.000000,8290.000000,2022-03-15,8400.000000,8040.000000,8260.000000,150084
8310.000000,8310.000000,2022-03-16,8370.000000,8220.000000,8300.000000,107740
8380.000000,8380.000000,2022-03-17,8480.000000,8290.000000,8310.000000,138570
8440.000000,8440.000000,2022-03-18,8570.000000,8290.000000,8480.000000,183061
8230.000000,8230.000000,2022-03-21,8440.000000,8210.000000,8410.000000,139506
8190.000000,8190.000000,2022-03-22,8230.000000,8070.000000,8160.000000,102446
8220.000000,8220.000000,2022-03-23,8280.000000,8130.000000,8200.000000,90071
8220.000000,8220.000000,2022-03-24,8220.000000,8020.000000,8210.000000,85387
8220.000000,8220.000000,2022-03-25,8280.000000,8180.000000,8220.000000,62378
8170.000000,8170.000000,2022-03-28,8240.000000,8120.000000,8220.000000,55785
8340.000000,8340.000000,2022-03-29,8430.000000,8150.000000,8200.000000,155608
8410.000000,8410.000000,2022-03-30,8490.000000,8310.000000,8370.000000,154034
8370.000000,8370.000000,2022-03-31,8480.000000,8310.000000,8460.000000,68634
8220.000000,8220.000000,2022-04-01,8340.000000,8170.000000,8320.000000,124445
8330.000000,8330.000000,2022-04-04,8370.000000,8110.000000,8220.000000,88286
8390.000000,8390.000000,2022-04-05,8420.000000,8260.000000,8330.000000,56818
8250.000000,8250.000000,2022-04-06,8410.000000,8230.000000,8390.000000,54334
8050.000000,8050.000000,2022-04-07,8300.000000,8010.000000,8210.000000,94122
7970.000000,7970.000000,2022-04-08,8100.000000,7910.000000,8050.000000,41287
8000.000000,8000.000000,2022-04-11,8110.000000,7920.000000,7940.000000,78732
7930.000000,7930.000000,2022-04-12,8130.000000,7880.000000,7900.000000,37952
8080.000000,8080.000000,2022-04-13,8120.000000,7880.000000,7940.000000,33364
8000.000000,8000.000000,2022-04-14,8100.000000,7990.000000,8080.000000,32922
7980.000000,7980.000000,2022-04-15,8040.000000,7930.000000,8040.000000,23124
7880.000000,7880.000000,2022-04-18,7990.000000,7850.000000,7950.000000,41771
8020.000000,8020.000000,2022-04-19,8040.000000,7890.000000,7890.000000,35958
8130.000000,8130.000000,2022-04-20,8240.000000,7950.000000,8030.000000,85927
8090.000000,8090.000000,2022-04-21,8200.000000,8070.000000,8120.000000,29782
7960.000000,7960.000000,2022-04-22,8060.000000,7930.000000,7990.000000,32101
7590.000000,7590.000000,2022-04-25,7900.000000,7560.000000,7900.000000,99107
7740.000000,7740.000000,2022-04-26,7780.000000,7660.000000,7660.000000,34631
7730.000000,7730.000000,2022-04-27,7790.000000,7510.000000,7600.000000,51413
7660.000000,7660.000000,2022-04-28,7770.000000,7640.000000,7680.000000,33563
7790.000000,7790.000000,2022-04-29,7800.000000,7670.000000,7670.000000,27263
null,null,2022-05-02,null,null,null,null
8840.000000,8840.000000,2022-05-03,8950.000000,8700.000000,8750.000000,930128
8600.000000,8600.000000,2022-05-04,9350.000000,8580.000000,8890.000000,2017394
8700.000000,8700.000000,2022-05-06,9140.000000,8370.000000,8500.000000,639299
8930.000000,8930.000000,2022-05-10,9300.000000,8140.000000,8210.000000,3074973
9040.000000,9040.000000,2022-05-11,9160.000000,8750.000000,8840.000000,919389
9010.000000,9010.000000,2022-05-12,10000.000000,8880.000000,8950.000000,3898418
9170.000000,9170.000000,2022-05-13,9530.000000,9100.000000,9180.000000,847523
9250.000000,9250.000000,2022-05-16,9640.000000,9200.000000,9270.000000,827605
9200.000000,9200.000000,2022-05-17,9350.000000,8800.000000,9250.000000,413184
9440.000000,9440.000000,2022-05-18,9570.000000,9180.000000,9200.000000,605511
9380.000000,9380.000000,2022-05-19,9520.000000,9050.000000,9180.000000,292888
9200.000000,9200.000000,2022-05-20,9570.000000,9200.000000,9420.000000,367867
9220.000000,9220.000000,2022-05-23,9450.000000,9150.000000,9350.000000,252245
8660.000000,8660.000000,2022-05-24,9300.000000,8660.000000,9220.000000,336294
8750.000000,8750.000000,2022-05-25,8970.000000,8710.000000,8710.000000,128508
8900.000000,8900.000000,2022-05-26,9170.000000,8750.000000,8890.000000,178547
8890.000000,8890.000000,2022-05-27,9100.000000,8880.000000,9080.000000,100969
9180.000000,9180.000000,2022-05-30,9180.000000,8770.000000,8900.000000,154679
9230.000000,9230.000000,2022-05-31,9420.000000,9180.000000,9220.000000,210702
9310.000000,9310.000000,2022-06-02,9380.000000,9180.000000,9300.000000,100199
9140.000000,9140.000000,2022-06-03,9350.000000,9070.000000,9320.000000,110489
8910.000000,8910.000000,2022-06-07,9140.000000,8870.000000,9120.000000,121568
8930.000000,8930.000000,2022-06-08,9100.000000,8890.000000,9000.000000,104579
8950.000000,8950.000000,2022-06-09,9010.000000,8700.000000,8910.000000,93612
8890.000000,8890.000000,2022-06-10,8930.000000,8800.000000,8930.000000,74143
8210.000000,8210.000000,2022-06-13,8770.000000,8200.000000,8590.000000,177119
8240.000000,8240.000000,2022-06-14,9500.000000,7830.000000,7920.000000,2299385
8420.000000,8420.000000,2022-06-15,8580.000000,7970.000000,8180.000000,343998
8090.000000,8090.000000,2022-06-16,8510.000000,8080.000000,8420.000000,207737
8210.000000,8210.000000,2022-06-17,8450.000000,7760.000000,7810.000000,288956
7500.000000,7500.000000,2022-06-20,8300.000000,7410.000000,8210.000000,198880
7520.000000,7520.000000,2022-06-21,7780.000000,7420.000000,7500.000000,112007
7110.000000,7110.000000,2022-06-22,7630.000000,7110.000000,7480.000000,126654
6790.000000,6790.000000,2022-06-23,7210.000000,6790.000000,7020.000000,237266
7250.000000,7250.000000,2022-06-24,7270.000000,6700.000000,6700.000000,108311
7430.000000,7430.000000,2022-06-27,7530.000000,7220.000000,7250.000000,71822
7500.000000,7500.000000,2022-06-28,7500.000000,7320.000000,7420.000000,46754
7530.000000,7530.000000,2022-06-29,7540.000000,7290.000000,7300.000000,36768
7510.000000,7510.000000,2022-06-30,7630.000000,7450.000000,7530.000000,46368
7180.000000,7180.000000,2022-07-01,7590.000000,7130.000000,7480.000000,127378
7200.000000,7200.000000,2022-07-04,7250.000000,7080.000000,7180.000000,57552
7520.000000,7520.000000,2022-07-05,7620.000000,7170.000000,7170.000000,90954
7530.000000,7530.000000,2022-07-06,7830.000000,7380.000000,7570.000000,132829
7670.000000,7670.000000,2022-07-07,7710.000000,7540.000000,7550.000000,43489
7660.000000,7660.000000,2022-07-08,7810.000000,7620.000000,7750.000000,54502
7790.000000,7790.000000,2022-07-11,8090.000000,7710.000000,7730.000000,144293
8400.000000,8400.000000,2022-07-12,9620.000000,7700.000000,7900.000000,8674151
8600.000000,8600.000000,2022-07-13,9420.000000,8350.000000,8510.000000,4033628
8580.000000,8580.000000,2022-07-14,8730.000000,8330.000000,8570.000000,549270
8450.000000,8450.000000,2022-07-15,8680.000000,8320.000000,8540.000000,392174
8380.000000,8380.000000,2022-07-18,8560.000000,8330.000000,8500.000000,233343
8570.000000,8570.000000,2022-07-19,8650.000000,8360.000000,8440.000000,260655
8520.000000,8520.000000,2022-07-20,8750.000000,8440.000000,8660.000000,240206
8330.000000,8330.000000,2022-07-21,8590.000000,8250.000000,8590.000000,170669
8150.000000,8150.000000,2022-07-22,8370.000000,8140.000000,8270.000000,103074
8150.000000,8150.000000,2022-07-25,8200.000000,8000.000000,8200.000000,95454
8240.000000,8240.000000,2022-07-26,8340.000000,8060.000000,8100.000000,95086
8230.000000,8230.000000,2022-07-27,8380.000000,8190.000000,8190.000000,67546
8180.000000,8180.000000,2022-07-28,8370.000000,8160.000000,8300.000000,59970
8180.000000,8180.000000,2022-07-29,8370.000000,8130.000000,8320.000000,73096
8270.000000,8270.000000,2022-08-01,8520.000000,8170.000000,8180.000000,185614
8040.000000,8040.000000,2022-08-02,8320.000000,7830.000000,8290.000000,154459
7970.000000,7970.000000,2022-08-03,8080.000000,7930.000000,8070.000000,64933
8100.000000,8100.000000,2022-08-04,8140.000000,7980.000000,8010.000000,48282
8520.000000,8520.000000,2022-08-05,8560.000000,8050.000000,8050.000000,403460
8480.000000,8480.000000,2022-08-08,8600.000000,8400.000000,8570.000000,104834
8560.000000,8560.000000,2022-08-09,8610.000000,8390.000000,8480.000000,129246
8330.000000,8330.000000,2022-08-10,8550.000000,8310.000000,8400.000000,98848
8310.000000,8310.000000,2022-08-11,8440.000000,8290.000000,8410.000000,80332
8300.000000,8300.000000,2022-08-12,8350.000000,8200.000000,8310.000000,55981
8400.000000,8400.000000,2022-08-16,8450.000000,8260.000000,8300.000000,60770
8770.000000,8770.000000,2022-08-17,9860.000000,8290.000000,8320.000000,8379807
8680.000000,8680.000000,2022-08-18,8920.000000,8580.000000,8830.000000,545218
8500.000000,8500.000000,2022-08-19,8720.000000,8440.000000,8620.000000,303915
8190.000000,8190.000000,2022-08-22,8610.000000,8190.000000,8360.000000,242465
7980.000000,7980.000000,2022-08-23,8170.000000,7920.000000,8100.000000,202122
7890.000000,7890.000000,2022-08-24,8060.000000,7780.000000,7990.000000,152185
8070.000000,8070.000000,2022-08-25,8080.000000,7880.000000,7910.000000,73073
8050.000000,8050.000000,2022-08-26,8240.000000,8050.000000,8050.000000,85298
7740.000000,7740.000000,2022-08-29,7820.000000,7680.000000,7700.000000,117728
7880.000000,7880.000000,2022-08-30,7930.000000,7710.000000,7710.000000,59232
7990.000000,7990.000000,2022-08-31,8010.000000,7800.000000,7800.000000,37738
7730.000000,7730.000000,2022-09-01,7990.000000,7690.000000,7950.000000,68284
7580.000000,7580.000000,2022-09-02,7770.000000,7560.000000,7700.000000,90638
7430.000000,7430.000000,2022-09-05,7870.000000,7370.000000,7500.000000,103372
7480.000000,7480.000000,2022-09-06,7570.000000,7370.000000,7370.000000,46495
7300.000000,7300.000000,2022-09-07,7500.000000,7250.000000,7430.000000,65543
7400.000000,7400.000000,2022-09-08,7500.000000,7250.000000,7310.000000,74083
7590.000000,7590.000000,2022-09-13,7590.000000,7450.000000,7590.000000,51016
7870.000000,7870.000000,2022-09-14,8950.000000,7340.000000,7400.000000,4540116
7650.000000,7650.000000,2022-09-15,7880.000000,7640.000000,7800.000000,287613
7430.000000,7430.000000,2022-09-16,7680.000000,7420.000000,7680.000000,169950
7320.000000,7320.000000,2022-09-19,7580.000000,7320.000000,7390.000000,87785
7290.000000,7290.000000,2022-09-20,7550.000000,7280.000000,7330.000000,103459
7230.000000,7230.000000,2022-09-21,8190.000000,7080.000000,7260.000000,803586
7180.000000,7180.000000,2022-09-22,7310.000000,7030.000000,7150.000000,116736
7170.000000,7170.000000,2022-09-23,7300.000000,7040.000000,7120.000000,61360
7010.000000,7010.000000,2022-09-26,7160.000000,6950.000000,7020.000000,109148
6970.000000,6970.000000,2022-09-27,7400.000000,6840.000000,6840.000000,307019
6800.000000,6800.000000,2022-09-28,7240.000000,6760.000000,6900.000000,157396
6940.000000,6940.000000,2022-09-29,8140.000000,6930.000000,7410.000000,5521849
6880.000000,6880.000000,2022-09-30,7110.000000,6810.000000,6910.000000,254769
7060.000000,7060.000000,2022-10-04,7190.000000,6930.000000,6930.000000,169559
7150.000000,7150.000000,2022-10-05,7300.000000,7070.000000,7080.000000,212582
7400.000000,7400.000000,2022-10-06,7510.000000,7160.000000,7180.000000,325548
7280.000000,7280.000000,2022-10-07,7400.000000,7230.000000,7280.000000,114121
7500.000000,7500.000000,2022-10-11,8480.000000,6990.000000,7130.000000,3251201
7330.000000,7330.000000,2022-10-12,7590.000000,7150.000000,7470.000000,385890
6930.000000,6930.000000,2022-10-13,7440.000000,6930.000000,7300.000000,300175
7480.000000,7480.000000,2022-10-14,7700.000000,7020.000000,7020.000000,641156
7570.000000,7570.000000,2022-10-17,7690.000000,7350.000000,7400.000000,152240
7720.000000,7720.000000,2022-10-18,7800.000000,7600.000000,7650.000000,164294
7580.000000,7580.000000,2022-10-19,7780.000000,7400.000000,7730.000000,108653
7640.000000,7640.000000,2022-10-20,7710.000000,7450.000000,7590.000000,90247
7460.000000,7460.000000,2022-10-21,7700.000000,7400.000000,7550.000000,90324
7530.000000,7530.000000,2022-10-24,7670.000000,7480.000000,7500.000000,65721
7600.000000,7600.000000,2022-10-25,7660.000000,7540.000000,7600.000000,53507
7540.000000,7540.000000,2022-10-26,7640.000000,7420.000000,7600.000000,68777
7530.000000,7530.000000,2022-10-27,7560.000000,7460.000000,7480.000000,40992
7240.000000,7240.000000,2022-10-28,7530.000000,7240.000000,7530.000000,70948
7300.000000,7300.000000,2022-10-31,7380.000000,7280.000000,7290.000000,37123
7260.000000,7260.000000,2022-11-01,7380.000000,7240.000000,7260.000000,38872
7280.000000,7280.000000,2022-11-02,7300.000000,7180.000000,7190.000000,31843
7250.000000,7250.000000,2022-11-03,7250.000000,7140.000000,7180.000000,39702
7160.000000,7160.000000,2022-11-04,7290.000000,7120.000000,7230.000000,30132
7220.000000,7220.000000,2022-11-07,7290.000000,7120.000000,7120.000000,33782
7470.000000,7470.000000,2022-11-08,7490.000000,7260.000000,7260.000000,55354
7420.000000,7420.000000,2022-11-09,7600.000000,7410.000000,7600.000000,70709
7340.000000,7340.000000,2022-11-10,8540.000000,7300.000000,7370.000000,2670114
7560.000000,7560.000000,2022-11-11,7610.000000,7450.000000,7490.000000,243872
7740.000000,7740.000000,2022-11-14,7850.000000,7560.000000,7730.000000,200465
7810.000000,7810.000000,2022-11-15,8210.000000,7750.000000,7800.000000,691313
7740.000000,7740.000000,2022-11-16,7930.000000,7730.000000,7810.000000,113253
7710.000000,7710.000000,2022-11-17,7950.000000,7710.000000,7790.000000,94413
7580.000000,7580.000000,2022-11-18,7770.000000,7580.000000,7710.000000,68442
7550.000000,7550.000000,2022-11-21,7650.000000,7370.000000,7590.000000,72488
7400.000000,7400.000000,2022-11-22,7590.000000,7400.000000,7480.000000,58395
7500.000000,7500.000000,2022-11-23,7620.000000,7410.000000,7520.000000,56450
7570.000000,7570.000000,2022-11-24,7670.000000,7500.000000,7510.000000,51781
7470.000000,7470.000000,2022-11-25,7610.000000,7470.000000,7580.000000,32001
7350.000000,7350.000000,2022-11-28,7530.000000,7330.000000,7470.000000,85983
7470.000000,7470.000000,2022-11-29,7480.000000,7260.000000,7350.000000,37751
7630.000000,7630.000000,2022-11-30,8080.000000,7410.000000,7450.000000,549027
7670.000000,7670.000000,2022-12-01,7750.000000,7610.000000,7670.000000,56662
7640.000000,7640.000000,2022-12-02,7750.000000,7600.000000,7670.000000,65335
7770.000000,7770.000000,2022-12-05,7890.000000,7690.000000,7690.000000,119800
7690.000000,7690.000000,2022-12-06,8640.000000,7690.000000,7990.000000,3088302
7870.000000,7870.000000,2022-12-07,8450.000000,7640.000000,7690.000000,2764110
8040.000000,8040.000000,2022-12-08,8080.000000,7790.000000,7870.000000,444160
8000.000000,8000.000000,2022-12-09,8110.000000,7960.000000,8010.000000,313183
7900.000000,7900.000000,2022-12-12,8150.000000,7900.000000,8010.000000,195703
8100.000000,8100.000000,2022-12-13,8200.000000,7870.000000,7890.000000,341474
8100.000000,8100.000000,2022-12-14,8260.000000,8040.000000,8100.000000,209950
8130.000000,8130.000000,2022-12-15,8250.000000,8050.000000,8150.000000,214571
8170.000000,8170.000000,2022-12-16,8300.000000,7940.000000,8010.000000,254024
7900.000000,7900.000000,2022-12-19,8300.000000,7900.000000,8220.000000,228262
8000.000000,8000.000000,2022-12-20,8230.000000,7800.000000,7870.000000,349193
8280.000000,8280.000000,2022-12-21,8330.000000,8020.000000,8020.000000,369074
8130.000000,8130.000000,2022-12-22,8330.000000,8120.000000,8330.000000,165882
7960.000000,7960.000000,2022-12-23,8100.000000,7930.000000,8000.000000,141601
8050.000000,8050.000000,2022-12-26,8150.000000,7910.000000,7910.000000,130574
8020.000000,8020.000000,2022-12-27,8110.000000,7960.000000,8030.000000,116047
8410.000000,8410.000000,2022-12-28,8410.000000,7990.000000,7990.000000,406831
8140.000000,8140.000000,2022-12-29,8560.000000,8100.000000,8560.000000,398701
7740.000000,7740.000000,2023-01-02,8250.000000,7720.000000,8150.000000,263643
7470.000000,7470.000000,2023-01-03,7720.000000,7280.000000,7710.000000,238182
7800.000000,7800.000000,2023-01-04,7840.000000,7370.000000,7370.000000,164366
7970.000000,7970.000000,2023-01-05,8110.000000,7790.000000,7890.000000,164809
8120.000000,8120.000000,2023-01-06,8270.000000,7920.000000,8010.000000,271888
8090.000000,8090.000000,2023-01-09,8280.000000,8090.000000,8120.000000,138466
8150.000000,8150.000000,2023-01-10,8190.000000,8060.000000,8120.000000,83413
8150.000000,8150.000000,2023-01-11,8210.000000,8110.000000,8210.000000,68095
8140.000000,8140.000000,2023-01-12,8200.000000,8030.000000,8200.000000,81846
8070.000000,8070.000000,2023-01-13,8190.000000,8040.000000,8110.000000,46049
7860.000000,7860.000000,2023-01-16,8060.000000,7850.000000,8060.000000,97905
7830.000000,7830.000000,2023-01-17,7920.000000,7750.000000,7910.000000,78715
7770.000000,7770.000000,2023-01-18,8070.000000,7760.000000,7900.000000,102150
7960.000000,7960.000000,2023-01-19,8030.000000,7700.000000,7770.000000,122052
7880.000000,7880.000000,2023-01-20,7960.000000,7840.000000,7900.000000,43521
7810.000000,7810.000000,2023-01-25,7910.000000,7800.000000,7810.000000,197025
8020.000000,8020.000000,2023-01-26,8070.000000,7810.000000,7820.000000,105430
7980.000000,7980.000000,2023-01-27,8080.000000,7950.000000,8010.000000,70318
7910.000000,7910.000000,2023-01-30,8070.000000,7910.000000,8000.000000,58547
7970.000000,7970.000000,2023-01-31,8110.000000,7870.000000,7920.000000,92297
8170.000000,8170.000000,2023-02-01,8230.000000,7910.000000,7970.000000,256408
8280.000000,8280.000000,2023-02-02,8330.000000,8130.000000,8200.000000,186335
8240.000000,8240.000000,2023-02-03,8310.000000,8190.000000,8250.000000,81744
8130.000000,8130.000000,2023-02-06,8240.000000,8070.000000,8240.000000,66628
8100.000000,8100.000000,2023-02-07,8230.000000,8090.000000,8130.000000,72841
8210.000000,8210.000000,2023-02-08,8300.000000,8100.000000,8190.000000,98288
8110.000000,8110.000000,2023-02-09,8300.000000,8100.000000,8230.000000,77327
7950.000000,7950.000000,2023-02-10,8120.000000,7900.000000,8080.000000,102807
7860.000000,7860.000000,2023-02-13,8000.000000,7850.000000,7950.000000,84456
8220.000000,8220.000000,2023-02-14,8300.000000,7720.000000,7870.000000,312020
8240.000000,8240.000000,2023-02-15,8400.000000,8100.000000,8250.000000,299750
8270.000000,8270.000000,2023-02-16,8350.000000,8220.000000,8240.000000,83901
8230.000000,8230.000000,2023-02-17,8360.000000,8210.000000,8220.000000,75566
8480.000000,8480.000000,2023-02-20,8610.000000,8260.000000,8320.000000,271121
8240.000000,8240.000000,2023-02-21,8570.000000,8170.000000,8550.000000,153403
8110.000000,8110.000000,2023-02-22,8240.000000,8040.000000,8240.000000,131793
8100.000000,8100.000000,2023-02-23,8190.000000,8040.000000,8110.000000,54741
8380.000000,8380.000000,2023-02-24,8420.000000,8060.000000,8080.000000,183233
8170.000000,8170.000000,2023-02-27,8410.000000,8150.000000,8360.000000,103739
8320.000000,8320.000000,2023-02-28,8340.000000,8150.000000,8170.000000,51543
8200.000000,8200.000000,2023-03-02,8370.000000,8160.000000,8310.000000,97131
8520.000000,8520.000000,2023-03-03,8870.000000,8140.000000,8200.000000,736972
8610.000000,8610.000000,2023-03-06,8660.000000,8340.000000,8570.000000,266900
9120.000000,9120.000000,2023-03-07,9300.000000,8520.000000,8620.000000,842531
8970.000000,8970.000000,2023-03-08,9310.000000,8830.000000,9150.000000,295598
9140.000000,9140.000000,2023-03-09,9320.000000,8870.000000,9190.000000,233591
8440.000000,8440.000000,2023-03-10,9010.000000,8410.000000,8970.000000,246396
8210.000000,8210.000000,2023-03-13,8420.000000,8050.000000,8320.000000,118619
7880.000000,7880.000000,2023-03-14,8450.000000,7880.000000,8160.000000,167973
8290.000000,8290.000000,2023-03-15,8300.000000,8080.000000,8140.000000,141429
7790.000000,7790.000000,2023-03-16,8220.000000,7760.000000,8220.000000,279483
8340.000000,8340.000000,2023-03-17,8840.000000,7800.000000,7870.000000,817795
8420.000000,8420.000000,2023-03-20,8720.000000,8320.000000,8340.000000,130906
8420.000000,8420.000000,2023-03-21,8590.000000,8390.000000,8490.000000,50966
8210.000000,8210.000000,2023-03-22,8490.000000,8210.000000,8430.000000,96414
8030.000000,8030.000000,2023-03-23,8250.000000,8010.000000,8160.000000,116158
8200.000000,8200.000000,2023-03-24,8230.000000,8040.000000,8100.000000,61155
8360.000000,8360.000000,2023-03-27,8420.000000,8010.000000,8210.000000,136696
8230.000000,8230.000000,2023-03-28,8490.000000,8210.000000,8490.000000,103792
8340.000000,8340.000000,2023-03-29,8530.000000,8230.000000,8310.000000,148521
8440.000000,8440.000000,2023-03-30,8570.000000,8250.000000,8570.000000,111419
9140.000000,9140.000000,2023-03-31,9660.000000,8430.000000,8480.000000,2702516
8270.000000,8270.000000,2023-04-03,9110.000000,8230.000000,8800.000000,1905498
8700.000000,8700.000000,2023-04-04,8740.000000,8240.000000,8330.000000,862950
9240.000000,9240.000000,2023-04-05,9350.000000,8630.000000,8740.000000,1046040
9190.000000,9190.000000,2023-04-06,9520.000000,9090.000000,9520.000000,703271
9210.000000,9210.000000,2023-04-07,9260.000000,8810.000000,9210.000000,311104
9630.000000,9630.000000,2023-04-10,9780.000000,8890.000000,9240.000000,885512
9370.000000,9370.000000,2023-04-11,9530.000000,9160.000000,9480.000000,425581
9670.000000,9670.000000,2023-04-12,9830.000000,9200.000000,9380.000000,592991
9530.000000,9530.000000,2023-04-13,9950.000000,9490.000000,9590.000000,390609
9690.000000,9690.000000,2023-04-14,10000.000000,9350.000000,9600.000000,767134
9720.000000,9720.000000,2023-04-17,10150.000000,9570.000000,9800.000000,497551
10800.000000,10800.000000,2023-04-18,11470.000000,9750.000000,9750.000000,4973781
10210.000000,10210.000000,2023-04-19,10500.000000,10130.000000,10300.000000,805293
9920.000000,9920.000000,2023-04-20,10830.000000,9800.000000,10340.000000,977038
9700.000000,9700.000000,2023-04-21,10150.000000,9580.000000,9850.000000,391808
9440.000000,9440.000000,2023-04-24,9770.000000,9320.000000,9700.000000,271562
9100.000000,9100.000000,2023-04-25,9580.000000,8890.000000,9520.000000,293555
8880.000000,8880.000000,2023-04-26,9340.000000,8730.000000,9060.000000,184655
9060.000000,9060.000000,2023-04-27,9100.000000,8790.000000,8790.000000,179856
8670.000000,8670.000000,2023-04-28,9220.000000,8570.000000,9060.000000,271779
8790.000000,8790.000000,2023-05-02,8870.000000,8600.000000,8600.000000,129594
8420.000000,8420.000000,2023-05-03,8770.000000,8410.000000,8560.000000,211482
8760.000000,8760.000000,2023-05-04,8850.000000,8380.000000,8380.000000,203953
8710.000000,8710.000000,2023-05-08,9160.000000,8690.000000,8880.000000,156438
8610.000000,8610.000000,2023-05-09,8960.000000,8570.000000,8710.000000,142524
8420.000000,8420.000000,2023-05-10,8680.000000,8380.000000,8550.000000,113342
8350.000000,8350.000000,2023-05-11,8580.000000,8350.000000,8440.000000,113900
8140.000000,8140.000000,2023-05-12,8420.000000,8110.000000,8320.000000,191363
8260.000000,8260.000000,2023-05-15,8310.000000,8030.000000,8150.000000,96934
8230.000000,8230.000000,2023-05-16,8380.000000,8110.000000,8150.000000,116276
8340.000000,8340.000000,2023-05-17,8350.000000,8080.000000,8130.000000,112615
8410.000000,8410.000000,2023-05-18,8470.000000,8320.000000,8350.000000,74395
8450.000000,8450.000000,2023-05-19,8550.000000,8250.000000,8380.000000,146205
8530.000000,8530.000000,2023-05-22,8630.000000,8360.000000,8450.000000,81868
8500.000000,8500.000000,2023-05-23,8630.000000,8460.000000,8520.000000,87261
8400.000000,8400.000000,2023-05-24,8580.000000,8370.000000,8500.000000,60499
8160.000000,8160.000000,2023-05-25,8440.000000,8100.000000,8390.000000,122052
8110.000000,8110.000000,2023-05-26,8230.000000,8040.000000,8160.000000,88181
8190.000000,8190.000000,2023-05-30,8200.000000,8050.000000,8140.000000,44581
8140.000000,8140.000000,2023-05-31,8300.000000,8140.000000,8210.000000,52662
8160.000000,8160.000000,2023-06-01,8270.000000,8100.000000,8100.000000,85001
8230.000000,8230.000000,2023-06-02,8300.000000,8160.000000,8160.000000,41999
8030.000000,8030.000000,2023-06-05,8260.000000,7880.000000,8230.000000,169434
8000.000000,8000.000000,2023-06-07,8130.000000,7990.000000,8020.000000,60878
7730.000000,7730.000000,2023-06-08,7990.000000,7700.000000,7980.000000,181060
7730.000000,7730.000000,2023-06-09,7860.000000,7710.000000,7790.000000,73380
7600.000000,7600.000000,2023-06-12,7830.000000,7570.000000,7730.000000,122361
7690.000000,7690.000000,2023-06-13,7800.000000,7590.000000,7600.000000,83497
7500.000000,7500.000000,2023-06-14,7700.000000,7370.000000,7700.000000,184275
7440.000000,7440.000000,2023-06-15,7660.000000,7390.000000,7550.000000,78666
7440.000000,7440.000000,2023-06-16,7550.000000,7420.000000,7450.000000,44157
7310.000000,7310.000000,2023-06-19,7490.000000,7250.000000,7490.000000,84807
7230.000000,7230.000000,2023-06-20,7340.000000,7170.000000,7310.000000,95925
7430.000000,7430.000000,2023-06-21,8900.000000,7190.000000,7190.000000,3357181
7230.000000,7230.000000,2023-06-22,7420.000000,7210.000000,7400.000000,186522
7250.000000,7250.000000,2023-06-23,7370.000000,7200.000000,7230.000000,101233
7250.000000,7250.000000,2023-06-26,7330.000000,7070.000000,7210.000000,106445
7260.000000,7260.000000,2023-06-27,7470.000000,7250.000000,7260.000000,94363
7260.000000,7260.000000,2023-06-28,7370.000000,7190.000000,7190.000000,70800
7040.000000,7040.000000,2023-06-29,7260.000000,7010.000000,7260.000000,115734
7040.000000,7040.000000,2023-06-30,7080.000000,6960.000000,7030.000000,68672
7090.000000,7090.000000,2023-07-03,7230.000000,7010.000000,7070.000000,83924
7030.000000,7030.000000,2023-07-04,7100.000000,7000.000000,7000.000000,69574
7060.000000,7060.000000,2023-07-05,7220.000000,7000.000000,7090.000000,83570
7000.000000,7000.000000,2023-07-06,7070.000000,6800.000000,7070.000000,167431
7010.000000,7010.000000,2023-07-07,7040.000000,6880.000000,6880.000000,62044
6980.000000,6980.000000,2023-07-10,7110.000000,6900.000000,6900.000000,43489
null,null,2023-07-11,null,null,null,null
7340.000000,7340.000000,2023-07-12,7600.000000,6970.000000,6970.000000,537895
7290.000000,7290.000000,2023-07-13,7720.000000,7270.000000,7390.000000,502017
7280.000000,7280.000000,2023-07-14,7360.000000,7200.000000,7280.000000,96186
7130.000000,7130.000000,2023-07-17,7280.000000,7100.000000,7270.000000,82866
7030.000000,7030.000000,2023-07-18,7200.000000,7000.000000,7120.000000,86243
7400.000000,7400.000000,2023-07-19,8200.000000,6990.000000,7030.000000,4013942
7310.000000,7310.000000,2023-07-20,7410.000000,7260.000000,7320.000000,249110
7450.000000,7450.000000,2023-07-21,7680.000000,7260.000000,7290.000000,455051
7250.000000,7250.000000,2023-07-24,7420.000000,7160.000000,7400.000000,220575
7010.000000,7010.000000,2023-07-25,7410.000000,7010.000000,7260.000000,305721
6850.000000,6850.000000,2023-07-26,7140.000000,6710.000000,7010.000000,401291
7000.000000,7000.000000,2023-07-27,7170.000000,6840.000000,6850.000000,117988
7050.000000,7050.000000,2023-07-28,7120.000000,6950.000000,6950.000000,63893
7250.000000,7250.000000,2023-07-31,7400.000000,7050.000000,7050.000000,244070
7240.000000,7240.000000,2023-08-01,7400.000000,7220.000000,7250.000000,105640
7070.000000,7070.000000,2023-08-02,7320.000000,6920.000000,7260.000000,130208
7380.000000,7380.000000,2023-08-03,7470.000000,7020.000000,7070.000000,257002
7340.000000,7340.000000,2023-08-04,7480.000000,7250.000000,7480.000000,96709
7260.000000,7260.000000,2023-08-07,7420.000000,7220.000000,7330.000000,87607
7120.000000,7120.000000,2023-08-08,7300.000000,7120.000000,7220.000000,75164
7460.000000,7460.000000,2023-08-09,7540.000000,7140.000000,7210.000000,188806
7530.000000,7530.000000,2023-08-10,7530.000000,7370.000000,7410.000000,70086
7510.000000,7510.000000,2023-08-11,7610.000000,7410.000000,7500.000000,94461
7310.000000,7310.000000,2023-08-14,7530.000000,7250.000000,7510.000000,69505
7060.000000,7060.000000,2023-08-16,7310.000000,7040.000000,7200.000000,102512
7080.000000,7080.000000,2023-08-17,7140.000000,6930.000000,7000.000000,105577
7050.000000,7050.000000,2023-08-18,7570.000000,7030.000000,7410.000000,381077
7050.000000,7050.000000,2023-08-21,7240.000000,6990.000000,7020.000000,73593
7060.000000,7060.000000,2023-08-22,7190.000000,7020.000000,7120.000000,58670
7030.000000,7030.000000,2023-08-23,7140.000000,7010.000000,7100.000000,58187
7240.000000,7240.000000,2023-08-24,7300.000000,7030.000000,7070.000000,163685
7190.000000,7190.000000,2023-08-25,7470.000000,7150.000000,7230.000000,189728
7170.000000,7170.000000,2023-08-28,7260.000000,7120.000000,7180.000000,75797
7450.000000,7450.000000,2023-08-29,7590.000000,7150.000000,7150.000000,452060
7390.000000,7390.000000,2023-08-30,7480.000000,7340.000000,7370.000000,120825
7330.000000,7330.000000,2023-08-31,7500.000000,7320.000000,7350.000000,85449
7160.000000,7160.000000,2023-09-01,7400.000000,7160.000000,7400.000000,128475
7200.000000,7200.000000,2023-09-04,7220.000000,7120.000000,7140.000000,42644
7210.000000,7210.000000,2023-09-05,7230.000000,7150.000000,7200.000000,44110
7440.000000,7440.000000,2023-09-06,7490.000000,7180.000000,7220.000000,230370
7320.000000,7320.000000,2023-09-07,7560.000000,7290.000000,7510.000000,149814
7500.000000,7500.000000,2023-09-08,7630.000000,7290.000000,7320.000000,188247
7490.000000,7490.000000,2023-09-11,7600.000000,7420.000000,7500.000000,137739
7350.000000,7350.000000,2023-09-12,7560.000000,7350.000000,7500.000000,115128
7270.000000,7270.000000,2023-09-13,7450.000000,7250.000000,7320.000000,71893
7320.000000,7320.000000,2023-09-14,7350.000000,7240.000000,7270.000000,42426
7350.000000,7350.000000,2023-09-15,7390.000000,7270.000000,7320.000000,57450
7260.000000,7260.000000,2023-09-18,7360.000000,7250.000000,7330.000000,59853
7140.000000,7140.000000,2023-09-19,7300.000000,7130.000000,7240.000000,74301
7140.000000,7140.000000,2023-09-20,7190.000000,7120.000000,7140.000000,58723
7080.000000,7080.000000,2023-09-21,7180.000000,7050.000000,7110.000000,131375
6910.000000,6910.000000,2023-09-22,7110.000000,6890.000000,7050.000000,93463
6790.000000,6790.000000,2023-09-25,6950.000000,6750.000000,6890.000000,100475
6600.000000,6600.000000,2023-09-26,6850.000000,6600.000000,6770.000000,80049
6890.000000,6890.000000,2023-09-27,6890.000000,6520.000000,6520.000000,65750
6610.000000,6610.000000,2023-10-04,6880.000000,6580.000000,6880.000000,46906
6380.000000,6380.000000,2023-10-05,6700.000000,6370.000000,6630.000000,75489
6630.000000,6630.000000,2023-10-06,6690.000000,6330.000000,6330.000000,38859
6520.000000,6520.000000,2023-10-10,6780.000000,6470.000000,6700.000000,47851
6800.000000,6800.000000,2023-10-11,7140.000000,6500.000000,6500.000000,160369
6740.000000,6740.000000,2023-10-12,6870.000000,6740.000000,6800.000000,28179
6600.000000,6600.000000,2023-10-13,6860.000000,6580.000000,6860.000000,48801
6400.000000,6400.000000,2023-10-16,6610.000000,6350.000000,6610.000000,37844
6390.000000,6390.000000,2023-10-17,6520.000000,6340.000000,6340.000000,52724
6300.000000,6300.000000,2023-10-18,6440.000000,6270.000000,6370.000000,47045
6090.000000,6090.000000,2023-10-19,6290.000000,6020.000000,6290.000000,72442
5900.000000,5900.000000,2023-10-20,6100.000000,5770.000000,5990.000000,69454
5810.000000,5810.000000,2023-10-23,6030.000000,5810.000000,5840.000000,37058
5990.000000,5990.000000,2023-10-24,6040.000000,5740.000000,5830.000000,45166
6000.000000,6000.000000,2023-10-25,6110.000000,5970.000000,5990.000000,26631
5860.000000,5860.000000,2023-10-26,6000.000000,5710.000000,5990.000000,37016
5890.000000,5890.000000,2023-10-27,5930.000000,5800.000000,5860.000000,22783
5970.000000,5970.000000,2023-10-30,6000.000000,5810.000000,5890.000000,21043
5750.000000,5750.000000,2023-10-31,6010.000000,5750.000000,5970.000000,33147
5800.000000,5800.000000,2023-11-01,5920.000000,5760.000000,5800.000000,17642
6150.000000,6150.000000,2023-11-02,6150.000000,5830.000000,5830.000000,40785
6200.000000,6200.000000,2023-11-03,6270.000000,5990.000000,6150.000000,52079
6250.000000,6250.000000,2023-11-06,6290.000000,6150.000000,6200.000000,54088
6210.000000,6210.000000,2023-11-07,6270.000000,6140.000000,6240.000000,25940
6290.000000,6290.000000,2023-11-08,6330.000000,6200.000000,6210.000000,32860
6110.000000,6110.000000,2023-11-09,6300.000000,6090.000000,6290.000000,33075
6090.000000,6090.000000,2023-11-10,6130.000000,6020.000000,6110.000000,40451
5990.000000,5990.000000,2023-11-13,6200.000000,5990.000000,6090.000000,46269
6070.000000,6070.000000,2023-11-14,6070.000000,6000.000000,6020.000000,20002
6200.000000,6200.000000,2023-11-15,6250.000000,6070.000000,6080.000000,30840
6220.000000,6220.000000,2023-11-16,6260.000000,6180.000000,6260.000000,10740
6070.000000,6070.000000,2023-11-17,6220.000000,6060.000000,6170.000000,25360
6290.000000,6290.000000,2023-11-20,6300.000000,6070.000000,6180.000000,32542
6280.000000,6280.000000,2023-11-21,6330.000000,6260.000000,6280.000000,13086
6150.000000,6150.000000,2023-11-22,6290.000000,6120.000000,6290.000000,23481
6220.000000,6220.000000,2023-11-23,6230.000000,6160.000000,6190.000000,20892
6200.000000,6200.000000,2023-11-24,6270.000000,6150.000000,6270.000000,15526
6030.000000,6030.000000,2023-11-27,6230.000000,6010.000000,6220.000000,38756
5970.000000,5970.000000,2023-11-28,6060.000000,5960.000000,6000.000000,40598
5950.000000,5950.000000,2023-11-29,6200.000000,5920.000000,6000.000000,46097
5950.000000,5950.000000,2023-11-30,6050.000000,5930.000000,5980.000000,25058
5950.000000,5950.000000,2023-12-01,5990.000000,5920.000000,5940.000000,19612
5820.000000,5820.000000,2023-12-04,5960.000000,5820.000000,5950.000000,43408
5900.000000,5900.000000,2023-12-05,5950.000000,5810.000000,5810.000000,28076
5900.000000,5900.000000,2023-12-06,5980.000000,5860.000000,5920.000000,34108
5870.000000,5870.000000,2023-12-07,5950.000000,5840.000000,5900.000000,23787
6010.000000,6010.000000,2023-12-08,6600.000000,5920.000000,6270.000000,265946
5970.000000,5970.000000,2023-12-11,6080.000000,5960.000000,6010.000000,30973
6050.000000,6050.000000,2023-12-12,6110.000000,5960.000000,5990.000000,39164
5950.000000,5950.000000,2023-12-13,6090.000000,5940.000000,6020.000000,36524
6000.000000,6000.000000,2023-12-14,6070.000000,5970.000000,6020.000000,22349
5990.000000,5990.000000,2023-12-15,6100.000000,5950.000000,6020.000000,25802
6000.000000,6000.000000,2023-12-18,6020.000000,5950.000000,5990.000000,10119
5950.000000,5950.000000,2023-12-19,6040.000000,5940.000000,5940.000000,38166
6000.000000,6000.000000,2023-12-20,6020.000000,5950.000000,5950.000000,30029
5960.000000,5960.000000,2023-12-21,6080.000000,5960.000000,6000.000000,27126
6010.000000,6010.000000,2023-12-22,6020.000000,5940.000000,5960.000000,17177
6010.000000,6010.000000,2023-12-26,6040.000000,5970.000000,5980.000000,27625
6090.000000,6090.000000,2023-12-27,6100.000000,5950.000000,5970.000000,35166
6160.000000,6160.000000,2023-12-28,6260.000000,6040.000000,6120.000000,63172
6870.000000,6870.000000,2024-01-02,7200.000000,6180.000000,6200.000000,3235351
6900.000000,6900.000000,2024-01-03,7430.000000,6750.000000,6870.000000,2136054
6640.000000,6640.000000,2024-01-04,6900.000000,6550.000000,6900.000000,266012
6660.000000,6660.000000,2024-01-05,6790.000000,6600.000000,6620.000000,142023
6490.000000,6490.000000,2024-01-08,6710.000000,6470.000000,6660.000000,97820
6570.000000,6570.000000,2024-01-09,6630.000000,6460.000000,6470.000000,59467
6450.000000,6450.000000,2024-01-10,6600.000000,6450.000000,6540.000000,91637
6460.000000,6460.000000,2024-01-11,6560.000000,6340.000000,6460.000000,55184
6340.000000,6340.000000,2024-01-12,6550.000000,6300.000000,6550.000000,66468
6160.000000,6160.000000,2024-01-15,6360.000000,6150.000000,6260.000000,64845
6190.000000,6190.000000,2024-01-16,6600.000000,6190.000000,6400.000000,115913
6020.000000,6020.000000,2024-01-17,6250.000000,6000.000000,6190.000000,68251
6010.000000,6010.000000,2024-01-18,6300.000000,5980.000000,6020.000000,47103
6070.000000,6070.000000,2024-01-19,6260.000000,6040.000000,6210.000000,51913
6210.000000,6210.000000,2024-01-22,6250.000000,6070.000000,6070.000000,44411
6160.000000,6160.000000,2024-01-23,6330.000000,6140.000000,6210.000000,41572
6160.000000,6160.000000,2024-01-24,6230.000000,6100.000000,6200.000000,26581
6100.000000,6100.000000,2024-01-25,6190.000000,6040.000000,6100.000000,21627
6100.000000,6100.000000,2024-01-26,6180.000000,6020.000000,6100.000000,26367
6170.000000,6170.000000,2024-01-29,6270.000000,6100.000000,6100.000000,61193
6050.000000,6050.000000,2024-01-30,6220.000000,6050.000000,6180.000000,29555
5850.000000,5850.000000,2024-01-31,6050.000000,5850.000000,6050.000000,70583
5950.000000,5950.000000,2024-02-01,5970.000000,5780.000000,5850.000000,30546
5990.000000,5990.000000,2024-02-02,6100.000000,5890.000000,5890.000000,26195
6000.000000,6000.000000,2024-02-05,6080.000000,5940.000000,6080.000000,15307
5930.000000,5930.000000,2024-02-06,6010.000000,5910.000000,5930.000000,22199
5960.000000,5960.000000,2024-02-07,6010.000000,5900.000000,5930.000000,14474
5990.000000,5990.000000,2024-02-08,6030.000000,5930.000000,5960.000000,18226
6000.000000,6000.000000,2024-02-13,6050.000000,5990.000000,5990.000000,24722
6000.000000,6000.000000,2024-02-14,6020.000000,5920.000000,5930.000000,17649
5970.000000,5970.000000,2024-02-15,6030.000000,5900.000000,5990.000000,32337
5930.000000,5930.000000,2024-02-16,5970.000000,5900.000000,5970.000000,26098
5910.000000,5910.000000,2024-02-19,6060.000000,5880.000000,5880.000000,36569
5910.000000,5910.000000,2024-02-20,5940.000000,5870.000000,5910.000000,24067
5850.000000,5850.000000,2024-02-21,5940.000000,5850.000000,5860.000000,28490
5800.000000,5800.000000,2024-02-22,5890.000000,5800.000000,5850.000000,37445
5850.000000,5850.000000,2024-02-23,6300.000000,5800.000000,5800.000000,246327
5930.000000,5930.000000,2024-02-26,6010.000000,5850.000000,5850.000000,41428
5970.000000,5970.000000,2024-02-27,6070.000000,5880.000000,5930.000000,77866
5960.000000,5960.000000,2024-02-28,6000.000000,5900.000000,6000.000000,20392
5850.000000,5850.000000,2024-02-29,5980.000000,5850.000000,5960.000000,28056
5790.000000,5790.000000,2024-03-04,5890.000000,5790.000000,5880.000000,53693
5580.000000,5580.000000,2024-03-05,5790.000000,5530.000000,5770.000000,69679
5550.000000,5550.000000,2024-03-06,5660.000000,5520.000000,5520.000000,34547
5700.000000,5700.000000,2024-03-07,6060.000000,5550.000000,5550.000000,189190
5890.000000,5890.000000,2024-03-08,6750.000000,5690.000000,5710.000000,1532074
5780.000000,5780.000000,2024-03-11,5970.000000,5770.000000,5900.000000,88827
5700.000000,5700.000000,2024-03-12,5820.000000,5660.000000,5760.000000,92664
5700.000000,5700.000000,2024-03-13,5800.000000,5660.000000,5740.000000,60157
5790.000000,5790.000000,2024-03-14,6050.000000,5650.000000,5650.000000,96442
5710.000000,5710.000000,2024-03-15,5800.000000,5710.000000,5740.000000,47408
5760.000000,5760.000000,2024-03-18,5830.000000,5690.000000,5690.000000,50196
5740.000000,5740.000000,2024-03-19,5820.000000,5720.000000,5750.000000,25604
5760.000000,5760.000000,2024-03-20,5880.000000,5730.000000,5730.000000,61000
5870.000000,5870.000000,2024-03-21,6000.000000,5770.000000,5800.000000,107785
6010.000000,6010.000000,2024-03-22,6120.000000,5840.000000,5880.000000,172347
6900.000000,6900.000000,2024-03-25,7390.000000,6070.000000,6150.000000,8618827
6620.000000,6620.000000,2024-03-26,6770.000000,6530.000000,6700.000000,1105558
6380.000000,6380.000000,2024-03-27,7030.000000,6380.000000,6980.000000,1078369
6180.000000,6180.000000,2024-03-28,6370.000000,6150.000000,6350.000000,331142
6000.000000,6000.000000,2024-03-29,6190.000000,5990.000000,6180.000000,205289
