adj_close,close,date,high,low,open,volume
67.335472,68.214287,2021-07-22,71.207146,48.571426,48.571426,24220081
63.986320,64.821426,2021-07-23,66.421425,59.642857,64.985718,9575290
58.380909,59.142857,2021-07-26,66.242859,58.214287,65.000000,5844918
51.118549,51.785713,2021-07-27,59.857143,50.235714,59.285713,5094994
54.079899,54.785713,2021-07-28,56.928570,49.321426,51.785713,2651604
64.895889,65.742859,2021-07-29,65.742859,54.285713,54.285713,4674576
70.508347,71.428574,2021-07-30,73.428574,66.500000,70.000000,6748191
66.016960,66.878571,2021-08-02,71.328568,60.928570,69.285713,4832675
59.509041,60.285713,2021-08-03,65.500000,59.128571,65.057144,3553330
62.181313,62.992859,2021-08-04,63.978573,59.157143,60.714287,3326472
62.611408,63.428570,2021-08-05,67.614288,62.157143,63.700001,4917532
61.976833,62.785713,2021-08-06,65.714287,60.842857,63.664284,3537227
59.227009,60.000000,2021-08-09,62.128571,56.250000,61.342857,3541890
63.788902,64.621429,2021-08-10,64.792854,58.128571,58.735714,3671670
66.588081,67.457146,2021-08-11,68.478569,61.507141,63.714287,3595844
69.655190,70.564285,2021-08-12,72.128571,66.121429,66.714287,3257185
67.370720,68.250000,2021-08-13,77.157143,67.435715,71.992859,3757909
65.925308,66.785713,2021-08-16,69.464287,64.042854,68.607140,2032066
62.674870,63.492859,2021-08-17,67.478569,63.000000,65.714287,934599
59.932095,60.714287,2021-08-18,64.800003,58.614285,63.714287,1725075
61.694805,62.500000,2021-08-19,63.092857,58.935715,60.178570,848614
59.480839,60.257141,2021-08-20,65.057144,59.292858,63.571426,1118318
63.788902,64.621429,2021-08-23,67.492859,59.292858,61.307140,4835385
66.115677,66.978569,2021-08-24,67.364288,64.114288,67.364288,3036775
64.924088,65.771431,2021-08-25,69.757141,65.364288,66.978569,2525101
62.258865,63.071426,2021-08-26,67.085716,62.857143,66.500000,1354040
63.528015,64.357140,2021-08-27,64.914284,60.021427,61.428570,1666016
67.596344,68.478569,2021-08-30,69.050003,62.700001,62.835712,1985859
66.143883,67.007141,2021-08-31,69.750000,65.714287,68.650002,1348929
64.853569,65.699997,2021-09-01,66.900002,63.271427,66.614288,1296570
62.667816,63.485714,2021-09-02,64.428574,62.342857,64.364288,1471625
61.151886,61.950001,2021-09-03,64.849998,61.535713,62.857143,727539
62.026188,62.835712,2021-09-06,65.271431,61.557140,62.142857,1086457
58.169384,58.928570,2021-09-07,63.785713,55.714287,63.785713,2597184
57.584164,58.335712,2021-09-08,59.071426,56.678570,58.214287,1018403
55.475967,56.200001,2021-09-09,58.200001,55.892857,57.678570,763105
53.804916,54.507141,2021-09-10,56.614285,52.292858,55.714287,1321601
54.975353,55.692856,2021-09-13,56.707142,52.292858,54.757141,1048390
54.072849,54.778572,2021-09-14,56.621429,54.214287,56.342857,819593
54.065800,54.771427,2021-09-15,55.471428,52.185715,54.757141,957976
54.665119,55.378571,2021-09-16,55.799999,53.150002,55.392857,740017
52.662682,53.349998,2021-09-17,56.085712,52.857143,55.985714,897706
55.278542,56.000000,2021-09-22,57.378571,50.392857,52.857143,1436318
56.406677,57.142857,2021-09-23,57.892857,54.178570,56.742859,992280
54.643970,55.357143,2021-09-24,56.728573,54.371429,56.435715,789467
53.572239,54.271427,2021-09-27,55.364285,53.571426,53.728573,483659
53.135090,53.828571,2021-09-28,54.400002,53.228573,53.664284,199162
47.868118,48.492859,2021-09-29,54.642857,47.785713,54.642857,847737
48.439232,49.071426,2021-09-30,50.542858,48.007141,48.407143,1168392
51.661461,52.335712,2021-10-08,53.728573,51.207142,52.407143,502196
50.617943,51.278572,2021-10-11,52.764286,49.921429,52.678570,877570
51.753124,52.428570,2021-10-12,53.314285,50.278572,50.828571,700449
50.822414,51.485714,2021-10-13,52.157143,50.721428,51.450001,312657
49.919907,50.571426,2021-10-14,52.500000,50.421429,52.500000,442737
50.067974,50.721428,2021-10-15,51.928570,50.364285,51.428570,602949
51.464043,52.135715,2021-10-18,53.342857,50.878571,51.421429,475448
57.725182,58.478573,2021-10-19,60.714287,51.142857,51.142857,1901862
57.802738,58.557140,2021-10-20,59.642857,55.885715,57.857143,1076933
59.368027,60.142857,2021-10-21,61.771427,56.428570,59.285713,1057158
56.864983,57.607143,2021-10-22,60.128571,57.221428,60.128571,571592
54.989456,55.707142,2021-10-25,57.849998,55.428570,57.135715,906325
57.520706,58.271427,2021-10-26,58.971428,54.278572,56.421429,1179010
54.502953,55.214287,2021-10-27,59.214287,55.135715,59.214287,882632
54.291428,55.000000,2021-10-28,55.628571,51.428570,55.628571,1720352
60.587822,61.378571,2021-10-29,64.207146,57.135715,57.142857,3134182
64.656151,65.500000,2021-11-01,67.457146,61.321426,61.707142,2514206
63.083817,63.907143,2021-11-02,68.500000,62.971428,65.421425,2761494
63.598534,64.428574,2021-11-03,67.607140,63.564285,65.957146,1398791
70.818581,71.742859,2021-11-04,73.707146,64.771431,64.771431,2053346
70.325027,71.242859,2021-11-05,76.742859,69.285713,72.178574,2578133
74.393356,75.364288,2021-11-08,77.250000,67.457146,70.407143,3088444
71.918510,72.857140,2021-11-09,77.699997,71.571426,76.428574,2149994
72.228745,73.171425,2021-11-10,78.421425,70.907143,72.557144,3472030
77.220741,78.228569,2021-11-11,81.578568,73.171425,73.171425,2724293
89.545601,90.714287,2021-11-12,91.564285,77.500000,78.421425,2262638
87.670074,88.814285,2021-11-15,94.278572,85.071426,94.278572,3262123
84.095299,85.192856,2021-11-16,91.285713,83.435715,90.000000,3219297
85.808655,86.928574,2021-11-17,90.778572,84.435715,85.192856,1687847
84.821541,85.928574,2021-11-18,89.199997,82.857140,87.792854,3059124
85.456108,86.571426,2021-11-19,88.121429,83.464287,84.285713,1287220
89.143700,90.307144,2021-11-22,91.771431,85.000000,86.235718,2171955
84.722824,85.828568,2021-11-23,91.428574,82.114288,90.264282,3172675
86.175301,87.300003,2021-11-24,91.900002,83.142860,84.142860,2982008
86.584251,87.714287,2021-11-25,90.564285,83.992859,89.535713,1137707
92.718475,93.928574,2021-11-26,95.985718,86.678574,87.128571,1849342
92.732574,93.942856,2021-11-29,97.500000,91.342857,93.192856,1154568
95.186272,96.428574,2021-11-30,99.900002,90.235718,96.107140,1958094
91.978134,93.178574,2021-12-01,96.071426,90.964287,96.071426,2913727
90.419907,91.599998,2021-12-02,94.199997,90.714287,91.428574,761345
95.891357,97.142860,2021-12-03,97.500000,90.750000,92.542854,1148526
90.885254,92.071426,2021-12-06,96.435715,91.349998,95.307144,1191412
86.020187,87.142860,2021-12-07,94.857140,83.571426,92.071426,2261849
86.055435,87.178574,2021-12-08,89.278572,85.714287,88.449997,812849
83.256256,84.342857,2021-12-09,87.550003,83.792854,87.550003,1044174
84.948456,86.057144,2021-12-10,89.235718,82.621429,82.621429,937262
83.115234,84.199997,2021-12-13,87.349998,82.857140,87.349998,1398240
89.785332,90.957146,2021-12-14,92.849998,83.878571,84.928574,1341435
98.570663,99.857140,2021-12-15,101.664284,88.471428,90.957146,1682328
94.650398,95.885712,2021-12-16,101.507141,94.857140,99.871429,951056
93.212036,94.428574,2021-12-17,96.857140,92.857140,94.349998,712689
91.329460,92.521431,2021-12-20,96.007141,89.535713,90.278572,976707
99.769310,101.071426,2021-12-21,101.957146,89.835716,92.435715,1174209
97.442535,98.714287,2021-12-22,107.071426,98.078568,99.099998,1304247
103.767136,105.121429,2021-12-23,106.071426,94.492859,96.285713,1312192
100.685921,102.000000,2021-12-24,106.714287,101.071426,105.285713,922397
97.844429,99.121429,2021-12-27,102.449997,97.271431,100.078568,844158
102.011475,103.342857,2021-12-28,103.678574,98.185715,98.735718,430438
105.903534,107.285713,2021-12-29,108.571426,97.857140,103.707146,1025155
102.942184,104.285713,2021-12-30,108.078568,103.135712,104.221428,768817
98.204025,99.485718,2021-12-31,106.428574,98.214287,103.835716,1037384
92.013390,93.214287,2022-01-04,99.535713,90.721428,97.857140,1290084
89.552643,90.721428,2022-01-05,93.207146,86.592857,91.635712,1042869
92.556297,93.764282,2022-01-06,94.900002,88.214287,89.171425,1399150
89.009727,90.171425,2022-01-07,94.757141,87.735718,92.964287,923150
84.638222,85.742859,2022-01-10,91.521431,84.207146,91.521431,1146987
85.286896,86.400002,2022-01-11,88.000000,83.842857,84.607140,892836
95.827888,97.078568,2022-01-12,97.707146,86.235718,87.692856,1035913
96.666939,97.928574,2022-01-13,100.028572,93.964287,99.785713,1539672
99.557777,100.857140,2022-01-14,107.750000,96.428574,97.321426,1397191
103.753029,105.107140,2022-01-17,112.042854,99.971428,101.414284,1899289
99.050117,100.342857,2022-01-18,105.542854,100.000000,105.171425,1126865
100.685921,102.000000,2022-01-19,104.128571,96.857140,99.757141,801509
96.948975,98.214287,2022-01-20,101.849998,95.300003,99.857140,927381
91.244850,92.435715,2022-01-21,100.264282,91.578568,98.414284,916853
86.556046,87.685715,2022-01-24,90.849998,84.292854,87.414284,2234010
85.667641,86.785713,2022-01-25,91.335716,82.500000,82.542854,1354369
82.269135,83.342857,2022-01-26,90.357140,80.364288,86.785713,2725650
82.036461,83.107140,2022-01-27,85.714287,80.714287,82.164284,1127315
77.559174,78.571426,2022-01-28,85.357140,77.214287,83.021431,1974441
74.294640,75.264282,2022-02-07,81.428574,73.892860,80.714287,1753214
71.749290,72.685715,2022-02-08,75.264282,70.949997,75.264282,1686771
74.019669,74.985718,2022-02-09,76.635712,70.785713,73.778572,1212327
70.155800,71.071426,2022-02-10,78.300003,69.064285,78.300003,1627801
68.999466,69.900002,2022-02-11,73.328568,68.678574,69.728569,1196638
70.776276,71.699997,2022-02-14,74.085716,66.078568,70.000000,1354305
73.434441,74.392860,2022-02-15,75.000000,70.550003,72.778572,786559
72.778709,73.728569,2022-02-16,74.500000,70.449997,74.392860,683662
77.164330,78.171425,2022-02-17,79.421425,72.642860,73.278572,1353175
75.944542,76.935715,2022-02-18,80.500000,74.714287,76.914284,904796
74.111320,75.078568,2022-02-21,77.692856,74.571426,76.857140,410040
70.959602,71.885712,2022-02-22,74.685715,70.657143,74.500000,1222820
76.395790,77.392860,2022-02-23,78.407143,71.692856,71.885712,1097775
77.573280,78.585716,2022-02-24,80.750000,75.707146,77.392860,1024647
78.412331,79.435715,2022-02-25,80.357140,76.199997,80.357140,898538
76.226570,77.221428,2022-02-28,79.885712,75.500000,78.771431,780962
78.962296,79.992859,2022-03-01,81.142860,75.000000,77.500000,763665
74.647186,75.621429,2022-03-02,78.750000,75.621429,78.721428,446278
70.501289,71.421425,2022-03-03,76.321426,69.635712,75.357140,1743859
67.363678,68.242859,2022-03-04,71.957146,67.857140,71.599998,1513050
62.399887,63.214287,2022-03-07,69.221428,61.857143,68.857140,1945686
64.493988,65.335716,2022-03-08,67.057144,62.628571,63.514286,1878948
63.612625,64.442856,2022-03-09,68.428574,62.857143,68.428574,1257548
68.463600,69.357140,2022-03-10,71.192856,65.992859,65.992859,1751992
67.300217,68.178574,2022-03-11,70.842857,66.071426,68.928574,915381
65.368286,66.221428,2022-03-14,67.578568,65.114288,66.699997,843969
63.034462,63.857143,2022-03-15,67.407143,63.207142,65.714287,1092414
68.858452,69.757141,2022-03-16,72.000000,62.935715,65.714287,1532441
72.066574,73.007141,2022-03-17,76.685715,70.564285,71.550003,2310553
70.564758,71.485718,2022-03-18,75.007141,70.357140,75.000000,1123467
71.770447,72.707146,2022-03-21,74.285713,69.428574,71.485718,1151952
72.687050,73.635712,2022-03-22,75.000000,70.035713,70.449997,718104
74.012604,74.978569,2022-03-23,77.071426,70.935715,73.785713,1010275
73.892746,74.857140,2022-03-24,83.557144,72.614288,83.557144,1849528
77.559174,78.571426,2022-03-25,80.000000,72.864288,74.935715,1706471
78.934090,79.964287,2022-03-28,81.307144,75.392860,77.814285,1014118
77.065620,78.071426,2022-03-29,81.349998,77.671425,81.342857,597885
83.058838,84.142860,2022-03-30,84.142860,76.635712,78.571426,908233
80.922424,81.978569,2022-03-31,85.714287,80.428574,84.142860,596232
77.241898,78.250000,2022-04-01,81.785713,77.364288,81.421425,658413
70.508347,71.428574,2022-04-06,78.250000,70.264282,78.250000,1025508
65.988762,66.849998,2022-04-07,71.428574,66.428574,71.064285,1626875
64.226051,65.064285,2022-04-08,69.271431,64.835716,66.921425,1047249
59.537247,60.314285,2022-04-11,68.314285,60.007141,68.314285,1669406
60.369247,61.157143,2022-04-12,62.842857,57.885715,60.857143,1091045
58.169384,58.928570,2022-04-13,61.349998,58.328571,61.349998,1109838
57.816841,58.571426,2022-04-14,61.271427,58.049999,60.000000,730357
63.457504,64.285713,2022-04-15,64.735718,49.242859,58.557140,1809318
67.821983,68.707146,2022-04-18,69.785713,60.985714,65.000000,1738639
65.184959,66.035713,2022-04-19,70.835716,65.714287,67.814285,1555972
65.008690,65.857140,2022-04-20,68.550003,65.071426,67.114288,653336
64.705513,65.550003,2022-04-21,68.535713,64.828568,64.828568,827835
62.075550,62.885715,2022-04-22,65.142860,62.357143,65.000000,559169
55.701591,56.428570,2022-04-25,62.185715,56.000000,60.964287,509177
57.118809,57.864285,2022-04-26,59.285713,54.735714,54.735714,607215
59.854538,60.635715,2022-04-27,62.142857,53.928570,56.142857,804745
57.464302,58.214287,2022-04-28,59.742859,55.457142,59.721428,1081127
68.957161,69.857140,2022-04-29,69.857140,59.321426,62.785713,2345777
73.737625,74.699997,2022-05-05,75.714287,69.978569,69.978569,1763126
72.976135,73.928574,2022-05-06,77.500000,71.842857,72.557144,1110594
75.091385,76.071426,2022-05-09,77.128571,72.285713,72.285713,654402
76.586166,77.585716,2022-05-10,78.985718,73.557144,73.592857,986927
77.114975,78.121429,2022-05-11,82.142860,75.257141,75.257141,797589
75.881081,76.871429,2022-05-12,80.792854,74.285713,78.607140,1090537
76.149010,77.142860,2022-05-13,78.199997,74.735718,76.871429,701489
74.033760,75.000000,2022-05-16,78.949997,74.878571,77.828568,583762
76.149010,77.142860,2022-05-17,77.949997,74.807144,75.364288,751868
76.543854,77.542854,2022-05-18,78.571426,75.357140,77.142860,511529
76.917549,77.921425,2022-05-19,80.707146,75.135712,75.135712,821606
76.945755,77.949997,2022-05-20,80.392860,76.071426,76.785713,570253
77.107933,78.114288,2022-05-23,78.942856,75.000000,77.599998,584589
74.887466,75.642860,2022-05-24,81.857140,74.000000,77.885712,741413
73.239799,73.978569,2022-05-25,76.785713,72.357140,75.357140,540064
73.996452,74.742859,2022-05-26,76.085716,71.614288,74.164284,442834
71.684067,72.407143,2022-05-27,76.800003,70.785713,75.000000,696808
71.874992,72.599998,2022-05-30,73.064285,69.914284,73.064285,884630
72.836723,73.571426,2022-05-31,74.385712,70.064285,71.857140,665400
75.311752,76.071426,2022-06-01,77.742859,72.878571,72.928574,1083198
81.456917,82.278572,2022-06-02,83.571426,74.214287,75.000000,1537166
83.840019,84.685715,2022-06-06,90.257141,81.571426,83.571426,2092624
84.893677,85.750000,2022-06-07,86.542854,81.428574,84.292854,1531233
81.181122,82.000000,2022-06-08,86.428574,80.007141,86.428574,1214574
78.706093,79.500000,2022-06-09,81.835716,77.714287,80.807144,782430
82.885361,83.721428,2022-06-10,84.642860,78.571426,79.285713,839192
87.679855,88.564285,2022-06-13,90.235718,82.035713,82.935715,1399204
87.022209,87.900002,2022-06-14,89.285713,83.385712,89.285713,1107694
84.384529,85.235718,2022-06-15,90.357140,85.000000,89.428574,676228
82.694435,83.528572,2022-06-16,86.207146,82.642860,85.000000,1294035
83.960236,84.807144,2022-06-17,86.564285,82.128571,82.442856,1394150
84.144096,84.992859,2022-06-20,90.571426,83.571426,83.571426,1830845
82.602501,83.435715,2022-06-21,87.650002,81.750000,85.714287,1212834
83.868309,84.714287,2022-06-22,88.571426,82.664284,83.935715,1948986
93.181503,94.121429,2022-06-23,95.707146,85.342857,86.428574,2287796
93.202721,94.142860,2022-06-24,97.135712,91.428574,94.378571,1611281
90.161964,91.071426,2022-06-27,95.821426,89.514282,94.285713,2432109
90.161964,91.071426,2022-06-28,92.435715,88.335716,90.364288,1347572
85.756401,86.621429,2022-06-29,91.642860,86.485718,89.321426,1235393
89.320450,90.221428,2022-06-30,92.985718,85.857140,86.621429,1506379
89.334595,90.235718,2022-07-01,94.921425,88.000000,90.221428,1493588
88.252655,89.142860,2022-07-04,93.464287,84.721428,92.849998,1594098
88.054649,88.942856,2022-07-05,90.714287,86.071426,89.985718,1230850
87.672791,88.557144,2022-07-06,90.642860,86.257141,89.107140,1017856
98.506363,99.500000,2022-07-07,101.071426,87.185715,89.014282,3165451
93.358299,94.300003,2022-07-08,102.485718,93.928574,99.500000,1527185
96.879913,97.857140,2022-07-11,99.599998,90.714287,92.892860,1570973
96.512199,97.485718,2022-07-12,101.199997,95.471428,96.900002,1027432
95.465614,96.428574,2022-07-13,99.042854,93.628571,98.485718,623837
101.829979,102.857140,2022-07-14,104.521431,96.150002,96.735718,1118999
101.122833,102.142860,2022-07-15,104.121429,99.285713,99.300003,781026
106.065826,107.135712,2022-07-18,107.135712,98.121429,100.650002,929222
101.829979,102.857140,2022-07-19,109.785713,101.442856,105.000000,1047538
97.587067,98.571426,2022-07-20,103.571426,96.000000,103.000000,1469333
94.263451,95.214287,2022-07-21,100.785713,95.214287,97.442856,1023250
89.808388,90.714287,2022-07-22,92.857140,86.428574,86.428574,7522268
91.201477,92.121429,2022-07-25,97.142860,90.857140,90.857140,3692802
97.997215,98.985718,2022-07-26,99.642860,91.607140,92.128571,5060367
100.408600,101.421425,2022-07-27,103.892860,97.878571,98.985718,5742506
101.525909,102.550003,2022-07-28,104.978569,99.307144,103.435715,4557714
103.279640,104.321426,2022-07-29,108.214287,103.014282,104.285713,3584989
103.237213,104.278572,2022-08-01,108.928574,103.571426,106.407143,3200990
103.088715,104.128571,2022-08-02,105.142860,100.135712,102.714287,4224197
96.936485,97.914284,2022-08-03,104.285713,97.635712,103.571426,3793363
95.988907,96.957146,2022-08-04,99.057144,94.185715,97.585716,3224565
98.067932,99.057144,2022-08-05,102.857140,96.214287,96.242859,1709302
99.142807,100.142860,2022-08-08,101.278572,96.664284,97.271431,1154759
98.506363,99.500000,2022-08-09,101.328568,97.564285,99.664284,1473934
95.097893,96.057144,2022-08-10,100.707146,95.107140,98.485718,1719529
99.878235,100.885712,2022-08-11,101.071426,96.128571,96.978569,2243460
94.447311,95.400002,2022-08-12,100.842857,94.864288,100.714287,2218988
101.158188,102.178574,2022-08-15,104.128571,94.278572,95.128571,2274620
102.819992,103.857140,2022-08-16,107.771431,101.364288,103.071426,2445886
102.395706,103.428574,2022-08-17,107.564285,102.464287,104.107140,1730862
111.730118,112.857140,2022-08-18,112.857140,101.250000,102.857140,2662830
102.522995,103.557144,2022-08-19,122.142860,103.185715,120.714287,8555841
112.267555,113.400002,2022-08-22,117.285713,106.892860,107.135712,5991899
112.260490,113.392860,2022-08-23,117.714287,110.000000,113.285713,3133712
108.901512,110.000000,2022-08-24,116.285713,107.878571,113.728569,2488812
105.316246,106.378571,2022-08-25,112.500000,105.449997,109.449997,2487307
105.372818,106.435715,2022-08-26,110.000000,104.678574,106.442856,2260204
107.487198,108.571426,2022-08-29,109.935715,103.928574,103.928574,2393584
108.901512,110.000000,2022-08-30,113.571426,105.721428,109.285713,2175366
100.415680,101.428574,2022-08-31,112.714287,99.357140,108.571426,3050279
101.978485,103.007141,2022-09-01,106.285713,98.650002,101.385712,2127855
102.134056,103.164284,2022-09-02,107.849998,101.928574,102.849998,2590309
105.577896,106.642860,2022-09-05,109.857140,103.164284,103.371429,4496874
106.702263,107.778572,2022-09-06,112.357140,105.000000,105.628571,3721321
107.480133,108.564285,2022-09-07,109.900002,105.714287,107.842857,2277209
111.376541,112.500000,2022-09-08,113.342857,107.000000,107.257141,2252160
105.075813,106.135712,2022-09-09,113.485718,105.000000,113.485718,2321447
106.638618,107.714287,2022-09-13,109.121429,105.714287,107.771431,1952493
103.654434,104.699997,2022-09-14,108.242859,103.571426,104.814285,1619263
97.021347,98.000000,2022-09-15,106.421425,96.064285,105.857140,2137643
99.164017,100.164284,2022-09-16,103.135712,95.750000,99.285713,2219827
101.462265,102.485718,2022-09-19,105.000000,100.214287,101.235718,1859608
99.001373,100.000000,2022-09-20,104.500000,99.285713,104.342857,1739115
96.469765,97.442856,2022-09-21,101.264282,96.428574,100.000000,943807
98.393219,99.385712,2022-09-22,101.785713,94.792854,96.992859,1307364
93.740158,94.685715,2022-09-23,99.271431,94.585716,99.271431,1844630
96.172768,97.142860,2022-09-26,99.142860,94.128571,95.321426,1522892
95.861610,96.828568,2022-09-27,99.835716,94.757141,96.421425,1181142
92.948143,93.885712,2022-09-28,97.007141,93.107140,96.642860,1412803
96.172768,97.142860,2022-09-29,98.214287,92.857140,94.500000,1227452
91.929840,92.857140,2022-09-30,98.121429,91.857140,97.142860,1534789
85.028030,85.885712,2022-10-10,92.857140,84.285713,92.857140,2909295
88.075867,88.964287,2022-10-11,90.935715,86.507141,87.371429,1688044
92.283424,93.214287,2022-10-12,95.000000,85.478569,89.857140,1842421
95.465614,96.428574,2022-10-13,98.571426,91.457146,92.828568,1426597
96.377831,97.349998,2022-10-14,98.728569,95.150002,97.378571,940675
96.109116,97.078568,2022-10-17,100.078568,94.328568,97.257141,1048654
96.151550,97.121429,2022-10-18,98.571426,95.585716,98.571426,799132
94.058372,95.007141,2022-10-19,99.628571,94.164284,95.364288,1461551
90.444824,91.357140,2022-10-20,95.500000,88.571426,95.500000,2268726
92.332916,93.264282,2022-10-21,95.000000,90.142860,90.142860,1899445
84.504738,85.357140,2022-10-24,92.485718,82.150002,92.485718,7681585
84.504738,85.357140,2022-10-25,88.485718,83.007141,85.621429,3682511
82.065071,82.892860,2022-10-26,86.428574,81.785713,84.642860,3623278
78.847527,79.642860,2022-10-27,83.535713,79.364288,82.892860,2861622
75.665337,76.428574,2022-10-28,79.278572,72.242859,77.142860,6409582
76.443207,77.214287,2022-10-31,78.757141,74.128571,74.300003,2592885
79.222313,80.021431,2022-11-01,80.021431,75.685715,77.721428,3373216
83.804665,84.650002,2022-11-02,85.828568,77.792854,80.021431,4854283
87.418213,88.300003,2022-11-03,89.564285,81.735718,84.650002,3043167
91.081261,92.000000,2022-11-04,93.557144,89.242859,90.242859,2628460
89.900322,90.807144,2022-11-07,93.071426,88.657143,90.835716,1509862
87.071701,87.949997,2022-11-08,90.592857,85.857140,90.592857,1953211
85.424042,86.285713,2022-11-09,88.807144,85.914284,88.807144,1366593
84.313812,85.164284,2022-11-10,87.914284,83.328568,85.878571,1899459
83.161156,84.000000,2022-11-11,87.857140,83.735718,86.428574,2044964
79.766815,80.571426,2022-11-14,85.671425,79.250000,83.250000,2261306
82.001419,82.828568,2022-11-15,83.550003,80.214287,80.714287,1799784
79.222313,80.021431,2022-11-16,84.035713,79.428574,83.035713,1688185
76.867500,77.642860,2022-11-17,81.328568,76.235718,78.578568,2380170
75.714836,76.478569,2022-11-18,78.342857,75.321426,77.485718,1706852
77.362503,78.142860,2022-11-21,79.035713,74.364288,78.485718,2403490
79.491028,80.292854,2022-11-22,82.142860,76.121429,78.121429,2948262
81.753914,82.578568,2022-11-23,83.571426,77.599998,80.150002,2116205
78.522232,79.314285,2022-11-24,83.057144,78.578568,82.142860,2062772
76.796776,77.571426,2022-11-25,80.914284,77.000000,79.371429,1657364
78.027222,78.814285,2022-11-28,79.199997,75.250000,75.378571,1745506
75.241043,76.000000,2022-11-29,79.964287,75.221428,79.964287,2135859
80.000183,80.807144,2022-11-30,81.500000,75.364288,75.592857,2397084
81.647842,82.471428,2022-12-01,86.157143,80.842857,81.328568,2316531
82.956078,83.792854,2022-12-02,85.000000,81.185715,81.564285,1319152
80.707336,81.521431,2022-12-05,85.714287,80.642860,83.357140,1670078
81.676132,82.500000,2022-12-06,83.714287,80.035713,80.714287,1401142
80.961906,81.778572,2022-12-07,83.507141,80.857140,82.535713,1009363
79.625389,80.428574,2022-12-08,83.435715,80.007141,81.428574,917355
78.585876,79.378571,2022-12-09,81.785713,78.349998,80.821426,1509499
79.307167,80.107140,2022-12-12,81.357140,76.514282,77.792854,1694568
75.340042,76.099998,2022-12-13,80.671425,75.500000,79.285713,1493952
74.229813,74.978569,2022-12-14,76.099998,74.207146,75.714287,1511078
78.904091,79.699997,2022-12-15,79.699997,73.921425,74.978569,1896967
76.054268,76.821426,2022-12-16,79.250000,75.964287,78.578568,1173810
79.483955,80.285713,2022-12-19,80.321426,76.071426,76.828568,2136801
76.450272,77.221428,2022-12-20,79.421425,75.500000,78.214287,2470360
73.515587,74.257141,2022-12-21,77.150002,73.285713,76.449997,1547319
74.675323,75.428574,2022-12-22,77.492859,73.307144,74.642860,1649912
71.627495,72.349998,2022-12-23,75.942856,71.428574,74.785713,1361095
76.867500,77.642860,2022-12-26,78.357140,70.714287,70.714287,1254905
78.493942,79.285713,2022-12-27,79.764282,76.578568,78.807144,1189288
75.721909,76.485718,2022-12-28,79.771431,76.157143,79.771431,1017749
80.035538,80.842857,2022-12-29,82.949997,74.449997,75.142860,2597421
75.439041,76.199997,2022-12-30,81.842857,75.357140,81.557144,2969115
76.372490,77.142860,2023-01-03,77.849998,72.650002,76.221428,2553951
73.989388,74.735718,2023-01-04,77.128571,74.050003,77.000000,1595556
77.786789,78.571426,2023-01-05,80.000000,74.321426,75.742859,2665121
79.342529,80.142860,2023-01-06,80.835716,77.000000,77.285713,1976842
76.966499,77.742859,2023-01-09,81.428574,77.421425,80.278572,2189759
75.827980,76.592857,2023-01-10,78.928574,75.714287,77.707146,2648142
72.476082,73.207146,2023-01-11,76.857140,72.164284,76.678574,3844624
71.139557,71.857140,2023-01-12,73.214287,71.150002,72.871429,2978098
69.435318,70.135712,2023-01-13,72.685715,69.414284,71.821426,2292115
70.510193,71.221428,2023-01-16,71.314285,69.442856,70.271431,3378543
69.095886,69.792854,2023-01-17,71.871429,69.792854,71.428574,2556640
69.201958,69.900002,2023-01-18,70.728569,69.150002,69.792854,1917773
70.701118,71.414284,2023-01-19,71.892860,69.478569,69.778572,2008776
70.206116,70.914284,2023-01-20,72.128571,69.650002,71.057144,2060518
73.699448,74.442856,2023-01-30,76.421425,72.285713,72.642860,4147172
74.463173,75.214287,2023-01-31,76.607140,73.757141,74.285713,2455957
80.792191,81.607140,2023-02-01,82.000000,75.000000,75.278572,4567729
81.039688,81.857140,2023-02-02,82.814285,80.428574,81.864288,3473961
81.251839,82.071426,2023-02-03,82.942856,79.864288,81.185715,1945787
80.551765,81.364288,2023-02-06,82.057144,80.014282,81.235718,1728806
80.049675,80.857140,2023-02-07,81.957146,80.221428,81.921425,1079211
80.693192,81.507141,2023-02-08,84.128571,80.221428,80.571426,1973199
82.248924,83.078568,2023-02-09,83.407143,80.092857,81.014282,1427654
81.174057,81.992859,2023-02-10,84.699997,80.750000,83.214287,1420608
83.627876,84.471428,2023-02-13,85.228569,81.264282,81.428574,2151079
82.482285,83.314285,2023-02-14,84.985718,82.642860,84.985718,848442
82.390358,83.221428,2023-02-15,85.564285,82.371429,82.871429,1247918
80.268890,81.078568,2023-02-16,85.000000,80.571426,83.285713,1377021
78.465660,79.257141,2023-02-17,82.142860,78.971428,81.178574,1054268
75.651192,76.414284,2023-02-20,79.671425,75.092857,78.592857,2623167
74.236893,74.985718,2023-02-21,76.871429,72.292854,76.871429,3246467
72.787224,73.521431,2023-02-22,74.750000,73.114288,74.071426,1453249
72.426575,73.157143,2023-02-23,74.328568,72.578568,73.300003,1412446
71.882065,72.607140,2023-02-24,73.914284,72.221428,73.721428,1500371
71.429489,72.150002,2023-02-27,73.321426,71.857140,72.607140,1223986
70.326332,71.035713,2023-02-28,72.642860,70.035713,72.492859,2183127
71.775993,72.500000,2023-03-01,73.349998,70.771431,71.214287,1971375
68.487740,69.178574,2023-03-02,72.992859,68.207146,72.428574,3208065
66.762283,67.435715,2023-03-03,70.385712,67.371429,69.307144,1797695
66.578423,67.250000,2023-03-06,68.007141,66.335716,67.057144,1492671
66.246056,66.914284,2023-03-07,68.007141,66.635712,67.621429,1610329
65.340904,66.000000,2023-03-08,67.664284,65.492859,66.428574,1777553
63.353809,63.992859,2023-03-09,66.335716,63.642857,66.064285,2088949
60.426193,61.035713,2023-03-10,63.928570,60.842857,63.814285,3731953
59.570541,60.171429,2023-03-13,61.685715,59.807140,61.071426,2325443
58.976528,59.571426,2023-03-14,60.642857,57.928570,60.257141,2040683
59.782688,60.385715,2023-03-15,62.128571,59.500000,59.642857,2069824
58.234020,58.821426,2023-03-16,60.357143,58.357143,59.500000,2872812
58.538097,59.128571,2023-03-17,61.321426,58.157143,58.821426,2651231
59.719040,60.321426,2023-03-20,61.214287,57.471428,58.664284,2662294
61.515209,62.135715,2023-03-21,62.192856,59.442856,60.714287,3042856
60.998985,61.614285,2023-03-22,63.657143,61.299999,62.071426,2682380
60.779770,61.392857,2023-03-23,62.500000,60.707142,61.607143,1856685
61.981930,62.607143,2023-03-24,63.207142,61.364285,61.785713,2337157
60.815128,61.428570,2023-03-27,62.571426,60.892857,62.571426,2276904
59.634182,60.235714,2023-03-28,62.428570,60.178570,62.192856,1630952
59.450321,60.049999,2023-03-29,62.049999,60.007141,60.007141,2029476
59.796829,60.400002,2023-03-30,60.714287,59.500000,60.428570,1420755
59.902901,60.507141,2023-03-31,62.057140,59.892857,61.035713,1695794
59.909973,60.514286,2023-04-03,61.128571,59.642857,60.571426,1480157
57.526871,58.107143,2023-04-04,60.985714,58.000000,60.714287,2740578
59.612968,60.214287,2023-04-06,60.464287,57.485714,57.835712,2120773
61.713211,62.335712,2023-04-07,62.357143,59.750000,60.214287,1734187
62.781010,63.414284,2023-04-10,64.657143,61.764286,63.557140,2186879
57.993587,58.578571,2023-04-11,63.928570,57.607143,63.785713,5410442
57.081364,57.657143,2023-04-12,59.292858,57.000000,58.435715,4216265
56.218636,56.785713,2023-04-13,58.285713,56.357143,57.650002,1934571
58.340092,58.928570,2023-04-14,59.628571,56.564285,56.678570,3061298
58.474453,59.064285,2023-04-17,60.357143,58.214287,58.942856,2131859
58.778530,59.371429,2023-04-18,60.192856,58.885715,59.349998,1920354
58.283524,58.871429,2023-04-19,59.964287,58.478573,59.342857,1360515
56.367138,56.935715,2023-04-20,58.835712,56.785713,58.571426,1954569
55.228622,55.785713,2023-04-21,58.214287,55.557140,56.928570,1743210
52.569729,53.099998,2023-04-24,55.628571,52.250000,55.235714,3356273
51.409996,51.928570,2023-04-25,53.757141,51.142857,53.400002,2398733
54.394180,54.942856,2023-04-26,55.549999,52.378571,52.857143,2921843
53.955750,54.500000,2023-04-27,55.400002,54.071426,55.142857,1456859
53.969891,54.514286,2023-04-28,55.771427,51.292858,52.000000,2876231
50.964493,51.478573,2023-05-04,54.907143,51.342857,54.071426,2181730
51.346352,51.864285,2023-05-05,52.121429,50.642857,51.228573,1595988
50.483631,50.992859,2023-05-08,52.857143,50.442856,51.864285,1489709
48.963249,49.457142,2023-05-09,51.500000,49.357143,51.450001,1670512
51.424141,51.942856,2023-05-10,53.028572,49.071426,49.557140,2218001
50.066406,50.571426,2023-05-11,52.650002,50.507141,51.942856,1537894
49.811832,50.314285,2023-05-12,51.607143,50.250000,50.571426,966161
53.955750,54.500000,2023-05-15,54.757141,51.571426,52.135715,3219893
52.293938,52.821426,2023-05-16,54.871429,52.428570,54.857143,2298709
52.124226,52.650002,2023-05-17,53.235714,52.014286,52.407143,1419714
51.551426,52.071426,2023-05-18,53.021427,51.371429,53.021427,1267716
51.759998,51.759998,2023-05-19,51.990002,50.540001,51.580002,1220667
53.020000,53.020000,2023-05-22,55.200001,52.500000,54.009998,2965475
53.380001,53.380001,2023-05-23,55.189999,52.119999,52.799999,2539637
53.889999,53.889999,2023-05-24,55.150002,52.840000,53.860001,1781888
54.900002,54.900002,2023-05-25,55.220001,53.400002,53.650002,1897136
53.639999,53.639999,2023-05-26,54.689999,53.000000,54.529999,1361304
53.009998,53.009998,2023-05-29,54.119999,52.560001,53.740002,1234876
53.490002,53.490002,2023-05-30,54.650002,52.680000,53.000000,1537434
53.070000,53.070000,2023-05-31,53.490002,52.360001,53.490002,1056136
52.549999,52.549999,2023-06-01,53.529999,52.169998,52.820000,1038366
54.360001,54.360001,2023-06-02,55.029999,52.410000,52.750000,2069041
53.580002,53.580002,2023-06-05,55.000000,53.220001,54.799999,1097017
51.520000,51.520000,2023-06-06,53.750000,51.119999,53.580002,1552698
50.180000,50.180000,2023-06-07,51.660000,49.730000,51.200001,1897984
48.400002,48.400002,2023-06-08,51.099998,48.070000,50.340000,2080666
48.980000,48.980000,2023-06-09,49.310001,47.099998,48.910000,2281035
52.250000,52.250000,2023-06-12,52.980000,48.950001,48.950001,3734517
56.639999,56.639999,2023-06-13,57.029999,52.189999,52.250000,4843742
54.639999,54.639999,2023-06-14,57.000000,54.560001,56.299999,2938442
55.650002,55.650002,2023-06-15,56.070000,54.200001,54.590000,3184287
55.259998,55.259998,2023-06-16,56.200001,54.320000,56.090000,2107168
56.029999,56.029999,2023-06-19,57.450001,55.439999,56.549999,2623558
56.430000,56.430000,2023-06-20,57.980000,56.060001,56.549999,2885993
59.599998,59.599998,2023-06-21,61.860001,56.500000,56.500000,8337744
55.400002,55.400002,2023-06-26,59.130001,54.849998,59.130001,5719732
61.840000,61.840000,2023-06-27,61.840000,55.299999,55.900002,7914647
59.700001,59.700001,2023-06-28,63.400002,57.740002,63.400002,8094735
61.330002,61.330002,2023-06-29,62.779999,57.750000,59.799999,7283320
62.150002,62.150002,2023-06-30,63.180000,58.279999,60.299999,6668701
61.099998,61.099998,2023-07-03,65.410004,60.500000,63.099998,6349728
60.599998,60.599998,2023-07-04,63.500000,59.299999,60.220001,10226752
57.599998,57.599998,2023-07-05,60.180000,57.500000,60.160000,6483620
58.070000,58.070000,2023-07-06,58.900002,56.700001,56.889999,3762247
57.980000,57.980000,2023-07-07,58.889999,57.200001,58.070000,2777647
58.639999,58.639999,2023-07-10,60.200001,58.090000,58.090000,3712284
59.599998,59.599998,2023-07-11,60.060001,57.110001,59.000000,4518061
59.150002,59.150002,2023-07-12,60.459999,58.619999,60.090000,3070151
57.540001,57.540001,2023-07-13,60.299999,57.450001,59.160000,3251493
55.360001,55.360001,2023-07-14,57.849998,55.360001,57.549999,3888714
53.570000,53.570000,2023-07-17,55.500000,53.410000,55.360001,2757748
53.880001,53.880001,2023-07-18,54.240002,52.820000,53.680000,2172463
52.810001,52.810001,2023-07-19,53.869999,52.320000,53.820000,1362606
51.900002,51.900002,2023-07-20,53.660000,51.849998,53.090000,1355151
50.950001,50.950001,2023-07-21,52.389999,50.950001,51.790001,1376504
50.660000,50.660000,2023-07-24,51.299999,50.259998,50.740002,997961
52.320000,52.320000,2023-07-25,52.580002,50.580002,51.299999,2038807
51.360001,51.360001,2023-07-26,52.490002,51.200001,52.360001,1440117
51.730000,51.730000,2023-07-27,53.910000,51.410000,52.910000,2220138
50.090000,50.090000,2023-07-28,51.700001,50.000000,51.700001,2465203
51.000000,51.000000,2023-07-31,51.799999,50.259998,50.450001,1556278
49.980000,49.980000,2023-08-01,51.000000,49.299999,51.000000,1911126
50.259998,50.259998,2023-08-02,50.750000,49.830002,49.980000,905718
49.389999,49.389999,2023-08-03,50.500000,48.720001,50.500000,1739685
49.869999,49.869999,2023-08-04,50.369999,49.250000,49.520000,1072676
49.490002,49.490002,2023-08-07,50.009998,49.230000,49.590000,853344
48.349998,48.349998,2023-08-08,49.869999,48.290001,49.480000,1138951
48.389999,48.389999,2023-08-09,48.650002,47.880001,48.049999,817291
48.419998,48.419998,2023-08-10,49.349998,48.049999,48.540001,822147
47.599998,47.599998,2023-08-11,48.830002,47.360001,48.200001,991323
46.619999,46.619999,2023-08-14,47.500000,45.770000,46.070000,1336816
45.099998,45.099998,2023-08-15,47.119999,44.720001,46.790001,1636059
43.919998,43.919998,2023-08-16,45.619999,43.799999,45.110001,1197056
44.980000,44.980000,2023-08-17,45.310001,43.400002,43.610001,1431067
44.939999,44.939999,2023-08-18,45.779999,44.770000,44.980000,1313209
43.740002,43.740002,2023-08-21,45.090000,43.730000,44.619999,857787
43.459999,43.459999,2023-08-22,44.570000,42.560001,44.189999,1261896
41.680000,41.680000,2023-08-23,43.700001,41.680000,43.700001,1503800
42.299999,42.299999,2023-08-24,43.200001,41.619999,41.619999,1658936
41.119999,41.119999,2023-08-25,42.439999,40.910000,42.439999,1425295
40.610001,40.610001,2023-08-28,44.200001,40.560001,44.099998,2050501
42.799999,42.799999,2023-08-29,43.639999,40.439999,40.540001,3117134
43.889999,43.889999,2023-08-30,44.299999,42.639999,42.639999,2129767
41.889999,41.889999,2023-08-31,42.740002,41.110001,41.700001,3644525
41.549999,41.549999,2023-09-01,42.889999,41.299999,42.889999,1557162
41.209999,41.209999,2023-09-04,42.080002,40.360001,41.730000,2349215
41.330002,41.330002,2023-09-05,41.860001,40.779999,41.250000,1544105
42.580002,42.580002,2023-09-06,42.860001,41.060001,41.419998,2357663
41.299999,41.299999,2023-09-07,42.689999,40.660000,42.680000,2013045
40.500000,40.500000,2023-09-08,41.220001,40.099998,40.799999,1198977
41.439999,41.439999,2023-09-11,41.799999,40.299999,40.860001,1361688
41.459999,41.459999,2023-09-12,41.889999,41.160000,41.470001,944135
40.330002,40.330002,2023-09-13,41.790001,40.009998,41.599998,1239598
39.060001,39.060001,2023-09-14,40.490002,38.669998,40.490002,1527436
39.090000,39.090000,2023-09-15,40.040001,38.709999,39.209999,1209340
39.770000,39.770000,2023-09-18,40.759998,38.540001,38.919998,1490745
39.380001,39.380001,2023-09-19,39.919998,39.029999,39.639999,911517
38.549999,38.549999,2023-09-20,39.340000,38.549999,39.090000,1121206
38.049999,38.049999,2023-09-21,38.669998,37.840000,38.470001,1101569
39.240002,39.240002,2023-09-22,39.500000,37.630001,38.130001,1778070
38.740002,38.740002,2023-09-25,39.419998,38.599998,39.290001,1242942
38.639999,38.639999,2023-09-26,38.990002,38.209999,38.820000,957220
38.689999,38.689999,2023-09-27,39.779999,38.200001,38.700001,1185487
39.130001,39.130001,2023-09-28,39.549999,38.779999,39.000000,1053755
39.970001,39.970001,2023-10-09,40.599998,39.270000,39.549999,1704935
46.900002,46.900002,2023-10-10,47.889999,40.139999,40.139999,7826578
45.450001,45.450001,2023-10-11,46.200001,44.889999,45.480000,5385821
43.669998,43.669998,2023-10-12,45.860001,43.500000,45.860001,4051137
43.380001,43.380001,2023-10-13,44.290001,43.000000,43.310001,2049413
42.299999,42.299999,2023-10-16,43.779999,41.840000,43.500000,2568886
42.480000,42.480000,2023-10-17,42.759998,41.740002,42.310001,1758098
42.029999,42.029999,2023-10-18,42.299999,41.520000,42.000000,1110167
41.040001,41.040001,2023-10-19,42.189999,41.009998,41.919998,1859246
40.570000,40.570000,2023-10-20,41.389999,40.000000,40.020000,1075881
38.750000,38.750000,2023-10-23,40.540001,38.419998,40.060001,2072274
39.029999,39.029999,2023-10-24,39.820000,38.270000,38.660000,1765476
39.610001,39.610001,2023-10-25,40.509998,39.169998,39.169998,1435825
40.380001,40.380001,2023-10-26,40.419998,38.570000,39.810001,1382739
38.220001,38.220001,2023-10-27,39.779999,36.599998,39.509998,4797019
40.150002,40.150002,2023-10-30,40.200001,37.380001,37.930000,2588643
39.369999,39.369999,2023-10-31,40.369999,39.029999,40.180000,1425655
38.980000,38.980000,2023-11-01,39.779999,38.400002,39.400002,1582087
38.009998,38.009998,2023-11-02,39.230000,38.000000,38.980000,1262724
38.990002,38.990002,2023-11-03,39.250000,38.009998,38.180000,1451149
41.099998,41.099998,2023-11-06,41.330002,39.000000,39.000000,2112293
41.610001,41.610001,2023-11-07,42.169998,40.709999,41.189999,1737250
42.230000,42.230000,2023-11-08,42.990002,41.230000,41.580002,2853472
41.279999,41.279999,2023-11-09,42.480000,41.150002,42.099998,1313970
41.250000,41.250000,2023-11-10,41.520000,40.660000,41.049999,1029531
42.689999,42.689999,2023-11-13,42.950001,40.840000,41.250000,1928209
46.779999,46.779999,2023-11-14,47.209999,42.759998,42.759998,5978095
47.490002,47.490002,2023-11-15,48.430000,45.180000,47.939999,6475070
47.830002,47.830002,2023-11-16,50.000000,47.000000,49.930000,5444441
46.419998,46.419998,2023-11-17,48.200001,45.950001,47.000000,2997262
45.200001,45.200001,2023-11-20,46.790001,45.000000,46.290001,3294461
44.570000,44.570000,2023-11-21,45.570000,44.500000,45.259998,1540599
43.750000,43.750000,2023-11-22,44.709999,43.619999,44.650002,1059278
45.290001,45.290001,2023-11-23,46.169998,43.369999,43.369999,2094648
43.520000,43.520000,2023-11-24,44.990002,43.180000,44.930000,1376749
44.130001,44.130001,2023-11-27,44.970001,43.110001,43.700001,1512025
44.959999,44.959999,2023-11-28,45.080002,43.619999,44.150002,1256511
44.520000,44.520000,2023-11-29,47.430000,44.259998,45.189999,1964080
43.750000,43.750000,2023-11-30,44.700001,42.900002,44.250000,1461932
43.529999,43.529999,2023-12-01,43.930000,43.040001,43.750000,1081538
44.349998,44.349998,2023-12-04,44.759998,42.970001,43.520000,1380123
45.500000,45.500000,2023-12-05,45.990002,43.599998,44.000000,2243173
45.700001,45.700001,2023-12-06,46.759998,44.950001,44.950001,2098762
44.410000,44.410000,2023-12-07,45.360001,44.299999,45.160000,1176762
42.759998,42.759998,2023-12-08,44.980000,42.700001,44.240002,1535698
41.799999,41.799999,2023-12-11,43.270000,40.799999,43.270000,2455663
40.400002,40.400002,2023-12-12,41.790001,39.020000,41.779999,3519432
39.709999,39.709999,2023-12-13,40.790001,39.480000,40.770000,1489835
39.099998,39.099998,2023-12-14,40.299999,39.020000,39.689999,1043270
39.660000,39.660000,2023-12-15,40.130001,39.049999,39.049999,1095478
38.410000,38.410000,2023-12-18,40.099998,38.400002,39.700001,938877
38.790001,38.790001,2023-12-19,39.150002,38.150002,38.580002,568994
38.349998,38.349998,2023-12-20,38.970001,38.310001,38.490002,582426
38.750000,38.750000,2023-12-21,39.000000,37.070000,38.299999,1604256
38.250000,38.250000,2023-12-22,39.410000,37.959999,38.779999,1081735
39.340000,39.340000,2023-12-25,39.389999,38.139999,38.250000,1280806
38.509998,38.509998,2023-12-26,39.299999,38.500000,39.299999,836911
37.419998,37.419998,2023-12-27,38.790001,37.349998,38.509998,1301532
39.520000,39.520000,2023-12-28,39.770000,37.130001,37.419998,2051132
40.180000,40.180000,2023-12-29,40.349998,39.500000,39.500000,1300479
40.000000,40.000000,2024-01-02,40.500000,40.000000,40.000000,1214241
39.869999,39.869999,2024-01-03,40.139999,39.509998,39.990002,972941
39.639999,39.639999,2024-01-04,40.200001,39.220001,40.000000,956252
37.470001,37.470001,2024-01-05,40.380001,37.110001,39.700001,1980613
35.669998,35.669998,2024-01-08,37.400002,35.669998,37.400002,1551063
34.610001,34.610001,2024-01-09,36.200001,34.560001,35.849998,1956563
33.799999,33.799999,2024-01-10,35.189999,33.389999,34.509998,1862108
35.459999,35.459999,2024-01-11,35.799999,33.849998,33.849998,1365875
35.080002,35.080002,2024-01-12,36.000000,34.900002,36.000000,977169
35.080002,35.080002,2024-01-15,35.080002,35.080002,35.080002,0
34.680000,34.680000,2024-01-16,34.990002,34.110001,34.549999,693939
33.270000,33.270000,2024-01-17,34.650002,33.259998,34.650002,856321
33.340000,33.340000,2024-01-18,33.799999,32.060001,33.070000,1370517
32.529999,32.529999,2024-01-19,33.799999,32.470001,33.310001,932657
30.500000,30.500000,2024-01-22,32.720001,29.690001,32.720001,2154908
31.080000,31.080000,2024-01-23,31.450001,29.590000,30.059999,1546404
30.580000,30.580000,2024-01-24,31.639999,29.450001,31.070000,1550459
31.379999,31.379999,2024-01-25,31.799999,30.219999,30.600000,1126128
30.510000,30.510000,2024-01-26,31.500000,30.370001,31.270000,1025621
29.000000,29.000000,2024-01-29,31.150000,29.000000,30.650000,1122233
28.299999,28.299999,2024-01-30,29.959999,28.250000,29.160000,1364680
26.549999,26.549999,2024-01-31,28.680000,26.299999,28.400000,1700780
25.650000,25.650000,2024-02-01,26.690001,25.299999,26.350000,2496374
24.230000,24.230000,2024-02-02,26.420000,23.129999,25.660000,2574732
21.010000,21.010000,2024-02-05,24.440001,20.120001,24.049999,3674049
22.400000,22.400000,2024-02-06,23.000000,19.200001,20.799999,4247778
22.750000,22.750000,2024-02-07,23.510000,22.110001,22.850000,5740632
26.100000,26.100000,2024-02-08,27.200001,22.530001,22.570000,5239276
26.030001,26.030001,2024-02-19,26.920000,25.059999,26.299999,3964497
26.100000,26.100000,2024-02-20,26.299999,25.240000,25.760000,1857161
27.010000,27.010000,2024-02-21,28.100000,25.450001,25.450001,3043791
27.700001,27.700001,2024-02-22,27.930000,26.980000,27.100000,2138675
28.590000,28.590000,2024-02-23,28.680000,27.600000,27.730000,1844310
28.740000,28.740000,2024-02-26,29.530001,28.500000,29.100000,1912454
30.190001,30.190001,2024-02-27,30.469999,28.209999,28.850000,3138986
27.469999,27.469999,2024-02-28,30.980000,27.459999,30.490000,3601017
28.750000,28.750000,2024-02-29,28.799999,27.020000,27.020000,2204315
29.440001,29.440001,2024-03-01,29.660000,28.540001,28.799999,1794546
29.280001,29.280001,2024-03-04,30.290001,28.530001,29.440001,1825913
28.510000,28.510000,2024-03-05,29.299999,28.270000,29.190001,1684012
28.740000,28.740000,2024-03-06,29.200001,27.910000,28.299999,1136573
27.900000,27.900000,2024-03-07,29.049999,27.900000,28.740000,1334541
28.469999,28.469999,2024-03-08,28.700001,27.840000,27.860001,1197487
29.879999,29.879999,2024-03-11,29.879999,28.180000,28.469999,2271180
30.350000,30.350000,2024-03-12,30.490000,29.450001,30.299999,1860300
30.580000,30.580000,2024-03-13,31.100000,30.160000,30.400000,2023697
30.600000,30.600000,2024-03-14,30.870001,30.000000,30.870001,1551025
31.400000,31.400000,2024-03-15,31.840000,30.299999,30.400000,2483211
33.099998,33.099998,2024-03-18,33.160000,31.400000,32.000000,2893351
32.970001,32.970001,2024-03-19,33.919998,32.099998,32.930000,2880199
32.549999,32.549999,2024-03-20,33.750000,32.400002,33.000000,2193836
32.340000,32.340000,2024-03-21,33.000000,31.820000,32.599998,2021283
33.340000,33.340000,2024-03-22,33.840000,31.500000,32.180000,3192718
31.490000,31.490000,2024-03-25,34.490002,31.200001,33.580002,4036217
31.389999,31.389999,2024-03-26,32.310001,30.610001,30.680000,1946140
28.400000,28.400000,2024-03-27,31.900000,28.400000,31.900000,3352327
30.100000,30.100000,2024-03-28,30.280001,28.680000,28.680000,3602060
30.840000,30.840000,2024-03-29,32.450001,29.820000,31.000000,3661928
