adj_close,close,date,high,low,open,volume
2.791954,3.215509,2000-01-04,3.256143,3.061099,3.117987,1653061
2.829588,3.258852,2000-01-05,3.326575,3.180293,3.210091,3293113
2.890743,3.329284,2000-01-06,3.331993,3.183002,3.220927,3376404
2.954250,3.402426,2000-01-07,3.434933,3.313031,3.359083,6786080
3.048334,3.510783,2000-01-10,3.602887,3.348247,3.440351,8293047
2.864869,3.299486,2000-01-11,3.494529,3.256143,3.494529,4632553
2.763729,3.183002,2000-01-12,3.350956,3.142368,3.291359,4603364
2.740207,3.155912,2000-01-13,3.223636,3.145076,3.183002,1310177
2.740207,3.155912,2000-01-14,3.210091,3.128823,3.155912,1440306
2.789602,3.212800,2000-01-17,3.223636,3.142368,3.142368,1005501
2.716687,3.128823,2000-01-18,3.223636,3.123405,3.204673,1773252
2.735503,3.150494,2000-01-19,3.212800,3.093607,3.104442,1191411
2.775489,3.196546,2000-01-20,3.210091,3.115278,3.142368,1696650
2.787250,3.210091,2000-01-21,3.261561,3.136950,3.196546,2972234
2.735503,3.150494,2000-01-24,3.196546,3.061099,3.193837,3909808
2.773137,3.193837,2000-01-25,3.277814,3.153203,3.153203,3294719
2.761377,3.180293,2000-01-26,3.234471,3.142368,3.196546,1268903
2.848404,3.280523,2000-01-27,3.372627,3.196546,3.223636,8484996
2.928376,3.372627,2000-01-28,3.434933,3.304904,3.304904,9362898
2.928376,3.372627,2000-01-31,3.434933,3.304904,3.304904,0
2.928376,3.372627,2000-02-01,3.434933,3.304904,3.304904,0
2.928376,3.372627,2000-02-02,3.434933,3.304904,3.304904,0
2.928376,3.372627,2000-02-03,3.434933,3.304904,3.304904,0
2.928376,3.372627,2000-02-04,3.434933,3.304904,3.304904,0
2.928376,3.372627,2000-02-07,3.434933,3.304904,3.304904,0
2.928376,3.372627,2000-02-08,3.434933,3.304904,3.304904,0
2.928376,3.372627,2000-02-09,3.434933,3.304904,3.304904,0
2.928376,3.372627,2000-02-10,3.434933,3.304904,3.304904,0
2.928376,3.372627,2000-02-11,3.434933,3.304904,3.304904,0
3.222390,3.711245,2000-02-14,3.711245,3.443060,3.516201,12475841
3.107137,3.578507,2000-02-15,3.927960,3.548708,3.738334,16866728
3.116545,3.589342,2000-02-16,3.662484,3.494529,3.543290,10783218
2.869574,3.304904,2000-02-17,3.838565,3.304904,3.635394,11366698
2.991884,3.445769,2000-02-18,3.453895,3.250725,3.264270,5319538
3.029518,3.489112,2000-02-21,3.624558,3.440351,3.491821,7362043
2.907207,3.348247,2000-02-22,3.516201,3.331993,3.494529,4261411
2.888390,3.326575,2000-02-23,3.386172,3.277814,3.331993,3089838
2.935433,3.380754,2000-02-24,3.386172,3.326575,3.331993,2158816
2.963658,3.413261,2000-02-25,3.516201,3.331993,3.407843,5243623
3.140066,3.616432,2000-02-28,3.643521,3.491821,3.494529,12465401
3.062447,3.527037,2000-02-29,3.724789,3.440351,3.673319,9691262
3.133010,3.608305,2000-03-01,3.751879,3.548708,3.548708,10076358
3.445841,3.968594,2000-03-02,3.968594,3.643521,3.657066,49038424
3.391742,3.906288,2000-03-03,3.998392,3.792513,3.914415,21042792
3.081263,3.548708,2000-03-06,4.036317,3.516201,4.009228,14221946
3.125953,3.600178,2000-03-07,3.657066,3.505365,3.545999,5575919
3.210630,3.697700,2000-03-08,3.724789,3.600178,3.657066,5879699
3.210630,3.697700,2000-03-09,3.724789,3.548708,3.697700,5799073
3.128306,3.602887,2000-03-10,3.724789,3.562253,3.713953,4392315
3.149474,3.627267,2000-03-13,3.651648,3.548708,3.575798,2904333
3.010700,3.467440,2000-03-14,3.545999,3.383463,3.521619,7484032
3.048334,3.510783,2000-03-15,3.586633,3.426806,3.467440,4082153
2.928376,3.372627,2000-03-16,3.497238,3.345538,3.489112,3212103
3.093024,3.562253,2000-03-17,3.611014,3.359083,3.372627,4452763
3.175349,3.657066,2000-03-20,3.697700,3.467440,3.548708,5489376
3.128306,3.602887,2000-03-21,3.678737,3.556835,3.657066,3759499
3.144770,3.621850,2000-03-22,3.708536,3.602887,3.708536,2292976
3.191812,3.676028,2000-03-23,3.684155,3.567671,3.624558,4945107
3.151826,3.629976,2000-03-24,3.765423,3.602887,3.711245,7788960
3.222390,3.711245,2000-03-27,3.765423,3.632685,3.632685,4868081
3.328235,3.833147,2000-03-28,3.846691,3.684155,3.760005,7341825
3.245911,3.738334,2000-03-29,3.873781,3.703118,3.846691,3850187
3.281193,3.778968,2000-03-30,3.843982,3.738334,3.751879,4547265
3.222390,3.711245,2000-03-31,3.768132,3.684155,3.765423,4157924
3.210630,3.697700,2000-04-03,3.792513,3.684155,3.697700,2918538
3.104785,3.575798,2000-04-04,3.686864,3.548708,3.684155,4072201
3.196517,3.681446,2000-04-05,3.684155,3.570380,3.570380,1793887
3.269432,3.765423,2000-04-06,3.792513,3.678737,3.678737,4316444
3.335292,3.841274,2000-04-07,3.946922,3.762714,3.789804,10226243
3.351756,3.860236,2000-04-10,3.892743,3.795222,3.841274,4048032
3.335292,3.841274,2000-04-11,3.873781,3.765423,3.868363,3848157
3.257672,3.751879,2000-04-12,3.833147,3.689573,3.819602,2419202
3.269432,3.765423,2000-04-13,3.787095,3.657066,3.657066,2122806
3.222390,3.711245,2000-04-14,3.765423,3.678737,3.765423,2567515
3.135362,3.611014,2000-04-17,3.711245,3.570380,3.684155,3261931
3.168292,3.648939,2000-04-18,3.678737,3.602887,3.611014,1781299
3.335292,3.841274,2000-04-19,3.895452,3.648939,3.648939,8708479
3.337643,3.843982,2000-04-20,3.862945,3.778968,3.846691,5037029
3.321179,3.825020,2000-04-21,4.003810,3.797931,3.846691,6606655
3.434081,3.955049,2000-04-24,4.123003,3.873781,3.873781,12291119
3.368221,3.879199,2000-04-25,3.998392,3.822311,3.995683,4276262
3.295306,3.795222,2000-04-26,3.927960,3.778968,3.879199,3240528
3.304714,3.806057,2000-04-27,3.887325,3.765423,3.806057,3415755
3.537573,4.074242,2000-04-28,4.123003,3.860236,3.873781,19671882
3.537573,4.074242,2000-05-01,4.123003,3.860236,3.873781,0
3.537573,4.074242,2000-05-02,4.123003,3.860236,3.873781,0
3.537573,4.074242,2000-05-03,4.123003,3.860236,3.873781,0
3.537573,4.074242,2000-05-04,4.123003,3.860236,3.873781,0
3.537573,4.074242,2000-05-05,4.123003,3.860236,3.873781,0
3.744559,4.312629,2000-05-08,4.410150,4.036317,4.147384,18291884
3.622249,4.171764,2000-05-09,4.388479,4.144675,4.301793,10991816
3.478770,4.006519,2000-05-10,4.277413,3.968594,4.198853,8864950
3.335292,3.841274,2000-05-11,4.036317,3.795222,4.006519,5286872
3.354108,3.862945,2000-05-12,4.003810,3.573089,3.846691,5280785
3.222390,3.711245,2000-05-15,3.890034,3.678737,3.862945,3383986
3.283545,3.781677,2000-05-16,3.792513,3.716662,3.719371,2102861
3.297658,3.797931,2000-05-17,3.846691,3.741043,3.814184,2031102
3.398798,3.914415,2000-05-18,3.914415,3.746461,3.770841,3373285
3.504643,4.036317,2000-05-19,4.055280,3.860236,3.860236,6891782
3.598728,4.144675,2000-05-22,4.215107,3.995683,4.063406,9672772
3.626953,4.177182,2000-05-23,4.212398,4.036317,4.198853,7781436
3.619896,4.169055,2000-05-24,4.231361,4.087787,4.225943,6103207
3.619896,4.169055,2000-05-25,4.169055,4.169055,4.169055,0
3.528164,4.063406,2000-05-26,4.334300,4.009228,4.323464,6074782
3.539925,4.076951,2000-05-29,4.144675,4.022772,4.117585,5473034
3.681051,4.239487,2000-05-30,4.271995,4.063406,4.117585,8007916
3.716332,4.280121,2000-05-31,4.399315,4.188018,4.247614,10980838
3.664586,4.220525,2000-06-01,4.326173,4.144675,4.280121,4668722
3.641065,4.193435,2000-06-02,4.258450,4.136548,4.171764,4009294
3.539925,4.076951,2000-06-05,4.231361,4.063406,4.198853,3359087
3.575207,4.117585,2000-06-06,4.160928,4.066115,4.066115,2642160
3.582263,4.125712,2000-06-07,4.198853,4.104041,4.144675,2509175
3.514052,4.047153,2000-06-08,4.171764,4.033608,4.125712,3563562
3.514052,4.047153,2000-06-09,4.117585,3.982138,4.047153,4579100
3.561094,4.101332,2000-06-12,4.104041,3.963176,3.998392,2568726
3.634009,4.185309,2000-06-13,4.225943,4.104041,4.144675,4943228
3.575207,4.117585,2000-06-14,4.201562,4.068824,4.198853,3419184
3.561094,4.101332,2000-06-15,4.128421,4.036317,4.117585,2327882
3.528164,4.063406,2000-06-16,4.158219,4.009228,4.101332,2413045
3.481123,4.009228,2000-06-19,4.063406,3.984847,4.063406,1620697
3.457601,3.982138,2000-06-20,3.995683,3.922542,3.995683,1927858
3.481123,4.009228,2000-06-21,4.057989,3.955049,3.955049,1170790
3.481123,4.009228,2000-06-22,4.049862,3.955049,4.036317,1589504
3.525812,4.060698,2000-06-23,4.060698,3.995683,4.009228,2439616
3.528164,4.063406,2000-06-26,4.104041,4.025481,4.063406,2033461
3.478770,4.006519,2000-06-27,4.063406,3.982138,4.063406,2015974
3.457601,3.982138,2000-06-28,4.057989,3.965885,4.006519,1904731
3.452897,3.976720,2000-06-29,4.009228,3.900870,3.984847,2914939
3.375277,3.887325,2000-06-30,3.976720,3.887325,3.976720,2236492
3.292953,3.792513,2000-07-03,3.862945,3.792513,3.843982,2268660
3.429375,3.949631,2000-07-04,3.949631,3.778968,3.792513,1731339
3.354108,3.862945,2000-07-05,3.957758,3.846691,3.927960,1254897
3.311770,3.814184,2000-07-06,3.911706,3.792513,3.862945,1840551
3.339995,3.846691,2000-07-07,3.873781,3.806057,3.814184,1289815
3.405855,3.922542,2000-07-10,3.946922,3.797931,3.846691,2337654
3.398798,3.914415,2000-07-11,3.968594,3.873781,3.941504,1704741
3.417615,3.936086,2000-07-12,3.946922,3.887325,3.927960,1304356
3.525812,4.060698,2000-07-13,4.090496,3.919833,3.927960,3779547
3.563447,4.104041,2000-07-14,4.242196,4.060698,4.085078,11972367
3.539925,4.076951,2000-07-17,4.139257,4.036317,4.131130,4231695
3.523461,4.057989,2000-07-18,4.104041,4.039026,4.076951,1897603
3.499939,4.030899,2000-07-19,4.085078,4.014646,4.063406,1569969
3.492882,4.022772,2000-07-20,4.057989,4.009228,4.033608,1662614
3.504643,4.036317,2000-07-21,4.063406,4.011937,4.030899,1534180
3.469362,3.995683,2000-07-24,4.079660,3.927960,4.052571,1721268
3.467010,3.992974,2000-07-25,4.022772,3.930668,3.982138,1321218
3.476418,4.003810,2000-07-26,4.057989,3.976720,3.992974,1383069
3.542276,4.079660,2000-07-27,4.104041,3.995683,4.014646,3145081
3.582263,4.125712,2000-07-28,4.147384,4.076951,4.090496,3954841
3.575207,4.117585,2000-07-31,4.190727,4.090496,4.171764,2648783
3.659883,4.215107,2000-08-01,4.266577,4.123003,4.131130,7372140
3.636362,4.188018,2000-08-02,4.247614,4.171764,4.225943,2211656
3.598728,4.144675,2000-08-03,4.274704,4.123003,4.188018,4391307
3.598728,4.144675,2000-08-04,4.204271,4.068824,4.144675,4902334
3.711630,4.274704,2000-08-07,4.304502,4.166346,4.166346,7193819
3.669291,4.225943,2000-08-08,4.320756,4.188018,4.280121,4628581
3.622249,4.171764,2000-08-09,4.263868,4.144675,4.225943,4653690
3.984473,4.588940,2000-08-10,4.588940,4.301793,4.415568,16225982
3.951544,4.551015,2000-08-11,4.816491,4.513090,4.740641,26411852
3.942137,4.540180,2000-08-14,4.656664,4.496837,4.523926,10317157
3.916262,4.510381,2000-08-15,4.624157,4.483292,4.545597,5837833
3.977417,4.580814,2000-08-16,4.605194,4.496837,4.551015,4397324
3.909206,4.502254,2000-08-17,4.602485,4.483292,4.580814,3414031
3.862164,4.448076,2000-08-18,4.588940,4.442658,4.518508,4313129
3.930376,4.526635,2000-08-21,4.551015,4.464329,4.464329,2788790
3.829234,4.410150,2000-08-22,4.586231,4.391188,4.534762,3107369
3.824531,4.404733,2000-08-23,4.496837,4.242196,4.418277,7251310
3.824531,4.404733,2000-08-24,4.442658,4.334300,4.410150,3226471
3.904503,4.496837,2000-08-25,4.504963,4.402024,4.418277,3139407
3.951544,4.551015,2000-08-28,4.591649,4.507672,4.551015,3431252
3.928023,4.523926,2000-08-29,4.551015,4.483292,4.551015,1981562
3.810418,4.388479,2000-08-30,4.518508,4.339718,4.518508,3298669
3.692812,4.253032,2000-08-31,4.383061,4.242196,4.337009,4387520
3.662234,4.217816,2000-09-01,4.304502,4.198853,4.228652,3098808
3.716332,4.280121,2000-09-04,4.280121,4.198853,4.220525,1466316
3.610488,4.158219,2000-09-05,4.299084,4.095914,4.282830,1628066
3.579911,4.123003,2000-09-06,4.198853,4.104041,4.117585,1672419
3.669291,4.225943,2000-09-07,4.277413,4.144675,4.144675,2323593
3.692812,4.253032,2000-09-08,4.328882,4.198853,4.247614,2236134
3.692812,4.253032,2000-09-11,4.293666,4.188018,4.253032,935134
3.704573,4.266577,2000-09-12,4.280121,4.225943,4.247614,874084
3.673996,4.231361,2000-09-13,4.280121,4.147384,4.253032,1204759
3.673996,4.231361,2000-09-14,4.274704,4.155510,4.231361,1314858
3.692812,4.253032,2000-09-15,4.253032,4.158219,4.204271,814440
3.641065,4.193435,2000-09-18,4.258450,4.085078,4.212398,808065
3.586967,4.131130,2000-09-19,4.166346,4.063406,4.158219,1500318
3.579911,4.123003,2000-09-20,4.198853,4.063406,4.117585,718990
3.539925,4.076951,2000-09-21,4.166346,4.068824,4.123003,606695
3.469362,3.995683,2000-09-22,4.076951,3.976720,4.076951,1167594
3.455249,3.979429,2000-09-25,4.036317,3.955049,3.963176,552471
3.455249,3.979429,2000-09-26,4.036317,3.955049,3.982138,550031
3.525812,4.060698,2000-09-27,4.068824,3.982138,4.009228,1035195
3.412910,3.930668,2000-09-28,4.063406,3.930668,4.055280,799206
3.443489,3.965885,2000-09-29,4.003810,3.933377,3.933377,685519
3.443489,3.965885,2000-10-02,4.003810,3.933377,3.933377,0
3.443489,3.965885,2000-10-03,4.003810,3.933377,3.933377,0
3.443489,3.965885,2000-10-04,4.003810,3.933377,3.933377,0
3.443489,3.965885,2000-10-05,4.003810,3.933377,3.933377,0
3.443489,3.965885,2000-10-06,4.003810,3.933377,3.933377,0
3.504643,4.036317,2000-10-09,4.047153,3.941504,3.968594,603443
3.565798,4.106749,2000-10-10,4.117585,4.009228,4.036317,1139369
3.551686,4.090496,2000-10-11,4.117585,4.036317,4.106749,878661
3.518756,4.052571,2000-10-12,4.085078,3.998392,4.063406,816227
3.537573,4.074242,2000-10-13,4.114876,4.022772,4.055280,828099
3.469362,3.995683,2000-10-16,4.098623,3.968594,4.093205,822133
3.497587,4.028190,2000-10-17,4.036317,3.968594,3.974011,412191
3.549334,4.087787,2000-10-18,4.104041,4.022772,4.028190,889352
3.549334,4.087787,2000-10-19,4.101332,4.022772,4.101332,850691
3.645769,4.198853,2000-10-20,4.220525,4.041735,4.063406,3411565
3.676347,4.234070,2000-10-23,4.253032,4.177182,4.215107,2084152
3.641065,4.193435,2000-10-24,4.247614,4.158219,4.239487,1277607
3.659883,4.215107,2000-10-25,4.269286,4.179891,4.179891,1772380
3.619896,4.169055,2000-10-26,4.250323,4.144675,4.247614,1131997
3.669291,4.225943,2000-10-27,4.225943,4.066115,4.169055,1618124
3.676347,4.234070,2000-10-30,4.266577,4.152801,4.193435,1605769
3.626953,4.177182,2000-10-31,4.293666,4.171764,4.234070,1264019
3.643417,4.196144,2000-11-01,4.212398,4.123003,4.158219,725258
3.697516,4.258450,2000-11-02,4.285539,4.201562,4.225943,2354136
3.768079,4.339718,2000-11-03,4.605194,4.266577,4.266577,8217774
3.763375,4.334300,2000-11-06,4.385770,4.293666,4.383061,2154800
3.782192,4.355972,2000-11-07,4.374934,4.307211,4.334300,1078226
3.810418,4.388479,2000-11-08,4.388479,4.328882,4.361390,1625482
3.843347,4.426404,2000-11-09,4.437240,4.334300,4.388479,3001272
3.904503,4.496837,2000-11-10,4.561851,4.399315,4.445367,7171581
3.928023,4.523926,2000-11-13,4.578105,4.469747,4.523926,4847844
3.930376,4.526635,2000-11-14,4.548306,4.442658,4.529344,3054447
4.005643,4.613321,2000-11-15,4.740641,4.486001,4.537471,10714472
4.226741,4.867961,2000-11-16,5.006117,4.551015,4.551015,19433708
4.151473,4.781275,2000-11-17,4.867961,4.702716,4.843581,8697511
4.233798,4.876088,2000-11-20,4.951938,4.762312,4.781275,6033992
4.109136,4.732514,2000-11-21,4.924849,4.713552,4.924849,4679882
4.099726,4.721678,2000-11-22,4.762312,4.659373,4.735223,4171675
4.104431,4.727096,2000-11-23,4.848998,4.686462,4.848998,3894356
3.869220,4.456202,2000-11-24,4.765021,4.442658,4.727096,7826860
3.928023,4.523926,2000-11-27,4.551015,4.456202,4.469747,3424463
4.019754,4.629574,2000-11-28,4.653955,4.429113,4.523926,2836742
3.930376,4.526635,2000-11-29,4.629574,4.480583,4.626866,2222882
3.951544,4.551015,2000-11-30,4.597067,4.477874,4.521217,1861437
4.005643,4.613321,2000-12-01,4.651246,4.561851,4.564560,2745891
4.033867,4.645828,2000-12-04,4.670209,4.583523,4.659373,1635341
3.998586,4.605194,2000-12-05,4.683753,4.572687,4.632283,1477302
3.963304,4.564560,2000-12-06,4.662082,4.551015,4.572687,2782001
4.113840,4.737932,2000-12-07,4.737932,4.523926,4.551015,6170838
4.045629,4.659373,2000-12-08,4.876088,4.659373,4.762312,5371001
3.951544,4.551015,2000-12-11,4.678335,4.339718,4.645828,2502918
3.944487,4.542888,2000-12-12,4.559142,4.469747,4.542888,1703789
3.897446,4.488710,2000-12-13,4.540180,4.456202,4.523926,2119889
3.904503,4.496837,2000-12-14,4.551015,4.477874,4.496837,1350857
3.899798,4.491419,2000-12-15,4.569978,4.469747,4.469747,1200093
3.963304,4.564560,2000-12-18,4.564560,4.469747,4.491419,1263982
3.993880,4.599776,2000-12-19,4.694589,4.556433,4.567269,1881180
4.073854,4.691880,2000-12-20,4.713552,4.572687,4.572687,2516857
4.203220,4.840872,2000-12-21,4.992572,4.756895,4.762312,10845242
4.205572,4.843581,2000-12-22,4.930267,4.794820,4.848998,4643103
4.257318,4.903177,2000-12-25,4.992572,4.854416,4.876088,5838849
4.283192,4.932976,2000-12-26,5.038624,4.892341,4.903177,3936878
4.158531,4.789402,2000-12-27,4.984445,4.767730,4.957356,4056711
4.139713,4.767730,2000-12-28,4.830036,4.727096,4.767730,1807213
4.156178,4.786693,2000-12-29,4.870670,4.767730,4.767730,1857517
4.156178,4.786693,2001-01-01,4.870670,4.767730,4.767730,0
4.283192,4.932976,2001-01-02,4.957356,4.797529,4.848998,2934515
4.318474,4.973610,2001-01-03,5.003408,4.881506,4.957356,4217276
4.280840,4.930267,2001-01-04,4.997990,4.876088,4.984445,2688884
4.454895,5.130728,2001-01-05,5.228250,4.957356,4.957356,9018294
4.349050,5.008826,2001-01-08,5.249921,5.008826,5.217414,6253258
4.351403,5.011535,2001-01-09,5.065713,4.916722,4.984445,3422492
4.393741,5.060296,2001-01-10,5.092803,4.987154,5.011535,2323190
4.306713,4.960065,2001-01-11,5.114474,4.932976,4.932976,2959772
4.210276,4.848998,2001-01-12,4.970901,4.821909,4.957356,3501180
4.033867,4.645828,2001-01-15,4.835454,4.583523,4.835454,3705064
4.050334,4.664791,2001-01-16,4.721678,4.469747,4.605194,3067899
3.998586,4.605194,2001-01-17,4.659373,4.605194,4.659373,1136515
4.005643,4.613321,2001-01-18,4.653955,4.551015,4.594358,1198336
4.083262,4.702716,2001-01-19,4.713552,4.621448,4.621448,1787973
4.083262,4.702716,2001-01-22,4.713552,4.621448,4.621448,0
4.083262,4.702716,2001-01-23,4.713552,4.621448,4.621448,0
4.083262,4.702716,2001-01-24,4.713552,4.621448,4.621448,0
4.083262,4.702716,2001-01-25,4.713552,4.621448,4.621448,0
4.083262,4.702716,2001-01-26,4.713552,4.621448,4.621448,0
4.083262,4.702716,2001-01-29,4.713552,4.621448,4.621448,0
4.083262,4.702716,2001-01-30,4.713552,4.621448,4.621448,0
4.083262,4.702716,2001-01-31,4.713552,4.621448,4.621448,0
4.083262,4.702716,2001-02-01,4.713552,4.621448,4.621448,0
4.083262,4.702716,2001-02-02,4.713552,4.621448,4.621448,0
3.880981,4.469747,2001-02-05,4.702716,4.415568,4.681044,2522427
3.946840,4.545597,2001-02-06,4.578105,4.076951,4.418277,2122603
3.899798,4.491419,2001-02-07,4.551015,4.445367,4.551015,588466
3.761023,4.331591,2001-02-08,4.496837,4.328882,4.491419,1077174
3.838643,4.420986,2001-02-09,4.477874,4.361390,4.361390,1007612
3.848051,4.431822,2001-02-12,4.445367,4.339718,4.431822,559610
3.822179,4.402024,2001-02-13,4.469747,4.361390,4.464329,590847
3.824531,4.404733,2001-02-14,4.442658,4.361390,4.407442,453783
3.786897,4.361390,2001-02-15,4.442658,4.361390,4.415568,494548
3.751615,4.320756,2001-02-16,4.334300,4.220525,4.334300,1623340
3.857460,4.442658,2001-02-19,4.513090,4.274704,4.320756,1186642
3.763375,4.334300,2001-02-20,4.491419,4.293666,4.415568,977947
3.739854,4.307211,2001-02-21,4.374934,4.274704,4.339718,1054819
3.772784,4.345136,2001-02-22,4.431822,4.280121,4.280121,584952
3.880981,4.469747,2001-02-23,4.472456,4.345136,4.345136,792838
3.892742,4.483292,2001-02-26,4.496837,4.429113,4.483292,1586455
3.944487,4.542888,2001-02-27,4.556433,4.429113,4.523926,1339794
3.928023,4.523926,2001-02-28,4.578105,4.475165,4.551015,1061467
3.904503,4.496837,2001-03-01,4.529344,4.469747,4.523926,776115
3.930376,4.526635,2001-03-02,4.567269,4.469747,4.469747,1305530
3.932727,4.529344,2001-03-05,4.564560,4.469747,4.551015,1251036
3.970361,4.572687,2001-03-06,4.591649,4.515799,4.515799,1278633
3.963304,4.564560,2001-03-07,4.591649,4.534762,4.580814,772265
3.906854,4.499545,2001-03-08,4.575396,4.483292,4.564560,1364003
3.897446,4.488710,2001-03-09,4.556433,4.472456,4.499545,1678355
3.951544,4.551015,2001-03-12,4.588940,4.415568,4.415568,1054479
3.885685,4.475165,2001-03-13,4.572687,4.456202,4.534762,1021928
3.909206,4.502254,2001-03-14,4.534762,4.469747,4.469747,525652
4.019754,4.629574,2001-03-15,4.629574,4.504963,4.510381,2982423
3.996234,4.602485,2001-03-16,4.653955,4.564560,4.632283,1588497
4.087967,4.708134,2001-03-19,4.727096,4.605194,4.626866,2615744
4.097374,4.718969,2001-03-20,4.743350,4.667500,4.702716,2359592
4.111487,4.735223,2001-03-21,4.754186,4.700007,4.735223,1274787
4.127953,4.754186,2001-03-22,4.754186,4.645828,4.735223,2522619
4.007995,4.616030,2001-03-23,4.767730,4.605194,4.746059,2200700
4.087967,4.708134,2001-03-26,4.713552,4.605194,4.605194,1402745
4.123248,4.748768,2001-03-27,4.789402,4.716260,4.716260,2008587
4.127953,4.754186,2001-03-28,4.767730,4.713552,4.754186,1042611
4.087967,4.708134,2001-03-29,4.789402,4.705425,4.767730,1216528
4.120896,4.746059,2001-03-30,4.754186,4.662082,4.721678,1523674
4.191459,4.827327,2001-04-02,4.857125,4.762312,4.762312,2857045
4.200867,4.838163,2001-04-03,4.859834,4.794820,4.843581,1476224
4.085614,4.705425,2001-04-04,4.848998,4.686462,4.830036,2011389
4.116193,4.740641,2001-04-05,4.740641,4.681044,4.686462,1558570
4.090320,4.710843,2001-04-06,4.762312,4.686462,4.762312,1499949
4.160882,4.792111,2001-04-09,4.792111,4.716260,4.716260,1437290
4.160882,4.792111,2001-04-10,4.792111,4.792111,4.792111,0
4.198516,4.835454,2001-04-11,4.846290,4.762312,4.789402,1362629
4.186755,4.821909,2001-04-12,4.876088,4.773148,4.835454,2224997
4.167939,4.800238,2001-04-13,4.821909,4.754186,4.816491,1213058
4.219685,4.859834,2001-04-16,4.870670,4.794820,4.800238,2541051
4.311419,4.965483,2001-04-17,4.973610,4.865252,4.870670,5019184
4.245559,4.889633,2001-04-18,4.965483,4.881506,4.954647,1762760
4.222037,4.862543,2001-04-19,4.876088,4.789402,4.876088,1841400
4.222037,4.862543,2001-04-20,4.957356,4.821909,4.865252,3413673
4.334938,4.992572,2001-04-23,5.011535,4.835454,4.848998,5796589
4.398445,5.065713,2001-04-24,5.190325,5.011535,5.011535,7665568
4.226741,4.867961,2001-04-25,5.114474,4.848998,5.111765,5617492
4.189107,4.824618,2001-04-26,4.916722,4.819200,4.843581,2561634
4.193812,4.830036,2001-04-27,4.919431,4.821909,4.846290,1686269
4.245559,4.889633,2001-04-30,4.916722,4.827327,4.827327,1770594
4.245559,4.889633,2001-05-01,4.916722,4.827327,4.827327,0
4.245559,4.889633,2001-05-02,4.916722,4.827327,4.827327,0
4.245559,4.889633,2001-05-03,4.916722,4.827327,4.827327,0
4.245559,4.889633,2001-05-04,4.916722,4.827327,4.827327,0
4.245559,4.889633,2001-05-07,4.916722,4.827327,4.827327,0
4.304360,4.957356,2001-05-08,4.957356,4.886924,4.886924,1161938
4.328010,4.957356,2001-05-09,4.970901,4.848998,4.930267,1546990
4.469913,5.119892,2001-05-10,5.119892,4.932976,4.957356,5959173
4.458088,5.106348,2001-05-11,5.201160,5.065713,5.146982,3475749
4.469913,5.119892,2001-05-14,5.146982,5.073840,5.138855,2854317
4.410787,5.052169,2001-05-15,5.146982,5.041333,5.125310,3404094
4.443897,5.090094,2001-05-16,5.092803,4.984445,5.065713,2657694
4.380043,5.016953,2001-05-17,5.079258,5.006117,5.079258,1802023
4.453358,5.100930,2001-05-18,5.128019,4.970901,5.011535,2540995
4.517214,5.174071,2001-05-21,5.193034,5.081967,5.146982,4179438
4.472278,5.122601,2001-05-22,5.214705,5.114474,5.174071,2438959
4.398962,5.038624,2001-05-23,5.136146,4.957356,5.100930,2605187
4.410787,5.052169,2001-05-24,5.079258,5.014244,5.038624,1802200
4.351661,4.984445,2001-05-25,5.073840,4.957356,5.025079,2028975
4.238138,4.854416,2001-05-28,5.087385,4.843581,5.087385,2855436
4.245234,4.862543,2001-05-29,4.916722,4.843581,4.862543,2653837
4.245234,4.862543,2001-05-30,4.862543,4.862543,4.862543,0
4.491198,5.144273,2001-05-31,5.174071,4.973610,4.979027,5783384
4.474642,5.125310,2001-06-01,5.201160,5.119892,5.168653,4879919
4.921633,5.637299,2001-06-04,5.637299,5.144273,5.144273,27217190
4.931094,5.648135,2001-06-05,5.729403,5.553322,5.688769,18894471
4.983126,5.707732,2001-06-06,5.816089,5.621046,5.675225,10172938
4.874334,5.583121,2001-06-07,5.742948,5.566867,5.742948,6022600
4.914539,5.629173,2001-06-08,5.686060,5.528942,5.566867,4677142
4.867239,5.574994,2001-06-11,5.661680,5.526233,5.637299,3198497
5.044616,5.778164,2001-06-12,5.780873,5.547904,5.574994,5711976
5.072996,5.810671,2001-06-13,5.886522,5.715859,5.783582,5902745
4.900348,5.612919,2001-06-14,5.810671,5.580412,5.778164,5982503
4.954745,5.675225,2001-06-15,5.705023,5.566867,5.602083,4153007
4.720607,5.407040,2001-06-18,5.737530,5.385368,5.691478,7898050
4.758447,5.450383,2001-06-19,5.493726,5.312227,5.390786,3829962
4.756082,5.447674,2001-06-20,5.588539,5.444965,5.466636,3005384
4.836494,5.539778,2001-06-21,5.547904,5.420584,5.447674,1454370
4.824667,5.526233,2001-06-22,5.564158,5.515397,5.547904,1624954
4.940554,5.658971,2001-06-25,5.721276,5.539778,5.599374,2596829
4.942920,5.661680,2001-06-26,5.715859,5.602083,5.688769,1860803
4.964204,5.686060,2001-06-27,5.729403,5.623755,5.688769,2658949
5.009140,5.737530,2001-06-28,5.783582,5.661680,5.688769,2638354
4.978395,5.702314,2001-06-29,5.748366,5.637299,5.737530,1626689
4.942920,5.661680,2001-07-02,5.699605,5.634590,5.694187,1223999
4.964204,5.686060,2001-07-03,5.688769,5.637299,5.653553,1401656
4.952379,5.672516,2001-07-04,5.715859,5.661680,5.686060,1348498
4.862509,5.569576,2001-07-05,5.637299,5.542487,5.637299,2832519
4.890889,5.602083,2001-07-06,5.648135,5.499144,5.542487,1964862
4.942920,5.661680,2001-07-09,5.715859,5.580412,5.580412,1627922
5.080092,5.818798,2001-07-10,5.878395,5.669807,5.669807,4566439
4.994950,5.721276,2001-07-11,5.872977,5.705023,5.832343,1759361
5.002045,5.729403,2001-07-12,5.799836,5.650844,5.718568,1376716
5.042250,5.775455,2001-07-13,5.824216,5.694187,5.783582,950117
5.061171,5.797127,2001-07-16,5.835052,5.761911,5.783582,1796275
5.011506,5.740239,2001-07-17,5.821507,5.669807,5.797127,2168093
5.035155,5.767328,2001-07-18,5.770037,5.694187,5.732112,983042
5.061171,5.797127,2001-07-19,5.810671,5.759202,5.770037,997593
5.221993,5.981335,2001-07-20,6.054476,5.799836,5.818798,4377390
5.226724,5.986752,2001-07-23,6.035513,5.905484,6.013842,1745595
5.075360,5.813380,2001-07-24,5.984043,5.802545,5.956954,2933330
5.020966,5.751075,2001-07-25,5.878395,5.740239,5.778164,1961491
4.966569,5.688769,2001-07-26,5.797127,5.688769,5.715859,1446315
4.720607,5.407040,2001-07-27,5.737530,5.388077,5.688769,4117561
4.387136,5.025079,2001-07-30,5.312227,4.989863,5.146982,3016030
4.375311,5.011535,2001-07-31,5.146982,4.960065,4.987154,2039157
4.623640,5.295973,2001-08-01,5.309518,5.025079,5.025079,2143799
4.599989,5.268884,2001-08-02,5.385368,5.146982,5.385368,1865273
4.626005,5.298682,2001-08-03,5.333898,5.065713,5.282429,1193275
4.446261,5.092803,2001-08-06,5.363697,5.073840,5.282429,1402457
4.585800,5.252630,2001-08-07,5.255339,5.073840,5.073840,1024013
4.585800,5.252630,2001-08-08,5.360988,5.182198,5.252630,498350
4.659115,5.336607,2001-08-09,5.358279,5.203869,5.203869,522101
4.758447,5.450383,2001-08-10,5.499144,5.331189,5.331189,1641370
4.824667,5.526233,2001-08-13,5.607501,5.417875,5.431420,1513718
4.730066,5.417875,2001-08-14,5.493726,5.336607,5.472054,1113425
4.741891,5.431420,2001-08-15,5.447674,5.390786,5.417875,931505
4.696956,5.379950,2001-08-16,5.499144,5.366406,5.434129,599866
4.718242,5.404331,2001-08-17,5.442256,5.350152,5.350152,369790
4.772637,5.466636,2001-08-20,5.493726,5.366406,5.493726,303439
4.791557,5.488308,2001-08-21,5.569576,5.447674,5.569576,224383
4.647291,5.323063,2001-08-22,5.469345,5.201160,5.469345,1221216
4.718242,5.404331,2001-08-23,5.415166,5.206578,5.214705,619556
4.666211,5.344734,2001-08-24,5.458509,5.339316,5.417875,599866
4.611815,5.282429,2001-08-27,5.390786,5.214705,5.228250,1283868
4.642562,5.317645,2001-08-28,5.336607,5.092803,5.209287,1608128
4.659115,5.336607,2001-08-29,5.390786,5.298682,5.314936,456060
4.611815,5.282429,2001-08-30,5.363697,5.247212,5.336607,506881
4.630734,5.304100,2001-08-31,5.331189,5.241794,5.282429,236882
4.623640,5.295973,2001-09-03,5.385368,5.255339,5.282429,489180
4.682765,5.363697,2001-09-04,5.379950,5.160526,5.255339,493211
4.673305,5.352861,2001-09-05,5.431420,5.309518,5.415166,536926
4.659115,5.336607,2001-09-06,5.404331,5.304100,5.306809,153229
4.484103,5.136146,2001-09-07,5.331189,5.114474,5.331189,730729
4.682765,5.363697,2001-09-10,5.444965,5.065713,5.119892,715224
4.694591,5.377241,2001-09-11,5.407040,5.344734,5.371823,559998
4.609450,5.279720,2001-09-12,5.350152,5.133437,5.195743,953159
4.687495,5.369115,2001-09-13,5.388077,5.255339,5.282429,376926
4.654386,5.331189,2001-09-14,5.412458,5.309518,5.412458,509502
4.602354,5.271593,2001-09-17,5.363697,5.195743,5.195743,804927
4.628369,5.301391,2001-09-18,5.333898,5.255339,5.331189,261201
4.647291,5.323063,2001-09-19,5.323063,5.214705,5.309518,434919
4.630734,5.304100,2001-09-20,5.344734,5.295973,5.336607,364951
4.616545,5.287846,2001-09-21,5.336607,5.279720,5.282429,437366
4.559783,5.222832,2001-09-24,5.317645,5.195743,5.195743,422674
4.588164,5.255339,2001-09-25,5.282429,5.198451,5.228250,500864
4.552689,5.214705,2001-09-26,5.255339,5.201160,5.255339,516069
4.512483,5.168653,2001-09-27,5.225541,5.011535,5.203869,1794452
4.491198,5.144273,2001-09-28,5.187616,5.098221,5.149691,704733
4.491198,5.144273,2001-10-01,5.187616,5.098221,5.149691,0
4.491198,5.144273,2001-10-02,5.187616,5.098221,5.149691,0
4.491198,5.144273,2001-10-03,5.187616,5.098221,5.149691,0
4.491198,5.144273,2001-10-04,5.187616,5.098221,5.149691,0
4.491198,5.144273,2001-10-05,5.187616,5.098221,5.149691,0
4.363487,4.997990,2001-10-08,5.149691,4.979027,5.149691,732759
4.474642,5.125310,2001-10-09,5.168653,4.954647,4.957356,896218
4.363487,4.997990,2001-10-10,5.125310,4.960065,5.119892,786998
4.292535,4.916722,2001-10-11,5.019662,4.873379,4.984445,1406625
4.394232,5.033206,2001-10-12,5.114474,4.794820,4.916722,1764794
4.370582,5.006117,2001-10-15,5.038624,4.930267,4.957356,246775
4.304361,4.930267,2001-10-16,5.011535,4.857125,4.989863,183141
4.257060,4.876088,2001-10-17,5.008826,4.797529,4.876088,190480
4.257060,4.876088,2001-10-18,4.979027,4.816491,4.862543,607987
4.209759,4.821909,2001-10-19,4.876088,4.472456,4.472456,2143758
4.152998,4.756895,2001-10-22,4.835454,4.626866,4.683753,913269
4.569244,5.233668,2001-10-23,5.233668,5.233668,5.233668,220979
4.659115,5.336607,2001-10-24,5.417875,5.190325,5.390786,3048822
4.484103,5.136146,2001-10-25,5.336607,4.930267,4.930267,1130594
4.540864,5.201160,2001-10-26,5.228250,5.111765,5.119892,1813769
4.571609,5.236377,2001-10-29,5.268884,5.174071,5.174071,432641
4.571609,5.236377,2001-10-30,5.236377,5.236377,5.236377,0
4.611815,5.282429,2001-10-31,5.282429,5.041333,5.100930,833647
4.611815,5.282429,2001-11-01,5.331189,5.201160,5.268884,808804
4.564515,5.228250,2001-11-02,5.309518,5.176780,5.279720,661392
4.529039,5.187616,2001-11-05,5.228250,5.160526,5.214705,307426
4.505388,5.160526,2001-11-06,5.198451,5.130728,5.163235,362872
4.413153,5.054878,2001-11-07,5.149691,4.992572,5.149691,738296
4.434437,5.079258,2001-11-08,5.095512,4.821909,4.878797,1339986
4.465181,5.114474,2001-11-09,5.146982,4.905886,4.943811,636061
4.398962,5.038624,2001-11-12,5.133437,5.011535,5.087385,418418
4.524308,5.182198,2001-11-13,5.187616,5.063005,5.079258,879041
4.493564,5.146982,2001-11-14,5.228250,5.141564,5.168653,416768
4.493564,5.146982,2001-11-15,5.228250,5.068422,5.228250,75306
4.517214,5.174071,2001-11-16,5.466636,5.041333,5.282429,1296113
4.465181,5.114474,2001-11-19,5.187616,5.095512,5.160526,1296113
4.493564,5.146982,2001-11-20,5.174071,5.095512,5.095512,454325
4.469913,5.119892,2001-11-21,5.146982,5.098221,5.146982,176895
4.481737,5.133437,2001-11-22,5.195743,5.095512,5.125310,341462
4.422611,5.065713,2001-11-23,5.133437,4.984445,5.133437,274498
4.375311,5.011535,2001-11-26,5.079258,4.997990,5.065713,223888
4.375311,5.011535,2001-11-27,5.084676,4.954647,4.997990,527586
4.422611,5.065713,2001-11-28,5.092803,4.984445,4.984445,477829
4.417883,5.060296,2001-11-29,5.136146,5.060296,5.092803,341462
4.469913,5.119892,2001-11-30,5.119892,5.060296,5.065713,395361
4.493564,5.146982,2001-12-03,5.149691,5.092803,5.114474,395044
4.458088,5.106348,2001-12-04,5.174071,5.092803,5.146982,310822
4.446261,5.092803,2001-12-05,5.155108,5.054878,5.098221,472938
4.429707,5.073840,2001-12-06,5.144273,5.054878,5.087385,269146
4.427343,5.071131,2001-12-07,5.119892,5.060296,5.081967,214386
4.410787,5.052169,2001-12-10,5.092803,4.984445,5.052169,363980
4.377676,5.014244,2001-12-11,5.052169,4.984445,5.052169,292922
4.441533,5.087385,2001-12-12,5.466636,5.054878,5.466636,864408
4.370582,5.006117,2001-12-13,5.073840,4.989863,5.065713,381644
4.370582,5.006117,2001-12-14,5.090094,4.987154,5.011535,218904
4.245234,4.862543,2001-12-17,5.065713,4.767730,4.970901,561474
4.216855,4.830036,2001-12-18,4.876088,4.713552,4.848998,1953045
4.318551,4.946520,2001-12-19,4.957356,4.767730,4.830036,897997
4.335107,4.965483,2001-12-20,4.970901,4.886924,4.927558,759423
4.342202,4.973610,2001-12-21,4.981736,4.900468,4.935684,655640
4.252330,4.870670,2001-12-24,4.957356,4.794820,4.903177,1324504
4.233409,4.848998,2001-12-25,4.881506,4.634992,4.876088,941955
4.249964,4.867961,2001-12-26,4.876088,4.659373,4.781275,1843382
4.304361,4.930267,2001-12-27,4.930267,4.756895,4.819200,946544
4.368217,5.003408,2001-12-28,5.006117,4.794820,4.794820,435188
4.370582,5.006117,2001-12-31,5.035915,4.951938,5.003408,256927
4.370582,5.006117,2002-01-01,5.035915,4.951938,5.003408,0
4.370582,5.006117,2002-01-02,5.035915,4.951938,5.003408,0
4.370582,5.006117,2002-01-03,5.035915,4.951938,5.003408,0
4.330376,4.960065,2002-01-04,4.997990,4.916722,4.997990,117389
4.320916,4.949229,2002-01-07,4.954647,4.903177,4.916722,415476
4.479373,5.130728,2002-01-08,5.174071,4.930267,4.949229,2853284
4.439167,5.084676,2002-01-09,5.117183,5.019662,5.038624,830812
4.377676,5.014244,2002-01-10,5.065713,4.727096,5.065713,631616
4.339837,4.970901,2002-01-11,4.997990,4.951938,4.997990,804699
4.309091,4.935684,2002-01-14,5.006117,4.876088,4.903177,2144028
4.363487,4.997990,2002-01-15,5.011535,4.819200,4.935684,4290378
3.644516,4.174473,2002-01-16,4.296375,4.011937,4.068824,622328
3.512074,4.022772,2002-01-17,4.174473,4.011937,4.174473,381965
3.424568,3.922542,2002-01-18,3.998392,3.849400,3.927960,439460
3.240096,3.711245,2002-01-21,3.922542,3.632685,3.922542,640579
3.240096,3.711245,2002-01-22,3.711245,3.711245,3.711245,0
3.400918,3.895452,2002-01-23,3.927960,3.711245,3.792513,1310879
3.405647,3.900870,2002-01-24,3.955049,3.792513,3.927960,1011259
3.363077,3.852109,2002-01-25,4.198853,3.833147,4.198853,1138962
3.190430,3.654357,2002-01-28,3.887325,3.616432,3.797931,1533560
3.299222,3.778968,2002-01-29,3.778968,3.627267,3.629976,1177324
3.412743,3.908997,2002-01-30,3.930668,3.803348,3.806057,1405694
3.620867,4.147384,2002-01-31,4.163637,3.933377,4.009228,2560221
3.512074,4.022772,2002-02-01,4.166346,3.933377,4.144675,578680
3.587755,4.109458,2002-02-04,4.112167,3.895452,4.025481,927743
3.689452,4.225943,2002-02-05,4.269286,4.036317,4.036317,1233653
3.706007,4.244905,2002-02-06,4.274704,4.144675,4.174473,795256
3.795878,4.347845,2002-02-07,4.383061,4.174473,4.231361,2262417
3.807704,4.361390,2002-02-08,4.366807,4.253032,4.253032,390370
3.807704,4.361390,2002-02-11,4.366807,4.253032,4.253032,0
3.807704,4.361390,2002-02-12,4.366807,4.253032,4.253032,0
3.807704,4.361390,2002-02-13,4.366807,4.253032,4.253032,0
3.807704,4.361390,2002-02-14,4.366807,4.253032,4.253032,0
3.807704,4.361390,2002-02-15,4.366807,4.253032,4.253032,0
3.807704,4.361390,2002-02-18,4.366807,4.253032,4.253032,0
3.807704,4.361390,2002-02-19,4.366807,4.253032,4.253032,0
3.807704,4.361390,2002-02-20,4.366807,4.253032,4.253032,0
3.807704,4.361390,2002-02-21,4.366807,4.253032,4.253032,0
3.807704,4.361390,2002-02-22,4.366807,4.253032,4.253032,0
3.871560,4.434531,2002-02-25,4.469747,4.404733,4.469747,777016
3.855004,4.415568,2002-02-26,4.456202,4.339718,4.383061,510033
3.805338,4.358681,2002-02-27,4.388479,4.307211,4.307211,263202
3.784053,4.334300,2002-02-28,4.361390,4.280121,4.288248,362481
3.748578,4.293666,2002-03-01,4.388479,4.280121,4.388479,258477
3.750942,4.296375,2002-03-04,4.334300,4.280121,4.280121,276307
3.902305,4.469747,2002-03-05,4.586231,4.307211,4.307211,3166192
3.902305,4.469747,2002-03-06,4.537471,4.415568,4.429113,1229027
3.933051,4.504963,2002-03-07,4.507672,4.439949,4.439949,1055535
3.914131,4.483292,2002-03-08,4.540180,4.437240,4.523926,1730069
3.940146,4.513090,2002-03-11,4.578105,4.456202,4.464329,1781724
3.996905,4.578105,2002-03-12,4.618739,4.494128,4.496837,1726119
4.060762,4.651246,2002-03-13,4.735223,4.591649,4.605194,2977214
4.063128,4.653955,2002-03-14,4.727096,4.575396,4.675626,1211271
3.930685,4.502254,2002-03-15,4.672917,4.464329,4.672917,873862
3.977986,4.556433,2002-03-18,4.645828,4.423695,4.551015,887321
4.004001,4.586231,2002-03-19,4.605194,4.469747,4.551015,695992
4.004001,4.586231,2002-03-20,4.602485,4.486001,4.553724,945200
4.020556,4.605194,2002-03-21,4.629574,4.545597,4.591649,1638811
3.963797,4.540180,2002-03-22,4.607903,4.510381,4.605194,381957
3.968525,4.545597,2002-03-25,4.548306,4.475165,4.523926,434066
3.772228,4.320756,2002-03-26,4.545597,4.280121,4.526635,3213945
3.833719,4.391188,2002-03-27,4.415568,4.280121,4.385770,3239863
3.810069,4.364099,2002-03-28,4.396606,4.361390,4.383061,477825
3.784053,4.334300,2002-03-29,4.361390,4.282830,4.361390,947862
3.784053,4.334300,2002-04-01,4.358681,4.293666,4.334300,251127
3.779323,4.328882,2002-04-02,4.372225,4.290957,4.372225,208354
3.784053,4.334300,2002-04-03,4.361390,4.307211,4.326173,176098
3.897574,4.464329,2002-04-04,4.483292,4.323464,4.334300,753446
3.838449,4.396606,2002-04-05,4.494128,4.372225,4.477874,253420
3.791148,4.342427,2002-04-08,4.412859,4.312629,4.412859,866236
3.937780,4.510381,2002-04-09,4.551015,4.320756,4.323464,1612883
4.004001,4.586231,2002-04-10,4.605194,4.469747,4.496837,1363080
3.911764,4.480583,2002-04-11,4.605194,4.477874,4.564560,617858
3.942510,4.515799,2002-04-12,4.594358,4.429113,4.464329,419278
3.961431,4.537471,2002-04-15,4.605194,4.510381,4.523926,258540
3.937780,4.510381,2002-04-16,4.564560,4.464329,4.564560,289966
3.890479,4.456202,2002-04-17,4.496837,4.337009,4.483292,408551
3.902305,4.469747,2002-04-18,4.491419,4.415568,4.437240,286894
3.902305,4.469747,2002-04-19,4.469747,4.469747,4.469747,0
3.873924,4.437240,2002-04-22,4.480583,4.418277,4.469747,246568
3.873924,4.437240,2002-04-23,4.461620,4.429113,4.429113,73829
3.871560,4.434531,2002-04-24,4.488710,4.415568,4.437240,128570
3.866829,4.429113,2002-04-25,4.469747,4.355972,4.469747,293915
3.930685,4.502254,2002-04-26,4.545597,4.429113,4.429113,461730
4.034747,4.621448,2002-04-29,4.664791,4.551015,4.605194,2036067
4.015824,4.599776,2002-04-30,4.659373,4.572687,4.659373,693441
4.015824,4.599776,2002-05-01,4.659373,4.572687,4.659373,0
4.015824,4.599776,2002-05-02,4.659373,4.572687,4.659373,0
4.015824,4.599776,2002-05-03,4.659373,4.572687,4.659373,0
4.015824,4.599776,2002-05-06,4.659373,4.572687,4.659373,0
4.015824,4.599776,2002-05-07,4.659373,4.572687,4.659373,0
4.013461,4.597067,2002-05-08,4.605194,4.551015,4.605194,600486
3.963797,4.540180,2002-05-09,4.632283,4.523926,4.564560,980096
3.999846,4.533636,2002-05-10,4.600494,4.485880,4.600494,405737
3.999846,4.533636,2002-05-13,4.613229,4.457226,4.504982,677066
4.013891,4.549555,2002-05-14,4.603678,4.498615,4.533636,643395
4.002656,4.536820,2002-05-15,4.594127,4.508166,4.552738,376064
3.915580,4.438124,2002-05-16,4.616413,4.393552,4.520901,1189078
3.870637,4.387184,2002-05-17,4.466778,4.161139,4.460410,1350087
3.867830,4.384001,2002-05-20,4.393552,4.234365,4.307591,384149
3.971758,4.501799,2002-05-21,4.581392,4.384001,4.384001,2047231
3.876256,4.393552,2002-05-22,4.504982,4.364898,4.504982,427865
3.865021,4.380817,2002-05-23,4.457226,4.269386,4.422205,609196
3.842550,4.355347,2002-05-24,4.422205,4.202528,4.345796,1010838
3.839740,4.352163,2002-05-27,4.390368,4.301223,4.355347,159174
3.836932,4.348979,2002-05-28,4.444491,4.348979,4.444491,130538
3.817269,4.326693,2002-05-29,4.348979,4.266202,4.348979,872927
3.791991,4.298040,2002-05-30,4.329877,4.259835,4.326693,2180798
3.817269,4.326693,2002-05-31,4.333061,4.278937,4.298040,2549827
3.775136,4.278937,2002-06-03,4.294856,4.227998,4.294856,2480226
3.780754,4.285305,2002-06-04,4.387184,4.259835,4.387184,2068935
3.741431,4.240733,2002-06-05,4.298040,4.218446,4.269386,1734476
3.876256,4.393552,2002-06-06,4.441308,4.202528,4.234365,3026886
3.865021,4.380817,2002-06-07,4.422205,4.234365,4.422205,1813656
3.789181,4.294856,2002-06-10,4.320326,4.269386,4.275754,2556627
3.822888,4.333061,2002-06-11,4.345796,4.272570,4.298040,4051774
3.848167,4.361714,2002-06-12,4.536820,4.320326,4.536820,2152117
3.761092,4.263019,2002-06-13,4.403103,4.180242,4.361714,2551727
3.733003,4.231181,2002-06-14,4.361714,4.145221,4.221630,2927964
3.749856,4.250284,2002-06-17,4.326693,4.142037,4.142037,3101208
3.755475,4.256651,2002-06-18,4.313958,4.221630,4.291672,1384600
3.763900,4.266202,2002-06-19,4.329877,4.215263,4.329877,407772
3.749856,4.250284,2002-06-20,4.294856,4.240733,4.266202,111372
3.901536,4.422205,2002-06-21,4.498615,4.218446,4.218446,2644944
4.261074,4.829723,2002-06-24,4.864744,4.492247,4.492247,11752374
4.092539,4.638699,2002-06-25,4.823356,4.457226,4.769232,9181585
3.946479,4.473145,2002-06-26,4.546371,4.384001,4.520901,4582930
3.974566,4.504982,2002-06-27,4.520901,4.313958,4.473145,1840194
3.974566,4.504982,2002-06-28,4.530452,4.425389,4.498615,2617367
3.938051,4.463594,2002-07-01,4.549555,4.428573,4.457226,1902338
3.943669,4.469961,2002-07-02,4.485880,4.422205,4.422205,730309
3.926815,4.450859,2002-07-03,4.489064,4.431757,4.489064,1406443
3.898727,4.419022,2002-07-04,4.469961,4.409470,4.450859,1142042
3.881874,4.399919,2002-07-05,4.454043,4.387184,4.425389,1431316
3.887492,4.406287,2002-07-08,4.447675,4.345796,4.409470,1746006
3.890300,4.409470,2002-07-09,4.425389,4.387184,4.419022,592248
3.901536,4.422205,2002-07-10,4.457226,4.412654,4.438124,739961
3.943669,4.469961,2002-07-11,4.489064,4.425389,4.457226,831605
3.968949,4.498615,2002-07-12,4.504982,4.457226,4.469961,563040
3.954905,4.482696,2002-07-15,4.501799,4.447675,4.501799,780897
4.008274,4.543187,2002-07-16,4.559106,4.457226,4.479513,1244912
4.044789,4.584576,2002-07-17,4.610046,4.527269,4.540003,1482953
4.081304,4.625964,2002-07-18,4.635515,4.549555,4.587759,1479118
4.047597,4.587759,2002-07-19,4.648250,4.578208,4.635515,1418875
3.982994,4.514534,2002-07-22,4.587759,4.492247,4.584576,591758
3.991421,4.524085,2002-07-23,4.641883,4.485880,4.514534,1115734
4.005465,4.540003,2002-07-24,4.600494,4.463594,4.546371,3247234
4.039171,4.578208,2002-07-25,4.590943,4.476329,4.524085,2181467
4.039171,4.578208,2002-07-26,4.600494,4.543187,4.575025,571904
4.005465,4.540003,2002-07-29,4.616413,4.508166,4.594127,440077
3.977376,4.508166,2002-07-30,4.568657,4.495431,4.546371,756413
3.994230,4.527269,2002-07-31,4.571841,4.501799,4.571841,357354
3.997038,4.530452,2002-08-01,4.584576,4.517717,4.527269,252923
4.008274,4.543187,2002-08-02,4.568657,4.524085,4.536820,350751
4.016700,4.552738,2002-08-05,4.568657,4.533636,4.533636,206493
4.044789,4.584576,2002-08-06,4.584576,4.527269,4.540003,360881
4.058833,4.600494,2002-08-07,4.610046,4.571841,4.584576,634104
4.056026,4.597311,2002-08-08,4.629148,4.575025,4.594127,547266
4.041980,4.581392,2002-08-09,4.610046,4.527269,4.610046,327869
4.039171,4.578208,2002-08-12,4.587759,4.520901,4.587759,409786
4.047597,4.587759,2002-08-13,4.597311,4.555922,4.555922,806493
4.025127,4.562290,2002-08-14,4.619597,4.520901,4.590943,691229
4.036363,4.575025,2002-08-15,4.587759,4.524085,4.568657,451055
4.086922,4.632332,2002-08-16,4.657802,4.552738,4.616413,1564527
4.067261,4.610046,2002-08-19,4.625964,4.568657,4.568657,202601
4.050406,4.590943,2002-08-20,4.616413,4.562290,4.568657,698648
4.067261,4.610046,2002-08-21,4.638699,4.562290,4.616413,2178963
4.044789,4.584576,2002-08-22,4.629148,4.575025,4.610046,1959824
4.061642,4.603678,2002-08-23,4.616413,4.575025,4.590943,1802553
4.061642,4.603678,2002-08-26,4.616413,4.578208,4.581392,865829
4.100966,4.648250,2002-08-27,4.654618,4.581392,4.613229,1696668
4.143099,4.696006,2002-08-28,4.718293,4.641883,4.664169,1790756
4.117820,4.667353,2002-08-29,4.699190,4.654618,4.664169,724140
4.143099,4.696006,2002-08-30,4.696006,4.654618,4.654618,685446
4.123438,4.673720,2002-09-02,4.711925,4.625964,4.711925,442775
4.131865,4.683272,2002-09-03,4.705558,4.632332,4.667353,397630
4.117820,4.667353,2002-09-04,4.686455,4.651434,4.683272,347403
4.095350,4.641883,2002-09-05,4.686455,4.625964,4.664169,652378
4.067261,4.610046,2002-09-06,4.635515,4.603678,4.603678,368391
4.022317,4.559106,2002-09-09,4.587759,4.454043,4.454043,357655
4.067261,4.610046,2002-09-10,4.616413,4.555922,4.559106,512762
4.036363,4.575025,2002-09-11,4.610046,4.555922,4.610046,155939
4.058833,4.600494,2002-09-12,4.606862,4.489064,4.555922,184965
4.070069,4.613229,2002-09-13,4.616413,4.552738,4.597311,183840
4.027935,4.565473,2002-09-16,4.606862,4.536820,4.606862,120924
4.013891,4.549555,2002-09-17,4.600494,4.527269,4.600494,216688
4.027935,4.565473,2002-09-18,4.578208,4.536820,4.552738,319750
4.061642,4.603678,2002-09-19,4.610046,4.517717,4.517717,645135
4.061642,4.603678,2002-09-20,4.603678,4.603678,4.603678,0
4.039171,4.578208,2002-09-23,4.610046,4.514534,4.600494,427526
4.002656,4.536820,2002-09-24,4.600494,4.492247,4.517717,529356
4.016700,4.552738,2002-09-25,4.568657,4.504982,4.504982,345273
4.013891,4.549555,2002-09-26,4.559106,4.457226,4.549555,571574
4.008274,4.543187,2002-09-27,4.552738,4.511350,4.536820,473849
4.008274,4.543187,2002-09-30,4.543187,4.543187,4.543187,0
4.008274,4.543187,2002-10-01,4.543187,4.543187,4.543187,0
4.008274,4.543187,2002-10-02,4.543187,4.543187,4.543187,0
4.008274,4.543187,2002-10-03,4.543187,4.543187,4.543187,0
4.008274,4.543187,2002-10-04,4.543187,4.543187,4.543187,0
4.008274,4.543187,2002-10-07,4.543187,4.543187,4.543187,0
3.974566,4.504982,2002-10-08,4.520901,4.482696,4.489064,219239
3.940861,4.466778,2002-10-09,4.504982,4.419022,4.504982,298278
3.957714,4.485880,2002-10-10,4.489064,4.419022,4.428573,352284
3.887492,4.406287,2002-10-11,4.495431,4.396735,4.476329,268552
3.949287,4.476329,2002-10-14,4.485880,4.361714,4.450859,409585
3.932433,4.457226,2002-10-15,4.457226,4.428573,4.428573,77047
3.988611,4.520901,2002-10-16,4.606862,4.419022,4.457226,359913
3.921197,4.444491,2002-10-17,4.473145,4.434940,4.457226,145831
3.918389,4.441308,2002-10-18,4.511350,4.409470,4.498615,201942
3.904344,4.425389,2002-10-21,4.457226,4.361714,4.457226,772338
3.926815,4.450859,2002-10-22,4.501799,4.419022,4.425389,298809
3.929625,4.454043,2002-10-23,4.498615,4.368082,4.498615,34512
3.890300,4.409470,2002-10-24,4.457226,4.393552,4.441308,120299
3.873447,4.390368,2002-10-25,4.530452,4.371266,4.530452,125110
3.845358,4.358531,2002-10-28,4.441308,4.313958,4.371266,265097
3.842550,4.355347,2002-10-29,4.393552,4.329877,4.358531,158455
3.873447,4.390368,2002-10-30,4.393552,4.329877,4.393552,156106
3.811652,4.320326,2002-10-31,4.387184,4.298040,4.387184,208246
3.828505,4.339428,2002-11-01,4.352163,4.320326,4.320326,109415
3.879065,4.396735,2002-11-04,4.450859,4.329877,4.450859,239354
3.977376,4.508166,2002-11-05,4.514534,4.393552,4.396735,1632690
3.909963,4.431757,2002-11-06,4.482696,4.415838,4.482696,144754
3.918389,4.441308,2002-11-07,4.460410,4.419022,4.450859,204464
3.893109,4.412654,2002-11-08,4.489064,4.380817,4.450859,475843
3.906592,4.427936,2002-11-11,4.469961,4.385911,4.431757,527760
3.839178,4.351526,2002-11-12,4.431757,4.313322,4.385911,184544
3.808842,4.317142,2002-11-13,4.366808,4.278937,4.317142,353308
3.775136,4.278937,2002-11-14,4.347706,4.156682,4.347706,630020
3.741431,4.240733,2002-11-15,4.275117,4.171964,4.271296,206047
3.704352,4.198707,2002-11-18,4.240733,4.194887,4.240733,71718
3.717834,4.213989,2002-11-19,4.225451,4.145221,4.202528,162107
3.596491,4.076452,2002-11-20,4.202528,4.003863,4.202528,382365
3.556043,4.030606,2002-11-21,4.061170,3.942735,4.061170,598529
3.603233,4.084093,2002-11-22,4.164323,3.973299,4.030606,562743
3.633568,4.118477,2002-11-25,4.126118,4.049709,4.049709,307149
3.572897,4.049709,2002-11-26,4.156682,3.984760,4.156682,292628
3.593121,4.072631,2002-11-27,4.072631,3.977119,3.977119,160812
3.741431,4.240733,2002-11-28,4.259835,4.072631,4.122298,266861
3.896480,4.416475,2002-11-29,4.439398,4.129939,4.240733,2096422
3.727948,4.225451,2002-12-02,4.401193,4.225451,4.355347,396290
3.741431,4.240733,2002-12-03,4.256014,4.152861,4.187246,104324
3.785248,4.290399,2002-12-04,4.317142,4.202528,4.271296,299506
3.744801,4.244553,2002-12-05,4.267476,4.202528,4.263655,124764
3.734689,4.233092,2002-12-06,4.244553,4.175784,4.202528,333866
3.697611,4.191066,2002-12-09,4.240733,4.145221,4.240733,143479
3.667275,4.156682,2002-12-10,4.221630,4.087913,4.221630,250230
3.667275,4.156682,2002-12-11,4.183425,4.080272,4.179605,241014
3.674017,4.164323,2002-12-12,4.221630,4.087913,4.191066,367862
3.684128,4.175784,2002-12-13,4.213989,4.045888,4.087913,569054
3.707723,4.202528,2002-12-16,4.233092,4.107016,4.107016,352102
3.765024,4.267476,2002-12-17,4.275117,4.133759,4.183425,270578
3.724576,4.221630,2002-12-18,4.267476,4.202528,4.267476,303181
3.724576,4.221630,2002-12-19,4.256014,4.126118,4.126118,227379
3.775136,4.278937,2002-12-20,4.294219,4.202528,4.202528,329699
3.788619,4.294219,2002-12-23,4.355347,4.129939,4.168143,1141586
3.711094,4.206348,2002-12-24,4.278937,4.133759,4.263655,965297
3.731318,4.229271,2002-12-25,4.271296,4.118477,4.271296,981735
3.694240,4.187246,2002-12-26,4.229271,4.149041,4.206348,330594
3.788619,4.294219,2002-12-27,4.317142,4.129939,4.183425,379742
3.650423,4.137580,2002-12-30,4.244553,4.133759,4.206348,532812
3.663905,4.152861,2002-12-31,4.194887,3.980940,4.191066,519301
3.663905,4.152861,2003-01-01,4.194887,3.980940,4.191066,0
3.593121,4.072631,2003-01-02,4.206348,3.992401,3.992401,1137624
3.599862,4.080272,2003-01-03,4.137580,4.042068,4.064990,106942
3.613344,4.095554,2003-01-06,4.126118,4.030606,4.064990,40460
3.626828,4.110836,2003-01-07,4.145221,4.061170,4.145221,48598
3.657164,4.145221,2003-01-08,4.164323,4.068811,4.107016,107439
3.758283,4.259835,2003-01-09,4.420295,4.126118,4.183425,3080209
3.734689,4.233092,2003-01-10,4.317142,4.179605,4.229271,3928992
3.714465,4.210169,2003-01-13,4.271296,4.179605,4.202528,116262
3.781877,4.286578,2003-01-14,4.351526,4.213989,4.271296,1700767
3.805473,4.313322,2003-01-15,4.359167,4.278937,4.351526,2081515
3.812213,4.320963,2003-01-16,4.328604,4.278937,4.317142,597571
3.812213,4.320963,2003-01-17,4.355347,4.064990,4.309501,2767824
3.727948,4.225451,2003-01-20,4.286578,4.171964,4.271296,644110
3.657164,4.145221,2003-01-21,4.252194,4.145221,4.240733,640809
3.643681,4.129939,2003-01-22,4.156682,4.103195,4.141400,337808
3.593121,4.072631,2003-01-23,4.156682,4.049709,4.156682,472058
3.636939,4.122298,2003-01-24,4.145221,4.057349,4.072631,419860
3.700982,4.194887,2003-01-27,4.259835,4.118477,4.122298,423208
3.707723,4.202528,2003-01-28,4.305681,4.183425,4.301860,431560
3.711094,4.206348,2003-01-29,4.240733,4.171964,4.240733,350516
3.711094,4.206348,2003-01-30,4.240733,4.171964,4.240733,0
3.711094,4.206348,2003-01-31,4.240733,4.171964,4.240733,0
3.711094,4.206348,2003-02-03,4.240733,4.171964,4.240733,0
3.711094,4.206348,2003-02-04,4.240733,4.171964,4.240733,0
3.711094,4.206348,2003-02-05,4.240733,4.171964,4.240733,0
3.711094,4.206348,2003-02-06,4.240733,4.171964,4.240733,0
3.711094,4.206348,2003-02-07,4.240733,4.171964,4.240733,0
3.643681,4.129939,2003-02-10,4.233092,4.118477,4.233092,210850
3.640310,4.126118,2003-02-11,4.156682,4.095554,4.156682,243225
3.660534,4.149041,2003-02-12,4.160502,4.110836,4.160502,337447
3.727948,4.225451,2003-02-13,4.229271,4.141400,4.152861,1125782
3.690869,4.183425,2003-02-14,4.210169,4.152861,4.210169,334963
3.653793,4.141400,2003-02-17,4.198707,4.095554,4.175784,365660
3.620086,4.103195,2003-02-18,4.156682,4.087913,4.156682,303768
3.650423,4.137580,2003-02-19,4.137580,4.087913,4.107016,256391
3.630198,4.114657,2003-02-20,4.164323,4.107016,4.137580,242822
3.583009,4.061170,2003-02-21,4.129939,4.042068,4.114657,368278
3.579638,4.057349,2003-02-24,4.107016,4.042068,4.061170,228942
3.687500,4.179605,2003-02-25,4.194887,3.954197,4.087913,2029985
3.687500,4.179605,2003-02-26,4.191066,4.011504,4.011504,2020235
3.667275,4.156682,2003-02-27,4.164323,4.107016,4.141400,824885
3.694240,4.187246,2003-02-28,4.194887,4.126118,4.129939,436672
3.714465,4.210169,2003-03-03,4.263655,4.179605,4.179605,710905
3.697611,4.191066,2003-03-04,4.221630,4.175784,4.221630,298653
3.667275,4.156682,2003-03-05,4.187246,4.068811,4.145221,210460
3.606603,4.087913,2003-03-06,4.126118,4.080272,4.118477,463847
3.663905,4.152861,2003-03-07,4.202528,4.057349,4.072631,1100523
3.677387,4.168143,2003-03-10,4.206348,4.076452,4.164323,677872
3.700982,4.194887,2003-03-11,4.229271,4.145221,4.156682,715682
3.721206,4.217810,2003-03-12,4.252194,4.168143,4.194887,861444
3.707723,4.202528,2003-03-13,4.236912,4.168143,4.217810,389945
3.690869,4.183425,2003-03-14,4.221630,4.129939,4.202528,270777
3.670645,4.160502,2003-03-17,4.183425,4.087913,4.164323,117069
3.633568,4.118477,2003-03-18,4.160502,4.107016,4.160502,201184
3.626828,4.110836,2003-03-19,4.145221,4.084093,4.095554,357698
3.667275,4.156682,2003-03-20,4.168143,4.076452,4.091734,818048
3.630198,4.114657,2003-03-21,4.145221,4.087913,4.126118,91708
3.647052,4.133759,2003-03-24,4.179605,4.107016,4.149041,66441
3.620086,4.103195,2003-03-25,4.145221,4.072631,4.145221,172973
3.626828,4.110836,2003-03-26,4.137580,4.072631,4.107016,67980
3.674017,4.164323,2003-03-27,4.164323,4.053529,4.084093,449378
3.623457,4.107016,2003-03-28,4.164323,4.103195,4.145221,204558
3.653793,4.141400,2003-03-31,4.149041,4.091734,4.107016,336682
3.653793,4.141400,2003-04-01,4.160502,4.091734,4.149041,841043
3.640310,4.126118,2003-04-02,4.141400,4.087913,4.141400,278080
3.643681,4.129939,2003-04-03,4.133759,4.103195,4.114657,327605
3.647052,4.133759,2003-04-04,4.141400,4.091734,4.129939,446114
3.633568,4.118477,2003-04-07,4.141400,4.084093,4.141400,954115
3.586379,4.064990,2003-04-08,4.122298,4.049709,4.114657,771376
3.603233,4.084093,2003-04-09,4.091734,4.011504,4.034427,616911
3.616716,4.099375,2003-04-10,4.183425,4.042068,4.087913,502593
3.633568,4.118477,2003-04-11,4.137580,4.038247,4.099375,1829743
3.660534,4.149041,2003-04-14,4.179605,4.068811,4.118477,1849942
3.771766,4.275117,2003-04-15,4.278937,4.137580,4.164323,3667405
3.690869,4.183425,2003-04-16,4.347706,4.126118,4.183425,2426940
3.640310,4.126118,2003-04-17,4.202528,4.122298,4.156682,1228125
3.633568,4.118477,2003-04-18,4.175784,4.091734,4.126118,770777
3.589750,4.068811,2003-04-21,4.126118,4.049709,4.084093,947367
3.589750,4.068811,2003-04-22,4.156682,4.049709,4.156682,472191
3.572897,4.049709,2003-04-23,4.107016,4.042068,4.057349,836143
3.512225,3.980940,2003-04-24,4.084093,3.958017,4.084093,1497775
3.495372,3.961837,2003-04-25,3.992401,3.839582,3.965658,1707638
3.636939,4.122298,2003-04-28,4.156682,3.839582,3.935094,1377023
3.508854,3.977119,2003-04-29,4.068811,3.954197,4.053529,345218
3.545932,4.019145,2003-04-30,4.038247,3.896889,3.896889,1699438
3.545932,4.019145,2003-05-01,4.038247,3.896889,3.896889,0
3.545932,4.019145,2003-05-02,4.038247,3.896889,3.896889,0
3.545932,4.019145,2003-05-05,4.038247,3.896889,3.896889,0
3.545932,4.019145,2003-05-06,4.038247,3.896889,3.896889,0
3.545932,4.019145,2003-05-07,4.038247,3.896889,3.896889,0
3.545932,4.019145,2003-05-08,4.038247,3.896889,3.896889,0
3.545932,4.019145,2003-05-09,4.038247,3.896889,3.896889,0
3.545932,4.019145,2003-05-12,4.019145,4.019145,4.019145,0
3.350434,3.797557,2003-05-13,4.007683,3.774634,3.938915,1140505
3.316727,3.759352,2003-05-14,3.797557,3.679122,3.774634,1649515
3.387510,3.839582,2003-05-15,3.877787,3.679122,3.744070,1646329
3.363916,3.812839,2003-05-16,3.851044,3.782275,3.820480,530530
3.370658,3.820480,2003-05-19,3.835762,3.751711,3.797557,398635
3.363916,3.812839,2003-05-20,3.820480,3.770813,3.820480,646714
3.343693,3.789916,2003-05-21,3.812839,3.766993,3.805198,266032
3.316727,3.759352,2003-05-22,3.805198,3.744070,3.805198,510192
3.330209,3.774634,2003-05-23,3.809018,3.736429,3.782275,431173
3.333580,3.778454,2003-05-26,3.801377,3.744070,3.763173,298828
3.326838,3.770813,2003-05-27,3.786095,3.705865,3.782275,705670
3.283020,3.721147,2003-05-28,3.782275,3.705865,3.705865,258582
3.326838,3.770813,2003-05-29,3.774634,3.702045,3.728788,1103620
3.515595,3.984760,2003-05-30,4.030606,3.774634,3.774634,3182335
3.444812,3.904530,2003-06-02,3.973299,3.900710,3.969478,862548
3.458294,3.919812,2003-06-03,3.973299,3.912171,3.912171,579811
3.495372,3.961837,2003-06-04,3.965658,3.904530,3.904530,437735
3.522337,3.992401,2003-06-05,4.003863,3.961837,3.965658,676883
3.458294,3.919812,2003-06-06,3.984760,3.919812,3.984760,658294
3.417846,3.873966,2003-06-09,3.946556,3.866325,3.904530,435861
3.417846,3.873966,2003-06-10,3.896889,3.851044,3.851044,211360
3.478519,3.942735,2003-06-11,3.954197,3.870146,3.870146,281098
3.475148,3.938915,2003-06-12,3.965658,3.896889,3.927453,338399
3.468407,3.931274,2003-06-13,3.954197,3.900710,3.900710,129025
3.478519,3.942735,2003-06-16,3.965658,3.900710,3.931274,212682
3.471777,3.935094,2003-06-17,3.958017,3.908351,3.954197,189761
3.471777,3.935094,2003-06-18,3.950376,3.889248,3.950376,272832
3.411105,3.866325,2003-06-19,3.954197,3.858685,3.935094,222702
3.367286,3.816659,2003-06-20,3.889248,3.812839,3.858685,309188
3.353804,3.801377,2003-06-23,3.935094,3.797557,3.935094,116681
3.367286,3.816659,2003-06-24,3.843403,3.759352,3.801377,53427
3.380769,3.831941,2003-06-25,3.839582,3.755532,3.782275,68965
3.363916,3.812839,2003-06-26,3.824300,3.766993,3.782275,70389
3.272908,3.709686,2003-06-27,3.820480,3.705865,3.820480,109672
3.276279,3.713506,2003-06-30,3.724968,3.667661,3.724968,193742
3.269468,3.667661,2003-07-01,3.763173,3.648558,3.682942,87044
3.303524,3.705865,2003-07-02,3.736429,3.671481,3.698224,59058
3.306931,3.709686,2003-07-03,3.713506,3.640917,3.640917,64520
3.283090,3.682942,2003-07-04,3.751711,3.660020,3.751711,47611
3.296713,3.698224,2003-07-07,3.717327,3.644738,3.644738,90910
3.323959,3.728788,2003-07-08,3.736429,3.671481,3.671481,64703
3.422724,3.839582,2003-07-09,3.896889,3.744070,3.763173,1739794
3.473809,3.896889,2003-07-10,3.896889,3.805198,3.839582,2586863
3.449970,3.870146,2003-07-11,3.904530,3.843403,3.877787,307715
3.429536,3.847223,2003-07-14,3.877787,3.816659,3.858685,208034
3.463593,3.885428,2003-07-15,3.908351,3.805198,3.816659,425718
3.439753,3.858685,2003-07-16,3.885428,3.816659,3.839582,401352
3.426130,3.843403,2003-07-17,3.870146,3.820480,3.820480,254905
3.405696,3.820480,2003-07-18,3.946556,3.744070,3.843403,261223
3.402289,3.816659,2003-07-21,3.820480,3.736429,3.744070,220637
3.395478,3.809018,2003-07-22,3.812839,3.744070,3.778454,195263
3.415913,3.831941,2003-07-23,3.851044,3.774634,3.809018,154535
3.385262,3.797557,2003-07-24,3.843403,3.747891,3.839582,179932
3.398885,3.812839,2003-07-25,3.828121,3.766993,3.812839,243027
3.375044,3.786095,2003-07-28,3.820480,3.747891,3.816659,88266
3.378450,3.789916,2003-07-29,3.816659,3.755532,3.782275,216773
3.398885,3.812839,2003-07-30,3.896889,3.766993,3.889248,335036
3.398885,3.812839,2003-07-31,3.820480,3.755532,3.793736,109402
3.375044,3.786095,2003-08-01,3.789916,3.751711,3.789916,42350
3.375044,3.786095,2003-08-04,3.786095,3.786095,3.786095,0
3.436347,3.854864,2003-08-05,3.870146,3.782275,3.831941,367024
3.402289,3.816659,2003-08-06,3.900710,3.770813,3.843403,318022
3.364827,3.774634,2003-08-07,3.824300,3.759352,3.820480,280595
3.361421,3.770813,2003-08-08,3.774634,3.732609,3.766993,256255
3.354610,3.763173,2003-08-11,3.889248,3.740250,3.782275,437840
3.334176,3.740250,2003-08-12,3.789916,3.724968,3.789916,188761
3.269468,3.667661,2003-08-13,3.786095,3.667661,3.686763,330586
3.269468,3.667661,2003-08-14,3.724968,3.610353,3.702045,850940
3.228599,3.621815,2003-08-15,3.629456,3.591251,3.610353,174245
3.187731,3.575969,2003-08-18,3.629456,3.575969,3.629456,66222
3.180920,3.568328,2003-08-19,3.591251,3.518662,3.591251,213130
3.184326,3.572149,2003-08-20,3.610353,3.553046,3.583610,294203
3.177514,3.564508,2003-08-21,3.644738,3.518662,3.606533,196333
3.170703,3.556867,2003-08-22,3.591251,3.514841,3.537764,252787
3.143457,3.526303,2003-08-25,3.614174,3.476636,3.556867,253635
3.133240,3.514841,2003-08-26,3.522482,3.457534,3.457534,127858
3.126428,3.507200,2003-08-27,3.549226,3.476636,3.514841,143845
3.123023,3.503380,2003-08-28,3.530123,3.446073,3.530123,133907
3.140051,3.522482,2003-08-29,3.530123,3.453714,3.495739,150711
3.187731,3.575969,2003-09-01,3.583610,3.468996,3.526303,564735
3.150269,3.533944,2003-09-02,3.579789,3.476636,3.545405,260899
3.123023,3.503380,2003-09-03,3.537764,3.438432,3.537764,540586
3.105994,3.484277,2003-09-04,3.503380,3.442252,3.495739,548805
3.065126,3.438432,2003-09-05,3.491918,3.411688,3.491918,569530
3.085560,3.461355,2003-09-08,3.472816,3.365843,3.438432,663173
3.048098,3.419329,2003-09-09,3.453714,3.362022,3.430791,343637
2.939115,3.297074,2003-09-10,3.365843,3.247408,3.362022,572592
2.956143,3.316176,2003-09-11,3.339099,3.300894,3.323817,194666
2.894841,3.247408,2003-09-12,3.342920,3.228305,3.342920,290277
2.857378,3.205382,2003-09-15,3.316176,3.159537,3.247408,330005
2.908464,3.262690,2003-09-16,3.266510,3.151896,3.239767,478895
2.816510,3.159537,2003-09-17,3.255049,3.144255,3.247408,292633
2.806293,3.148075,2003-09-18,3.190100,3.144255,3.144255,263841
2.799481,3.140434,2003-09-19,3.170998,3.125152,3.151896,308992
2.782453,3.121332,2003-09-22,3.190100,3.056384,3.140434,797805
2.755208,3.090768,2003-09-23,3.094588,3.048743,3.075486,756993
2.762019,3.098409,2003-09-24,3.113691,3.056384,3.090768,1203387
2.724557,3.056384,2003-09-25,3.106050,3.052563,3.102229,462465
2.714339,3.044922,2003-09-26,3.056384,3.018179,3.052563,449221
2.724557,3.056384,2003-09-29,3.056384,3.021999,3.056384,116794
2.741585,3.075486,2003-09-30,3.083127,3.037281,3.052563,184534
2.741585,3.075486,2003-10-01,3.083127,3.037281,3.052563,0
2.741585,3.075486,2003-10-02,3.083127,3.037281,3.052563,0
2.741585,3.075486,2003-10-03,3.083127,3.037281,3.052563,0
2.741585,3.075486,2003-10-06,3.083127,3.037281,3.052563,0
2.741585,3.075486,2003-10-07,3.083127,3.037281,3.052563,0
2.724557,3.056384,2003-10-08,3.067845,3.018179,3.056384,124850
2.700716,3.029640,2003-10-09,3.064025,3.025820,3.037281,159859
2.765424,3.102229,2003-10-10,3.113691,3.018179,3.025820,547904
2.744991,3.079307,2003-10-13,3.151896,3.071666,3.151896,370372
2.680282,3.006717,2003-10-14,3.109870,2.979974,3.086948,630750
2.670065,2.995256,2003-10-15,3.060204,2.979974,3.041102,358881
2.598546,2.915026,2003-10-16,3.002897,2.915026,2.983795,270515
2.605357,2.922667,2003-10-17,2.922667,2.869180,2.899744,293756
2.561083,2.873001,2003-10-20,2.922667,2.827155,2.922667,371419
2.544054,2.853898,2003-10-21,2.865360,2.827155,2.865360,238347
2.622385,2.941769,2003-10-22,2.957051,2.827155,2.842437,446451
2.615574,2.934128,2003-10-23,2.960872,2.911205,2.949410,411029
2.663254,2.987615,2003-10-24,3.037281,2.911205,2.911205,693035
2.656442,2.979974,2003-10-27,2.999076,2.941769,2.964692,1096270
2.656442,2.979974,2003-10-28,2.979974,2.979974,2.979974,0
2.618980,2.937949,2003-10-29,2.987615,2.857719,2.983795,2454837
2.584923,2.899744,2003-10-30,2.922667,2.865360,2.918846,516005
2.588328,2.903564,2003-10-31,2.922667,2.865360,2.899744,539042
2.598546,2.915026,2003-11-03,2.922667,2.834796,2.903564,1670428
2.646226,2.968513,2003-11-04,2.987615,2.865360,2.915026,2417842
2.663254,2.987615,2003-11-05,2.991436,2.953231,2.968513,1200069
2.642819,2.964692,2003-11-06,3.018179,2.865360,3.018179,1805016
2.584923,2.899744,2003-11-07,2.957051,2.865360,2.937949,652449
2.598546,2.915026,2003-11-10,2.922667,2.869180,2.899744,407794
2.591735,2.907385,2003-11-11,2.960872,2.880642,2.892103,278074
2.516809,2.823334,2003-11-12,2.903564,2.808052,2.903564,560220
2.520215,2.827155,2003-11-13,2.865360,2.788950,2.815693,429527
2.618980,2.937949,2003-11-14,2.999076,2.823334,2.846257,445653
2.595140,2.911205,2003-11-17,2.918846,2.869180,2.915026,240315
2.574706,2.888283,2003-11-18,2.915026,2.869180,2.907385,367754
2.625792,2.945590,2003-11-19,2.968513,2.884462,2.884462,930765
2.785859,3.125152,2003-11-20,3.170998,2.941769,2.945590,5253996
2.687093,3.014358,2003-11-21,3.125152,3.002897,3.125152,1069760
2.744991,3.079307,2003-11-24,3.094588,3.010538,3.010538,1571349
2.806293,3.148075,2003-11-25,3.247408,3.083127,3.113691,7991330
2.755208,3.090768,2003-11-26,3.163357,3.056384,3.132793,2907906
2.670065,2.995256,2003-11-27,3.090768,2.979974,3.090768,922920
2.758613,3.094588,2003-11-28,3.113691,2.995256,2.995256,1092729
2.789265,3.128973,2003-12-01,3.148075,3.094588,3.094588,2082081
2.758613,3.094588,2003-12-02,3.159537,3.060204,3.132793,2274009
2.850567,3.197741,2003-12-03,3.247408,2.937949,3.106050,7608328
2.823321,3.167178,2003-12-04,3.190100,3.132793,3.190100,2272400
2.816510,3.159537,2003-12-05,3.186280,3.117511,3.167178,1617778
2.744991,3.079307,2003-12-08,3.178639,3.067845,3.151896,1103787
2.765424,3.102229,2003-12-09,3.102229,3.044922,3.071666,2826351
2.768830,3.106050,2003-12-10,3.125152,3.064025,3.094588,1952584
2.833539,3.178639,2003-12-11,3.220664,3.144255,3.144255,4089909
2.853972,3.201562,2003-12-12,3.224485,3.098409,3.182460,3323529
2.857378,3.205382,2003-12-15,3.235946,3.170998,3.209203,1853434
2.833539,3.178639,2003-12-16,3.209203,3.109870,3.209203,1927281
2.836945,3.182460,2003-12-17,3.270331,3.151896,3.170998,5778967
2.782453,3.121332,2003-12-18,3.205382,3.075486,3.170998,3367000
2.622385,2.941769,2003-12-19,3.125152,2.907385,3.121332,4382252
2.707528,3.037281,2003-12-22,3.056384,2.865360,2.922667,2368197
2.673470,2.999076,2003-12-23,3.037281,2.976154,3.037281,1697922
2.697311,3.025820,2003-12-24,3.033461,2.941769,3.014358,1222131
2.700716,3.029640,2003-12-25,3.090768,2.991436,3.018179,1586085
2.673470,2.999076,2003-12-26,3.052563,2.979974,2.999076,1128232
2.680282,3.006717,2003-12-29,3.033461,2.987615,3.002897,684492
2.680282,3.006717,2003-12-30,3.018179,2.957051,3.006717,1042227
2.690500,3.018179,2003-12-31,3.029640,2.957051,2.979974,1016304
2.690500,3.018179,2004-01-01,3.029640,2.957051,2.979974,0
2.738179,3.071666,2004-01-02,3.079307,2.983795,3.018179,1164743
2.738179,3.071666,2004-01-05,3.090768,3.021999,3.056384,1280472
2.700716,3.029640,2004-01-06,3.094588,2.999076,3.071666,1347553
2.779047,3.117511,2004-01-07,3.128973,3.010538,3.056384,2457175
2.847162,3.193921,2004-01-08,3.201562,3.117511,3.117511,2837915
2.765424,3.102229,2004-01-09,3.193921,3.098409,3.193921,2551257
2.809699,3.151896,2004-01-12,3.155716,3.071666,3.102229,1486135
2.877813,3.228305,2004-01-13,3.247408,3.144255,3.170998,4475008
2.860784,3.209203,2004-01-14,3.255049,3.174819,3.239767,1910704
2.813104,3.155716,2004-01-15,3.209203,3.140434,3.209203,1685913
2.908464,3.262690,2004-01-16,3.304715,3.144255,3.170998,5890037
2.908464,3.262690,2004-01-19,3.304715,3.144255,3.170998,0
2.908464,3.262690,2004-01-20,3.304715,3.144255,3.170998,0
2.908464,3.262690,2004-01-21,3.304715,3.144255,3.170998,0
2.908464,3.262690,2004-01-22,3.304715,3.144255,3.170998,0
2.908464,3.262690,2004-01-23,3.304715,3.144255,3.170998,0
2.908464,3.262690,2004-01-26,3.304715,3.144255,3.170998,0
2.908464,3.262690,2004-01-27,3.304715,3.144255,3.170998,0
2.908464,3.262690,2004-01-28,3.304715,3.144255,3.170998,0
3.017446,3.384945,2004-01-29,3.415509,3.235946,3.277972,4859216
2.949332,3.308535,2004-01-30,3.381124,3.270331,3.381124,4378541
3.085560,3.461355,2004-02-02,3.472816,3.323817,3.354381,7876337
3.099183,3.476636,2004-02-03,3.587430,3.457534,3.507200,9760728
3.157080,3.541585,2004-02-04,3.564508,3.438432,3.476636,5492628
3.109400,3.488098,2004-02-05,3.564508,3.453714,3.564508,3546017
3.048098,3.419329,2004-02-06,3.507200,3.404047,3.468996,3624845
3.082155,3.457534,2004-02-09,3.476636,3.430791,3.430791,2793368
3.123023,3.503380,2004-02-10,3.545405,3.461355,3.514841,3531726
3.082155,3.457534,2004-02-11,3.514841,3.430791,3.503380,1935172
3.075344,3.449893,2004-02-12,3.495739,3.430791,3.465175,2275855
3.007230,3.373484,2004-02-13,3.465175,3.354381,3.449893,2684683
3.088966,3.465175,2004-02-16,3.468996,3.362022,3.381124,2897143
3.109400,3.488098,2004-02-17,3.491918,3.430791,3.465175,2862184
3.208165,3.598892,2004-02-18,3.648558,3.484277,3.488098,7021481
3.136646,3.518662,2004-02-19,3.629456,3.507200,3.598892,3843412
3.133240,3.514841,2004-02-20,3.553046,3.476636,3.530123,3648219
3.044692,3.415509,2004-02-23,3.572149,3.400227,3.514841,4883066
3.075344,3.449893,2004-02-24,3.449893,3.293253,3.381124,3036885
3.017446,3.384945,2004-02-25,3.533944,3.362022,3.518662,5670111
3.003823,3.369663,2004-02-26,3.381124,3.312356,3.362022,1592462
3.037880,3.407868,2004-02-27,3.411688,3.247408,3.384945,1374759
3.048098,3.419329,2004-03-01,3.419329,3.346740,3.400227,1115082
3.116211,3.495739,2004-03-02,3.553046,3.392586,3.419329,4032948
3.044692,3.415509,2004-03-03,3.533944,3.400227,3.476636,2064311
3.065126,3.438432,2004-03-04,3.465175,3.362022,3.423150,1216778
3.163892,3.549226,2004-03-05,3.629456,3.434611,3.438432,10033694
3.099183,3.476636,2004-03-08,3.533944,3.430791,3.514841,3075231
3.031069,3.400227,2004-03-09,3.488098,3.400227,3.476636,1724741
3.061720,3.434611,2004-03-10,3.438432,3.354381,3.400227,1416562
3.116211,3.495739,2004-03-11,3.507200,3.400227,3.426970,1910034
3.123023,3.503380,2004-03-12,3.522482,3.449893,3.507200,2102099
3.129834,3.511021,2004-03-15,3.553046,3.503380,3.507200,3467647
3.204759,3.595071,2004-03-16,3.629456,3.514841,3.549226,7054566
3.242223,3.637097,2004-03-17,3.660020,3.553046,3.591251,3829128
3.126428,3.507200,2004-03-18,3.644738,3.507200,3.629456,2818650
3.160486,3.545405,2004-03-19,3.549226,3.476636,3.514841,1701417
3.204759,3.595071,2004-03-22,3.621815,3.530123,3.572149,2009496
3.153674,3.537764,2004-03-23,3.598892,3.518662,3.595071,2008566
3.119617,3.499559,2004-03-24,3.553046,3.491918,3.530123,1517474
3.119617,3.499559,2004-03-25,3.530123,3.472816,3.480457,1099607
3.126428,3.507200,2004-03-26,3.537764,3.480457,3.503380,1681589
3.112806,3.491918,2004-03-29,3.545405,3.476636,3.503380,952241
3.140051,3.522482,2004-03-30,3.522482,3.476636,3.495739,841297
3.194542,3.583610,2004-03-31,3.591251,3.522482,3.522482,3025418
3.201354,3.591251,2004-04-01,3.617994,3.553046,3.583610,2119877
3.242223,3.637097,2004-04-02,3.690583,3.568328,3.591251,6746023
3.313742,3.717327,2004-04-05,3.724968,3.648558,3.648558,5781637
3.313742,3.717327,2004-04-06,3.732609,3.663840,3.724968,4813852
3.235411,3.629456,2004-04-07,3.713506,3.621815,3.698224,3475495
3.235411,3.629456,2004-04-08,3.652379,3.595071,3.629456,2534901
3.140051,3.522482,2004-04-09,3.667661,3.507200,3.648558,3912411
3.140051,3.522482,2004-04-12,3.522482,3.522482,3.522482,0
3.163892,3.549226,2004-04-13,3.587430,3.522482,3.583610,2194501
3.126428,3.507200,2004-04-14,3.667661,3.453714,3.549226,2435691
3.092372,3.468996,2004-04-15,3.537764,3.457534,3.518662,1182045
3.054909,3.426970,2004-04-16,3.488098,3.362022,3.472816,1520709
3.010635,3.377304,2004-04-19,3.446073,3.373484,3.446073,816122
3.048098,3.419329,2004-04-20,3.419329,3.362022,3.381124,619121
3.024258,3.392586,2004-04-21,3.434611,3.369663,3.434611,1084748
3.061720,3.434611,2004-04-22,3.434611,3.381124,3.392586,528559
3.034475,3.404047,2004-04-23,3.533944,3.400227,3.426970,1255627
3.054909,3.426970,2004-04-26,3.465175,3.373484,3.419329,677904
3.092372,3.468996,2004-04-27,3.514841,3.407868,3.438432,1659108
3.048098,3.419329,2004-04-28,3.545405,3.362022,3.495739,2351803
2.914808,3.233272,2004-04-29,3.387237,3.228305,3.327638,1567102
2.932718,3.253138,2004-04-30,3.287905,3.153806,3.233272,1342630
2.932718,3.253138,2004-05-03,3.287905,3.153806,3.233272,0
2.932718,3.253138,2004-05-04,3.287905,3.153806,3.233272,0
2.932718,3.253138,2004-05-05,3.287905,3.153806,3.233272,0
2.932718,3.253138,2004-05-06,3.287905,3.153806,3.233272,0
2.932718,3.253138,2004-05-07,3.287905,3.153806,3.233272,0
2.834214,3.143873,2004-05-10,3.277972,3.138906,3.253138,1372270
2.816304,3.124006,2004-05-11,3.168706,3.089240,3.143873,884121
2.896898,3.213405,2004-05-12,3.233272,3.128973,3.163739,922761
2.870034,3.183606,2004-05-13,3.218372,3.178639,3.218372,582331
2.776008,3.079307,2004-05-14,3.268038,3.074340,3.268038,873728
2.776008,3.079307,2004-05-17,3.143873,3.074340,3.074340,293700
2.811827,3.119040,2004-05-18,3.128973,3.034607,3.059440,814686
2.825259,3.133939,2004-05-19,3.178639,3.069373,3.124006,727625
2.758098,3.059440,2004-05-20,3.143873,3.059440,3.128973,1069499
2.762576,3.064407,2004-05-21,3.109106,3.054473,3.054473,444487
2.776008,3.079307,2004-05-24,3.119040,3.059440,3.119040,310331
2.740188,3.039574,2004-05-25,3.104140,3.034607,3.079307,894591
2.744665,3.044540,2004-05-26,3.069373,3.014740,3.034607,693454
2.780485,3.084273,2004-05-27,3.104140,3.009774,3.054473,656325
2.762576,3.064407,2004-05-28,3.109106,3.054473,3.079307,353974
2.789439,3.094206,2004-05-31,3.099173,3.069373,3.094206,449281
2.820782,3.128973,2004-06-01,3.138906,3.079307,3.099173,1057776
2.789439,3.094206,2004-06-02,3.138906,3.079307,3.138906,703616
2.762576,3.064407,2004-06-03,3.114073,3.054473,3.079307,1123598
2.758098,3.059440,2004-06-04,3.089240,3.059440,3.064407,356455
2.753620,3.054473,2004-06-07,3.059440,3.044540,3.059440,451711
2.758098,3.059440,2004-06-08,3.069373,3.054473,3.054473,653488
2.767052,3.069373,2004-06-09,3.104140,3.054473,3.059440,1985378
2.780485,3.084273,2004-06-10,3.104140,3.059440,3.059440,807043
2.802872,3.109106,2004-06-11,3.128973,3.079307,3.084273,946153
2.762576,3.064407,2004-06-14,3.109106,3.039574,3.109106,1272006
2.776008,3.079307,2004-06-15,3.094206,3.049507,3.054473,667437
2.896898,3.213405,2004-06-16,3.327638,3.158773,3.213405,3695026
2.865556,3.178639,2004-06-17,3.233272,3.163739,3.203472,1916512
2.870034,3.183606,2004-06-18,3.188572,3.128973,3.153806,846244
2.883467,3.198506,2004-06-21,3.208439,3.168706,3.168706,1195407
2.914808,3.233272,2004-06-22,3.268038,3.163739,3.198506,3422219
2.883467,3.198506,2004-06-23,3.228305,3.168706,3.223339,1455654
2.901376,3.218372,2004-06-24,3.253138,3.104140,3.198506,1862566
2.834214,3.143873,2004-06-25,3.253138,3.133939,3.253138,1101905
2.825259,3.133939,2004-06-28,3.173672,3.104140,3.143873,839125
2.901376,3.218372,2004-06-29,3.218372,3.128973,3.133939,1218560
2.919286,3.238239,2004-06-30,3.302805,3.218372,3.243205,3217710
3.040175,3.372337,2004-07-01,3.417037,3.253138,3.253138,4644875
3.084951,3.422004,2004-07-02,3.456770,3.337571,3.377304,3804521
3.089427,3.426970,2004-07-05,3.471670,3.367371,3.422004,1679972
3.067041,3.402137,2004-07-06,3.461737,3.392204,3.426970,1687323
3.067041,3.402137,2004-07-07,3.441870,3.362404,3.377304,1004332
3.156590,3.501470,2004-07-08,3.536236,3.387237,3.417037,4228085
3.089427,3.426970,2004-07-09,3.526303,3.422004,3.526303,2130143
3.004356,3.332604,2004-07-12,3.417037,3.332604,3.402137,2112040
3.102860,3.441870,2004-07-13,3.461737,3.307771,3.307771,1448631
3.170021,3.516369,2004-07-14,3.521336,3.426970,3.466703,4378052
3.183454,3.531269,2004-07-15,3.546169,3.481603,3.521336,1745994
3.214796,3.566036,2004-07-16,3.600802,3.516369,3.531269,4882642
3.210319,3.561069,2004-07-19,3.585902,3.531269,3.566036,2203408
3.187931,3.536236,2004-07-20,3.561069,3.486570,3.561069,1967350
3.178977,3.526303,2004-07-21,3.536236,3.481603,3.536236,1305091
3.116292,3.456770,2004-07-22,3.575969,3.451803,3.561069,2176893
3.210319,3.561069,2004-07-23,3.575969,3.426970,3.441870,2336975
3.255092,3.610735,2004-07-26,3.675301,3.526303,3.566036,5713015
3.223751,3.575969,2004-07-27,3.615702,3.541203,3.610735,1481849
3.255092,3.610735,2004-07-28,3.635568,3.561069,3.595835,975189
3.268525,3.625635,2004-07-29,3.640535,3.585902,3.600802,1653398
3.183454,3.531269,2004-07-30,3.625635,3.526303,3.610735,1090305
3.178977,3.526303,2004-08-02,3.575969,3.506436,3.566036,1128204
3.152112,3.496503,2004-08-03,3.561069,3.491536,3.556102,1423300
3.214796,3.566036,2004-08-04,3.615702,3.466703,3.486570,2026100
3.143157,3.486570,2004-08-05,3.575969,3.476636,3.575969,1207482
3.156590,3.501470,2004-08-06,3.526303,3.426970,3.471670,1586429
3.134202,3.476636,2004-08-09,3.536236,3.441870,3.501470,1550932
3.210319,3.561069,2004-08-10,3.595835,3.476636,3.476636,2352499
3.178977,3.526303,2004-08-11,3.571002,3.521336,3.566036,896214
3.129725,3.471670,2004-08-12,3.521336,3.461737,3.506436,1682722
3.134202,3.476636,2004-08-13,3.516369,3.461737,3.476636,1477093
3.183454,3.531269,2004-08-16,3.546169,3.466703,3.466703,1094576
3.277479,3.635568,2004-08-17,3.675301,3.506436,3.531269,4873148
3.268525,3.625635,2004-08-18,3.650468,3.605769,3.635568,2726262
3.241660,3.595835,2004-08-19,3.645502,3.566036,3.640535,1409317
3.255092,3.610735,2004-08-20,3.625635,3.561069,3.575969,981815
3.187931,3.536236,2004-08-23,3.605769,3.476636,3.590869,1407519
3.192409,3.541203,2004-08-24,3.595835,3.481603,3.521336,723894
3.223751,3.575969,2004-08-25,3.575969,3.511403,3.556102,669982
3.237183,3.590869,2004-08-26,3.600802,3.526303,3.531269,2307283
3.196886,3.546169,2004-08-27,3.590869,3.531269,3.575969,1199418
3.246138,3.600802,2004-08-30,3.620669,3.496503,3.546169,1473507
3.264048,3.620669,2004-08-31,3.749801,3.590869,3.675301,1844512
3.241660,3.595835,2004-09-01,3.630602,3.580936,3.580936,1286658
3.205841,3.556102,2004-09-02,3.645502,3.546169,3.585902,3367250
3.358074,3.724968,2004-09-03,3.784567,3.561069,3.605769,8620678
3.358074,3.724968,2004-09-06,3.754767,3.680268,3.724968,2064609
3.340164,3.705101,2004-09-07,3.720001,3.650468,3.710068,1656459
3.344641,3.710068,2004-09-08,3.715034,3.655435,3.705101,1039007
3.286435,3.645502,2004-09-09,3.700135,3.645502,3.665368,1201212
3.223751,3.575969,2004-09-10,3.635568,3.501470,3.620669,2841155
3.201363,3.551136,2004-09-13,3.566036,3.506436,3.526303,1322644
3.326731,3.690201,2004-09-14,3.700135,3.541203,3.551136,2539849
3.384937,3.754767,2004-09-15,3.873966,3.590869,3.665368,9303755
3.389416,3.759734,2004-09-16,3.779601,3.734901,3.774634,2237684
3.465533,3.844167,2004-09-17,3.849133,3.744834,3.774634,4936977
3.631198,4.027932,2004-09-20,4.072631,3.864033,3.864033,13487462
3.617765,4.013032,2004-09-21,4.052765,3.948466,4.037865,5802627
3.572991,3.963366,2004-09-22,4.003099,3.893833,3.998132,4305952
3.702836,4.107398,2004-09-23,4.112364,3.923633,3.948466,4273085
3.649107,4.047798,2004-09-24,4.162031,3.973299,4.122298,6476809
3.546126,3.933566,2004-09-27,4.112364,3.918666,4.072631,2544519
3.613287,4.008065,2004-09-28,4.013032,3.829267,3.933566,8534637
3.375983,3.744834,2004-09-29,3.978266,3.739868,3.978266,5841949
3.317777,3.680268,2004-09-30,3.764701,3.600802,3.724968,6068425
3.317777,3.680268,2004-10-01,3.764701,3.600802,3.724968,0
3.317777,3.680268,2004-10-04,3.764701,3.600802,3.724968,0
3.317777,3.680268,2004-10-05,3.764701,3.600802,3.724968,0
3.317777,3.680268,2004-10-06,3.764701,3.600802,3.724968,0
3.317777,3.680268,2004-10-07,3.764701,3.600802,3.724968,0
3.438668,3.814367,2004-10-08,3.849133,3.675301,3.675301,4159567
3.393894,3.764701,2004-10-11,3.923633,3.754767,3.814367,8043624
3.322255,3.685235,2004-10-12,3.814367,3.650468,3.715034,2075715
3.407326,3.779601,2004-10-13,3.814367,3.695168,3.695168,6257487
3.290912,3.650468,2004-10-14,3.769667,3.640535,3.769667,3317575
3.219273,3.571002,2004-10-15,3.665368,3.471670,3.625635,5522672
3.286435,3.645502,2004-10-18,3.660402,3.491536,3.660402,1891604
3.223751,3.575969,2004-10-19,3.675301,3.571002,3.571002,1664454
3.295390,3.655435,2004-10-20,3.675301,3.526303,3.575969,2741065
3.340164,3.705101,2004-10-21,3.739868,3.635568,3.635568,2930257
3.402848,3.774634,2004-10-22,3.779601,3.665368,3.705101,2920476
3.335687,3.700135,2004-10-25,3.849133,3.665368,3.799467,6594523
3.416281,3.789534,2004-10-26,3.794500,3.655435,3.700135,3669055
3.474487,3.854100,2004-10-27,3.864033,3.754767,3.814367,3433722
3.420758,3.794500,2004-10-28,3.898800,3.779601,3.873966,2083547
3.425235,3.799467,2004-10-29,3.854100,3.685235,3.724968,2300995
3.367028,3.734901,2004-11-01,3.834233,3.675301,3.774634,1189379
3.290912,3.650468,2004-11-02,3.710068,3.571002,3.700135,4065217
3.367028,3.734901,2004-11-03,3.749801,3.635568,3.675301,3546976
3.367028,3.734901,2004-11-04,3.734901,3.734901,3.734901,0
3.290912,3.650468,2004-11-05,3.675301,3.531269,3.571002,5461904
3.290912,3.650468,2004-11-08,3.690201,3.605769,3.635568,879907
3.362551,3.729934,2004-11-09,3.734901,3.635568,3.640535,1264259
3.501352,3.883900,2004-11-10,3.898800,3.724968,3.754767,5364814
3.434190,3.809400,2004-11-11,3.958399,3.804434,3.898800,5231823
3.523739,3.908733,2004-11-12,3.908733,3.814367,3.814367,2598716
3.599855,3.993165,2004-11-15,4.022965,3.913699,3.918666,5260154
3.559559,3.948466,2004-11-16,3.998132,3.933566,3.998132,5010443
3.541649,3.928599,2004-11-17,3.968332,3.913699,3.948466,1853500
3.631198,4.027932,2004-11-18,4.042832,3.873966,3.923633,2877542
3.734178,4.142164,2004-11-19,4.142164,4.032898,4.032898,6943150
3.752088,4.162031,2004-11-22,4.226597,4.107398,4.142164,5670644
3.675972,4.077598,2004-11-23,4.196797,4.052765,4.181897,3795000
3.635674,4.032898,2004-11-24,4.092498,4.013032,4.072631,2616368
3.626720,4.022965,2004-11-25,4.072631,4.003099,4.022965,1832310
3.653585,4.052765,2004-11-26,4.072631,4.022965,4.022965,1004845
3.550604,3.938533,2004-11-29,4.022965,3.933566,4.013032,1669860
3.581946,3.973299,2004-11-30,3.998132,3.878933,3.878933,1162914
3.555081,3.943499,2004-12-01,3.983232,3.918666,3.973299,1043255
3.541649,3.928599,2004-12-02,4.221630,3.888866,3.928599,1330318
3.572991,3.963366,2004-12-03,4.022965,3.928599,3.973299,809702
3.617765,4.013032,2004-12-06,4.022965,3.898800,3.898800,507860
3.577468,3.968332,2004-12-07,4.082565,3.963366,4.022965,2432638
3.586423,3.978266,2004-12-08,4.052765,3.948466,4.022965,2426229
3.617765,4.013032,2004-12-09,4.062698,3.913699,3.953432,918064
3.550604,3.938533,2004-12-10,4.022965,3.933566,3.978266,573127
3.586423,3.978266,2004-12-13,3.998132,3.898800,3.928599,982401
3.595377,3.988199,2004-12-14,4.032898,3.973299,3.973299,951567
3.631198,4.027932,2004-12-15,4.032898,3.958399,3.983232,1094803
3.604332,3.998132,2004-12-16,4.042832,3.988199,4.013032,505582
3.662539,4.062698,2004-12-17,4.097465,3.948466,3.988199,1263463
3.523739,3.908733,2004-12-20,4.032898,3.893833,3.998132,1324412
3.478965,3.859067,2004-12-21,3.918666,3.824300,3.878933,1003397
3.577468,3.968332,2004-12-22,3.968332,3.854100,3.873966,731674
3.568513,3.958399,2004-12-23,3.973299,3.893833,3.958399,738650
3.595377,3.988199,2004-12-24,3.998132,3.943499,3.943499,1108807
3.631198,4.027932,2004-12-27,4.032898,3.978266,3.983232,1287667
3.640152,4.037865,2004-12-28,4.037865,4.008065,4.027932,417575
3.631198,4.027932,2004-12-29,4.057732,3.973299,4.037865,881633
3.671494,4.072631,2004-12-30,4.072631,3.998132,4.013032,1023324
3.653585,4.052765,2004-12-31,4.092498,4.022965,4.072631,1096249
3.653585,4.052765,2005-01-03,4.092498,4.022965,4.072631,0
3.546126,3.933566,2005-01-04,4.042832,3.913699,4.042832,1184355
3.555081,3.943499,2005-01-05,3.998132,3.873966,3.923633,715657
3.537171,3.923633,2005-01-06,3.948466,3.913699,3.933566,1100369
3.635674,4.032898,2005-01-07,4.072631,3.908733,3.928599,1045732
3.640152,4.037865,2005-01-10,4.052765,3.988199,4.013032,311881
3.613287,4.008065,2005-01-11,4.082565,3.983232,4.082565,171160
3.622243,4.017999,2005-01-12,4.017999,3.953432,3.953432,202660
3.514785,3.898800,2005-01-13,3.998132,3.873966,3.973299,2514037
3.537171,3.923633,2005-01-14,3.988199,3.878933,3.903766,1964064
3.443145,3.819334,2005-01-17,3.923633,3.764701,3.839200,2312351
3.447622,3.824300,2005-01-18,3.844167,3.685235,3.824300,1016046
3.532693,3.918666,2005-01-19,3.948466,3.749801,3.774634,2259774
3.362551,3.729934,2005-01-20,3.869000,3.715034,3.834233,1085465
3.375983,3.744834,2005-01-21,3.869000,3.715034,3.734901,1263918
3.438668,3.814367,2005-01-24,3.864033,3.739868,3.819334,2875246
3.420758,3.794500,2005-01-25,3.809400,3.734901,3.799467,580480
3.308822,3.670335,2005-01-26,3.799467,3.640535,3.799467,1756553
3.281958,3.640535,2005-01-27,3.680268,3.590869,3.655435,954010
3.299868,3.660402,2005-01-28,3.680268,3.575969,3.620669,673777
3.335687,3.700135,2005-01-31,3.715034,3.590869,3.610735,787923
3.317777,3.680268,2005-02-01,3.700135,3.630602,3.670335,588145
3.487919,3.869000,2005-02-02,3.873966,3.680268,3.680268,2141535
3.447622,3.824300,2005-02-03,3.898800,3.779601,3.834233,1950085
3.487919,3.869000,2005-02-04,3.903766,3.774634,3.799467,1694346
3.487919,3.869000,2005-02-07,3.903766,3.774634,3.799467,0
3.487919,3.869000,2005-02-08,3.903766,3.774634,3.799467,0
3.487919,3.869000,2005-02-09,3.903766,3.774634,3.799467,0
3.487919,3.869000,2005-02-10,3.903766,3.774634,3.799467,0
3.487919,3.869000,2005-02-11,3.903766,3.774634,3.799467,0
3.487919,3.869000,2005-02-14,3.903766,3.774634,3.799467,0
3.487919,3.869000,2005-02-15,3.903766,3.774634,3.799467,0
3.483442,3.864033,2005-02-16,3.893833,3.834233,3.878933,715268
3.461055,3.839200,2005-02-17,3.864033,3.799467,3.864033,1162326
3.411803,3.784567,2005-02-18,3.839200,3.774634,3.839200,1238466
3.456577,3.834233,2005-02-21,3.844167,3.724968,3.779601,2080990
3.537171,3.923633,2005-02-22,3.963366,3.734901,3.804434,2106853
3.541649,3.928599,2005-02-23,3.948466,3.888866,3.923633,986609
3.487919,3.869000,2005-02-24,3.928599,3.819334,3.928599,1373166
3.470009,3.849133,2005-02-25,3.918666,3.824300,3.864033,2019283
3.514785,3.898800,2005-02-28,3.913699,3.849133,3.849133,1735742
3.487919,3.869000,2005-03-01,3.948466,3.844167,3.898800,1853387
3.429713,3.804434,2005-03-02,3.893833,3.774634,3.873966,882482
3.461055,3.839200,2005-03-03,3.869000,3.700135,3.769667,1571375
3.420758,3.794500,2005-03-04,3.854100,3.764701,3.814367,1041627
3.407326,3.779601,2005-03-07,3.794500,3.724968,3.749801,902685
3.465533,3.844167,2005-03-08,3.849133,3.759734,3.819334,1014576
3.501352,3.883900,2005-03-09,3.893833,3.824300,3.849133,1495565
3.425235,3.799467,2005-03-10,3.883900,3.749801,3.883900,1053792
3.313299,3.675301,2005-03-11,3.799467,3.655435,3.794500,1896269
3.389416,3.759734,2005-03-14,3.789534,3.625635,3.675301,1387660
3.308822,3.670335,2005-03-15,3.764701,3.650468,3.764701,831148
3.281958,3.640535,2005-03-16,3.690201,3.630602,3.665368,648237
3.281958,3.640535,2005-03-17,3.675301,3.625635,3.625635,365254
3.152112,3.496503,2005-03-18,3.670335,3.496503,3.625635,917323
3.187931,3.536236,2005-03-21,3.605769,3.451803,3.476636,1925426
3.187931,3.536236,2005-03-22,3.536236,3.536236,3.536236,0
3.152112,3.496503,2005-03-23,3.566036,3.277972,3.526303,3139484
3.219273,3.571002,2005-03-24,3.571002,3.431937,3.431937,1518902
3.246138,3.600802,2005-03-25,3.665368,3.541203,3.571002,1068115
3.259570,3.615702,2005-03-28,3.630602,3.536236,3.605769,972417
3.250616,3.605769,2005-03-29,3.650468,3.476636,3.595835,1555160
3.156590,3.501470,2005-03-30,3.575969,3.501470,3.506436,1821277
3.237183,3.590869,2005-03-31,3.680268,3.486570,3.496503,1280569
3.295390,3.655435,2005-04-01,3.685235,3.526303,3.595835,2955754
3.299868,3.660402,2005-04-04,3.734901,3.580936,3.650468,1864505
3.389416,3.759734,2005-04-05,3.799467,3.630602,3.660402,3086998
3.514785,3.898800,2005-04-06,3.933566,3.729934,3.754767,3964616
3.496874,3.878933,2005-04-07,3.998132,3.854100,3.898800,4044918
3.595377,3.988199,2005-04-08,4.032898,3.869000,3.873966,4106584
3.716268,4.122298,2005-04-11,4.157064,3.973299,3.983232,7678698
3.671494,4.072631,2005-04-12,4.117331,3.973299,4.117331,2421105
3.653585,4.052765,2005-04-13,4.186864,3.953432,4.072631,2999135
3.599855,3.993165,2005-04-14,4.072631,3.968332,4.052765,2823259
3.644629,4.042832,2005-04-15,4.052765,3.958399,3.968332,2085939
3.595377,3.988199,2005-04-18,4.017999,3.923633,4.017999,977418
3.586423,3.978266,2005-04-19,4.047798,3.928599,3.933566,1810451
3.581946,3.973299,2005-04-20,3.983232,3.878933,3.973299,1752816
3.702836,4.107398,2005-04-21,4.132231,3.938533,3.948466,2457133
3.734178,4.142164,2005-04-22,4.206730,4.072631,4.072631,3282021
3.702836,4.107398,2005-04-25,4.137198,3.983232,4.137198,1118699
3.792385,4.206730,2005-04-26,4.216664,4.072631,4.107398,2198829
3.738656,4.147131,2005-04-27,4.271296,4.112364,4.147131,2119419
3.828203,4.246463,2005-04-28,4.271296,4.102431,4.152097,1523777
3.850591,4.271296,2005-04-29,4.276263,4.077598,4.246463,2438674
3.850591,4.271296,2005-05-02,4.276263,4.077598,4.246463,0
3.850591,4.271296,2005-05-03,4.276263,4.077598,4.246463,0
3.850591,4.271296,2005-05-04,4.276263,4.077598,4.246463,0
3.850591,4.271296,2005-05-05,4.276263,4.077598,4.246463,0
3.850591,4.271296,2005-05-06,4.276263,4.077598,4.246463,0
3.693882,4.097465,2005-05-09,4.211697,4.072631,4.211697,603121
3.756565,4.166997,2005-05-10,4.206730,3.948466,4.052765,1870022
3.581946,3.973299,2005-05-11,4.166997,3.963366,4.117331,1078040
3.568513,3.958399,2005-05-12,4.017999,3.923633,3.943499,1039464
3.631198,4.027932,2005-05-13,4.032898,3.913699,3.913699,1358431
3.568513,3.958399,2005-05-16,3.998132,3.943499,3.998132,135806
3.662539,4.062698,2005-05-17,4.072631,3.978266,3.978266,479987
3.707313,4.112364,2005-05-18,4.122298,3.923633,4.072631,746140
3.662539,4.062698,2005-05-19,4.107398,4.027932,4.062698,204104
3.689404,4.092498,2005-05-20,4.107398,4.022965,4.072631,420047
3.662539,4.062698,2005-05-23,4.082565,3.973299,4.052765,414851
3.590900,3.983232,2005-05-24,4.057732,3.913699,4.052765,971082
3.510307,3.893833,2005-05-25,4.013032,3.893833,3.968332,289611
3.358074,3.724968,2005-05-26,3.898800,3.670335,3.864033,864512
3.277479,3.635568,2005-05-27,3.749801,3.625635,3.675301,545209
3.183454,3.531269,2005-05-30,3.615702,3.481603,3.615702,986742
3.322255,3.685235,2005-05-31,3.774634,3.551136,3.551136,2778271
3.264048,3.620669,2005-06-01,3.670335,3.566036,3.635568,1674356
3.228229,3.580936,2005-06-02,3.759734,3.531269,3.620669,2871024
3.286435,3.645502,2005-06-03,3.675301,3.471670,3.575969,1155927
3.290912,3.650468,2005-06-06,3.690201,3.551136,3.561069,593632
3.205841,3.556102,2005-06-07,3.720001,3.551136,3.670335,741751
3.496874,3.878933,2005-06-08,3.908733,3.575969,3.575969,1604806
3.492396,3.873966,2005-06-09,3.933566,3.834233,3.873966,1287786
3.384937,3.754767,2005-06-10,3.864033,3.715034,3.839200,528775
3.452100,3.829267,2005-06-13,3.849133,3.690201,3.789534,477994
3.429713,3.804434,2005-06-14,3.873966,3.739868,3.824300,263861
3.367028,3.734901,2005-06-15,3.774634,3.665368,3.739868,291546
3.362551,3.729934,2005-06-16,3.734901,3.580936,3.720001,696330
3.402848,3.774634,2005-06-17,3.973299,3.615702,3.705101,1557581
3.470009,3.849133,2005-06-20,3.888866,3.774634,3.774634,790758
3.429713,3.804434,2005-06-21,3.869000,3.799467,3.849133,303022
3.384937,3.754767,2005-06-22,3.864033,3.749801,3.784567,331210
3.470009,3.849133,2005-06-23,3.883900,3.759734,3.774634,1412979
3.532693,3.918666,2005-06-24,3.973299,3.784567,3.794500,2552182
3.568513,3.958399,2005-06-27,4.122298,3.923633,3.963366,5248834
3.568513,3.958399,2005-06-28,3.958399,3.958399,3.958399,0
3.635674,4.032898,2005-06-29,4.097465,3.878933,3.928599,1081559
3.572991,3.963366,2005-06-30,3.973299,3.839200,3.973299,912833
3.456577,3.834233,2005-07-01,3.918666,3.749801,3.918666,1196043
3.389416,3.759734,2005-07-04,3.779601,3.705101,3.779601,365781
3.313299,3.675301,2005-07-05,3.774634,3.665368,3.744834,943191
3.246138,3.600802,2005-07-06,3.700135,3.476636,3.675301,2818195
3.237183,3.590869,2005-07-07,3.665368,3.561069,3.566036,837188
3.273002,3.630602,2005-07-08,3.630602,3.566036,3.600802,846065
3.295390,3.655435,2005-07-11,3.724968,3.625635,3.650468,387705
3.358074,3.724968,2005-07-12,3.749801,3.645502,3.660402,1686312
3.353597,3.720001,2005-07-13,3.749801,3.685235,3.749801,1158378
3.358074,3.724968,2005-07-14,3.779601,3.715034,3.715034,1933506
3.335687,3.700135,2005-07-15,3.769667,3.685235,3.724968,322351
3.331179,3.670335,2005-07-18,3.675301,3.630602,3.630602,103088
3.344702,3.685235,2005-07-19,3.724968,3.670335,3.710068,80537
3.394286,3.739868,2005-07-20,3.849133,3.675301,3.680268,1064707
3.412317,3.759734,2005-07-21,3.759734,3.700135,3.700135,530823
3.479932,3.834233,2005-07-22,3.849133,3.710068,3.749801,787597
3.497963,3.854100,2005-07-25,3.854100,3.779601,3.819334,492793
3.515994,3.873966,2005-07-26,3.878933,3.784567,3.849133,1517839
3.538532,3.898800,2005-07-27,3.973299,3.849133,3.873966,1615777
3.493455,3.849133,2005-07-28,3.923633,3.824300,3.898800,943620
3.466410,3.819334,2005-07-29,3.859067,3.809400,3.824300,411748
3.470917,3.824300,2005-08-01,3.873966,3.804434,3.854100,517776
3.506978,3.864033,2005-08-02,3.864033,3.724968,3.814367,2335966
3.606148,3.973299,2005-08-03,4.022965,3.849133,3.849133,3966360
3.565578,3.928599,2005-08-04,3.973299,3.923633,3.943499,525894
3.601640,3.968332,2005-08-05,3.978266,3.918666,3.953432,3931547
3.633194,4.003099,2005-08-08,4.047798,3.943499,3.998132,2617472
3.678271,4.052765,2005-08-09,4.057732,3.978266,4.013032,2096433
3.687286,4.062698,2005-08-10,4.067665,4.022965,4.052765,2021272
3.741378,4.122298,2005-08-11,4.147131,4.032898,4.062698,3206987
3.777440,4.162031,2005-08-12,4.266330,4.122298,4.147131,4955490
3.813502,4.201764,2005-08-15,4.236530,4.137198,4.162031,2535229
3.840547,4.231563,2005-08-16,4.291163,4.206730,4.206730,4403073
3.980286,4.385529,2005-08-17,4.395462,4.206730,4.251430,11044864
3.777440,4.162031,2005-08-18,4.464995,4.132231,4.435195,12981165
3.858578,4.251430,2005-08-19,4.256397,4.112364,4.162031,4723524
3.854070,4.246463,2005-08-22,4.286196,4.196797,4.241497,3388015
3.741378,4.122298,2005-08-23,4.266330,4.097465,4.266330,2280681
3.781947,4.166997,2005-08-24,4.201764,4.127264,4.171964,1958575
3.822517,4.211697,2005-08-25,4.251430,4.137198,4.181897,4425371
3.795470,4.181897,2005-08-26,4.231563,4.171964,4.221630,1830309
3.759409,4.142164,2005-08-29,4.216664,4.112364,4.147131,2248674
3.795470,4.181897,2005-08-30,4.191830,4.097465,4.117331,1004281
3.804486,4.191830,2005-08-31,4.206730,4.067665,4.191830,1915780
3.872101,4.266330,2005-09-01,4.286196,4.102431,4.176931,3389777
3.867593,4.261363,2005-09-02,4.311029,4.226597,4.286196,4392887
4.016348,4.425262,2005-09-05,4.450095,4.231563,4.261363,6266376
4.025362,4.435195,2005-09-06,4.564327,4.385529,4.425262,7654802
4.065932,4.479895,2005-09-07,4.484861,4.385529,4.420295,4425426
4.070439,4.484861,2005-09-08,4.524594,4.420295,4.514661,3633628
3.975777,4.380562,2005-09-09,4.519628,4.345796,4.445128,1634482
3.998316,4.405395,2005-09-12,4.415328,4.330896,4.380562,871624
4.083962,4.499761,2005-09-13,4.499761,4.375595,4.464995,5323756
4.404007,4.852391,2005-09-14,4.951724,4.509694,4.514661,15324799
4.381470,4.827558,2005-09-15,4.852391,4.718293,4.832525,5768068
4.426546,4.877225,2005-09-16,4.911991,4.797759,4.797759,5394039
4.426546,4.877225,2005-09-19,4.892124,4.797759,4.867291,2573885
4.507685,4.966624,2005-09-20,5.060990,4.857358,4.872258,5889924
4.615870,5.085823,2005-09-21,5.363954,4.966624,4.966624,11797900
4.516699,4.976557,2005-09-22,5.115623,4.822592,5.075890,5770331
4.633900,5.105689,2005-09-23,5.214955,4.966624,4.966624,4136197
4.651930,5.125556,2005-09-26,5.264621,5.016290,5.105689,4660606
4.444576,4.897091,2005-09-27,5.155356,4.877225,5.056023,3570578
4.669961,5.145422,2005-09-28,5.190122,4.887158,4.892124,6221269
4.692500,5.170255,2005-09-29,5.249721,5.115623,5.115623,3656946
4.796176,5.284488,2005-09-30,5.314287,5.070923,5.200055,1866613
4.796176,5.284488,2005-10-03,5.314287,5.070923,5.200055,0
4.796176,5.284488,2005-10-04,5.314287,5.070923,5.200055,0
4.796176,5.284488,2005-10-05,5.314287,5.070923,5.200055,0
4.796176,5.284488,2005-10-06,5.314287,5.070923,5.200055,0
4.796176,5.284488,2005-10-07,5.314287,5.070923,5.200055,0
4.944931,5.448386,2005-10-10,5.562619,5.249721,5.284488,3556431
4.958454,5.463286,2005-10-11,5.512952,5.388787,5.438453,1455074
5.057623,5.572552,2005-10-12,5.587452,5.413620,5.517919,2458162
4.872807,5.368920,2005-10-13,5.597385,5.324221,5.567585,2797493
4.642915,5.115623,2005-10-14,5.388787,5.041123,5.368920,15133743
4.548253,5.011323,2005-10-17,5.170255,4.931857,5.090789,5092360
4.651930,5.125556,2005-10-18,5.155356,5.016290,5.016290,4261486
4.597838,5.065956,2005-10-19,5.190122,5.016290,5.155356,5848694
4.660945,5.135489,2005-10-20,5.279521,5.041123,5.065956,4683456
4.687992,5.165289,2005-10-21,5.219922,5.080856,5.140456,2702628
4.431055,4.882191,2005-10-24,5.155356,4.817625,5.145422,6592314
4.413024,4.862325,2005-10-25,4.907024,4.733192,4.827558,7567929
4.309346,4.748092,2005-10-26,4.847425,4.693459,4.767959,6222485
4.440069,4.892124,2005-10-27,4.907024,4.718293,4.718293,2165591
4.394993,4.842458,2005-10-28,4.902058,4.802725,4.882191,1927953
4.476131,4.931857,2005-10-31,5.006357,4.772925,4.822592,3646257
4.525715,4.986490,2005-11-01,5.031190,4.941791,4.966624,2348601
4.552762,5.016290,2005-11-02,5.051056,4.976557,4.991457,1644922
4.516699,4.976557,2005-11-03,5.065956,4.926891,5.065956,888827
4.543747,5.006357,2005-11-04,5.026223,4.867291,4.991457,2158468
4.543747,5.006357,2005-11-07,5.006357,5.006357,5.006357,0
4.543747,5.006357,2005-11-08,5.006357,5.006357,5.006357,0
4.543747,5.006357,2005-11-09,5.006357,5.006357,5.006357,0
4.543747,5.006357,2005-11-10,5.006357,5.006357,5.006357,0
4.543747,5.006357,2005-11-11,5.006357,5.006357,5.006357,0
4.543747,5.006357,2005-11-14,5.006357,5.006357,5.006357,0
4.543747,5.006357,2005-11-15,5.006357,5.006357,5.006357,0
4.543747,5.006357,2005-11-16,5.006357,5.006357,5.006357,0
4.327377,4.767959,2005-11-17,4.892124,4.633860,4.767959,4543097
4.336392,4.777892,2005-11-18,4.857358,4.673593,4.678560,1857420
4.354424,4.797759,2005-11-21,4.812658,4.762992,4.767959,510262
4.340901,4.782859,2005-11-22,4.787825,4.618960,4.618960,1270025
4.372454,4.817625,2005-11-23,4.837492,4.718293,4.787825,1267943
4.467115,4.921924,2005-11-24,5.016290,4.807692,4.807692,2179051
4.516699,4.976557,2005-11-25,5.006357,4.916958,4.916958,773644
4.552762,5.016290,2005-11-28,5.041123,4.966624,5.006357,861329
4.426546,4.877225,2005-11-29,5.031190,4.832525,5.016290,1215674
4.413024,4.862325,2005-11-30,4.892124,4.758026,4.852391,1394768
4.512192,4.971590,2005-12-01,5.016290,4.807692,4.862325,1551657
4.512192,4.971590,2005-12-02,4.971590,4.971590,4.971590,0
4.512192,4.971590,2005-12-05,4.971590,4.971590,4.971590,0
4.512192,4.971590,2005-12-06,4.971590,4.971590,4.971590,0
4.512192,4.971590,2005-12-07,4.971590,4.971590,4.971590,0
4.512192,4.971590,2005-12-08,4.971590,4.971590,4.971590,0
4.512192,4.971590,2005-12-09,4.971590,4.971590,4.971590,0
4.512192,4.971590,2005-12-12,4.971590,4.971590,4.971590,0
4.512192,4.971590,2005-12-13,4.971590,4.971590,4.971590,0
4.512192,4.971590,2005-12-14,4.971590,4.971590,4.971590,0
4.512192,4.971590,2005-12-15,4.971590,4.971590,4.971590,0
4.192147,4.618960,2005-12-16,4.907024,4.474928,4.767959,18158222
4.169609,4.594127,2005-12-19,4.638827,4.534527,4.594127,2679771
4.160594,4.584194,2005-12-20,4.623927,4.574260,4.613993,2530308
4.444576,4.897091,2005-12-21,4.941791,4.668626,4.708359,8934223
4.597838,5.065956,2005-12-22,5.200055,4.792792,4.847425,8919571
4.606854,5.075890,2005-12-23,5.140456,5.001390,5.090789,2481592
4.633900,5.105689,2005-12-26,5.259655,5.056023,5.100723,4646401
4.561777,5.026223,2005-12-27,5.115623,4.996424,5.115623,3595671
4.507685,4.966624,2005-12-28,5.060990,4.926891,5.006357,4885195
4.606854,5.075890,2005-12-29,5.080856,4.907024,4.966624,7073532
4.638407,5.110656,2005-12-30,5.160322,4.941791,5.065956,5880402
4.552762,5.016290,2006-01-04,5.056023,4.907024,4.991457,9862902
4.597838,5.065956,2006-01-05,5.100723,4.971590,5.016290,4963820
4.886330,5.383820,2006-01-06,5.512952,5.065956,5.065956,12060191
4.881822,5.378854,2006-01-09,5.438453,5.314287,5.403687,6235468
4.872807,5.368920,2006-01-10,5.488119,5.329187,5.363954,5937938
5.237929,5.771217,2006-01-11,5.810950,5.363954,5.388787,11856924
5.305545,5.845716,2006-01-12,5.945049,5.661951,5.736451,7434516
5.269484,5.805983,2006-01-13,5.945049,5.691751,5.855650,4240568
4.994514,5.503019,2006-01-16,5.801017,5.473219,5.801017,5696621
4.926900,5.428520,2006-01-17,5.547719,5.214955,5.473219,4638412
4.999022,5.507986,2006-01-18,5.597385,5.363954,5.363954,5190505
5.084669,5.602352,2006-01-19,5.637118,5.403687,5.498053,2973128
5.003530,5.512952,2006-01-20,5.671884,5.438453,5.537786,8199967
5.102699,5.622218,2006-01-23,5.731484,5.378854,5.512952,3827535
5.301038,5.840750,2006-01-24,5.855650,5.562619,5.622218,7128477
5.301038,5.840750,2006-01-25,5.860616,5.701684,5.761284,5861158
5.174821,5.701684,2006-02-06,5.840750,5.666918,5.840750,4810422
5.292020,5.830816,2006-02-07,6.074181,5.711617,5.711617,11092727
5.165806,5.691751,2006-02-08,5.830816,5.652018,5.820883,9376040
5.003530,5.512952,2006-02-09,5.751350,5.463286,5.691751,5640038
5.174821,5.701684,2006-02-10,5.726517,5.473219,5.512952,5704387
5.246945,5.781150,2006-02-13,5.786117,5.562619,5.706651,2920992
5.237929,5.771217,2006-02-14,5.805983,5.637118,5.781150,4084134
5.134253,5.656985,2006-02-15,5.786117,5.622218,5.711617,1703879
4.890839,5.388787,2006-02-16,5.711617,5.368920,5.671884,5466896
4.751099,5.234821,2006-02-17,5.388787,5.214955,5.363954,5100015
4.796176,5.284488,2006-02-20,5.329187,5.175222,5.205022,3820860
4.872807,5.368920,2006-02-21,5.373887,5.130522,5.244755,2872357
4.868300,5.363954,2006-02-22,5.468253,5.309321,5.373887,3105763
4.692500,5.170255,2006-02-23,5.413620,5.140456,5.324221,4012181
4.805192,5.294421,2006-02-24,5.363954,5.140456,5.254688,6469146
4.733069,5.214955,2006-02-27,5.354020,5.170255,5.294421,3706863
4.669961,5.145422,2006-02-28,5.214955,5.021257,5.214955,4704122
4.674469,5.150389,2006-03-01,5.185155,5.075890,5.145422,4838231
4.773638,5.259655,2006-03-02,5.339121,5.150389,5.185155,8434384
4.836745,5.329187,2006-03-03,5.398720,5.214955,5.259655,6783450
4.706023,5.185155,2006-03-06,5.438453,5.155356,5.438453,4470247
4.543747,5.006357,2006-03-07,5.190122,4.996424,5.165289,5649911
4.597838,5.065956,2006-03-08,5.065956,4.986490,5.006357,2353121
4.579807,5.046090,2006-03-09,5.095756,4.966624,5.051056,2124233
4.579807,5.046090,2006-03-10,5.080856,5.026223,5.046090,966912
4.606854,5.075890,2006-03-13,5.085823,4.911991,5.041123,8460482
4.575300,5.041123,2006-03-14,5.145422,4.991457,5.140456,6358040
4.710532,5.190122,2006-03-15,5.214955,5.041123,5.041123,13233904
4.620377,5.090789,2006-03-16,5.224888,5.065956,5.195089,9073903
4.426546,4.877225,2006-03-17,5.090789,4.852391,5.090789,11987405
4.498670,4.956691,2006-03-20,4.991457,4.782859,4.867291,8340574
4.588823,5.056023,2006-03-21,5.085823,4.902058,4.941791,6974666
4.602346,5.070923,2006-03-22,5.115623,5.016290,5.056023,5847800
4.692500,5.170255,2006-03-23,5.229855,5.075890,5.075890,10524053
4.611362,5.080856,2006-03-24,5.200055,5.065956,5.190122,6789615
4.687992,5.165289,2006-03-27,5.170255,5.041123,5.065956,3866237
4.823223,5.314287,2006-03-28,5.378854,5.165289,5.165289,7160430
4.823223,5.314287,2006-03-29,5.473219,5.304354,5.314287,11670957
4.660945,5.135489,2006-03-30,5.358987,5.130522,5.289454,10028674
4.660945,5.135489,2006-03-31,5.135489,5.135489,5.135489,0
5.053114,5.567585,2006-04-03,5.587452,5.130522,5.229855,18917774
5.008038,5.517919,2006-04-04,5.622218,5.388787,5.572552,15844655
5.251453,5.786117,2006-04-05,5.835783,5.443420,5.522886,19597528
5.197360,5.726517,2006-04-06,5.905316,5.721551,5.786117,16121438
5.273991,5.810950,2006-04-07,5.935116,5.661951,5.711617,18760144
5.273991,5.810950,2006-04-10,5.810950,5.810950,5.810950,0
5.273991,5.810950,2006-04-11,5.810950,5.810950,5.810950,0
5.273991,5.810950,2006-04-12,5.810950,5.810950,5.810950,0
5.273991,5.810950,2006-04-13,5.810950,5.810950,5.810950,0
5.273991,5.810950,2006-04-14,5.810950,5.810950,5.810950,0
5.273991,5.810950,2006-04-17,5.810950,5.810950,5.810950,0
5.273991,5.810950,2006-04-18,5.810950,5.810950,5.810950,0
5.273991,5.810950,2006-04-19,5.810950,5.810950,5.810950,0
5.030576,5.542752,2006-04-20,6.357279,5.503019,6.357279,28347648
4.737577,5.219922,2006-04-21,5.652018,4.986490,5.413620,24015551
4.660945,5.135489,2006-04-24,5.209988,4.723259,5.205022,21037490
4.719546,5.200055,2006-04-25,5.354020,4.996424,5.001390,19942899
4.719546,5.200055,2006-04-26,5.200055,5.200055,5.200055,0
4.719546,5.200055,2006-04-27,5.200055,5.200055,5.200055,0
4.719546,5.200055,2006-04-28,5.200055,5.200055,5.200055,0
4.719546,5.200055,2006-05-08,5.200055,5.200055,5.200055,0
4.719546,5.200055,2006-05-09,5.200055,5.200055,5.200055,0
4.719546,5.200055,2006-05-10,5.200055,5.200055,5.200055,0
4.719546,5.200055,2006-05-11,5.200055,5.200055,5.200055,0
4.719546,5.200055,2006-05-12,5.200055,5.200055,5.200055,0
4.719546,5.200055,2006-05-15,5.200055,5.200055,5.200055,0
4.719546,5.200055,2006-05-16,5.200055,5.200055,5.200055,0
4.719546,5.200055,2006-05-17,5.200055,5.200055,5.200055,0
4.719546,5.200055,2006-05-18,5.200055,5.200055,5.200055,0
6.041019,6.656071,2006-05-19,6.656071,6.656071,6.656071,0
5.377487,5.924984,2006-05-22,6.274634,5.657978,6.274634,44441616
5.412106,5.963127,2006-05-23,6.109345,5.721551,5.842339,22146883
5.204392,5.734265,2006-05-24,6.071201,5.651621,5.956770,14099277
5.198624,5.727908,2006-05-25,5.797838,5.613477,5.657978,9242774
5.198624,5.727908,2006-05-26,5.727908,5.727908,5.727908,0
5.377487,5.924984,2006-05-29,5.963127,5.721551,5.835982,12148184
5.377487,5.924984,2006-05-30,5.963127,5.721551,5.835982,12146
5.821765,6.414494,2006-05-31,6.668785,6.357279,6.662428,20941152
6.058328,6.675143,2006-06-01,6.757787,6.389065,6.395422,12067212
5.891002,6.490781,2006-06-02,6.738715,6.414494,6.738715,10758665
5.896774,6.497139,2006-06-05,6.567069,6.223776,6.490781,8867660
6.133337,6.757787,2006-06-06,6.834075,6.312778,6.433566,13177958
5.758297,6.344564,2006-06-07,6.802288,6.331849,6.764144,11255529
5.937162,6.541640,2006-06-08,6.586141,6.293706,6.325492,9303502
5.879463,6.478067,2006-06-09,6.789574,6.420851,6.484424,12117130
5.446516,5.942148,2006-06-12,6.396694,5.826446,6.206611,6338228
5.605594,6.115702,2006-06-13,6.198347,5.867768,5.876033,7132520
5.461666,5.958677,2006-06-14,6.057851,5.842975,5.958677,3108053
5.378339,5.867768,2006-06-15,6.016528,5.801652,5.991735,4162703
5.544992,6.049586,2006-06-16,6.057851,5.826446,5.909090,6583729
5.931324,6.471074,2006-06-19,6.652892,5.991735,6.049586,14692833
5.984350,6.528925,2006-06-20,6.710743,6.363636,6.487603,9640140
5.991925,6.537190,2006-06-21,6.702479,6.454545,6.495867,6945102
5.991925,6.537190,2006-06-22,6.677685,6.479338,6.528925,5274485
6.287355,6.859504,2006-06-23,6.966942,6.537190,6.537190,13129212
6.363106,6.942148,2006-06-26,7.024793,6.785123,6.867768,8793659
6.241904,6.809917,2006-06-27,6.942148,6.776859,6.942148,5243551
6.166152,6.727272,2006-06-28,6.793388,6.611570,6.793388,6249958
6.249479,6.818181,2006-06-29,6.900826,6.727272,6.776859,9517158
6.158577,6.719008,2006-06-30,6.842975,6.628099,6.818181,5831284
6.340381,6.917355,2006-07-03,6.975206,6.636363,6.760330,9322667
6.188879,6.752066,2006-07-04,6.958677,6.702479,6.942148,6487099
6.135852,6.694214,2006-07-05,6.760330,6.628099,6.735537,3658588
6.287355,6.859504,2006-07-06,6.925619,6.628099,6.727272,6215340
6.355532,6.933884,2006-07-07,7.033057,6.818181,6.876033,11575916
6.469158,7.057851,2006-07-10,7.115702,6.826446,6.933884,9200095
6.454008,7.041322,2006-07-11,7.132231,6.975206,7.123966,5869513
6.219178,6.785123,2006-07-12,7.041322,6.719008,7.041322,13551784
5.598018,6.107438,2006-07-13,6.776859,6.107438,6.776859,17470566
5.666195,6.181818,2006-07-14,6.305785,6.033057,6.033057,5626787
5.817697,6.347107,2006-07-17,6.438016,6.198347,6.198347,4966682
5.741946,6.264462,2006-07-18,6.404958,6.173553,6.322314,5178179
5.560142,6.066115,2006-07-19,6.272727,5.958677,6.190082,6434573
5.711645,6.231404,2006-07-20,6.297520,5.991735,6.066115,3900298
5.749522,6.272727,2006-07-21,6.314049,6.132231,6.264462,3462211
5.764671,6.289256,2006-07-24,6.338842,6.033057,6.157024,3506362
6.113128,6.669421,2006-07-25,6.917355,6.231404,6.305785,16072616
6.120701,6.677685,2006-07-26,6.760330,6.512396,6.661157,6241719
5.855572,6.388429,2006-07-27,6.694214,6.264462,6.611570,11229338
5.749522,6.272727,2006-07-28,6.388429,6.165289,6.388429,6303035
5.514692,6.016528,2006-07-31,6.322314,5.933884,6.247933,5245219
5.582869,6.090909,2006-08-01,6.140495,5.991735,6.000000,4449476
5.507117,6.008264,2006-08-02,6.115702,5.909090,6.090909,2451129
5.484391,5.983471,2006-08-03,6.074380,5.933884,6.000000,2441923
5.317738,5.801652,2006-08-04,6.024793,5.710743,5.958677,3653406
5.143510,5.611570,2006-08-07,5.801652,5.603305,5.776859,3142886
5.287438,5.768595,2006-08-08,5.785123,5.603305,5.603305,2308297
5.704070,6.223140,2006-08-09,6.314049,5.975206,5.991735,12622208
5.620744,6.132231,2006-08-10,6.363636,6.082644,6.330578,8629153
5.544992,6.049586,2006-08-11,6.173553,5.966942,6.115702,5038568
5.340464,5.826446,2006-08-14,6.057851,5.785123,6.000000,4374060
5.438940,5.933884,2006-08-15,5.950413,5.685950,5.785123,7114606
5.454092,5.950413,2006-08-16,5.983471,5.842975,5.876033,4699465
5.332889,5.818181,2006-08-17,5.925619,5.768595,5.917355,2924860
5.295013,5.776859,2006-08-18,5.842975,5.743801,5.801652,2173792
5.226837,5.702479,2006-08-21,5.735537,5.495867,5.611570,5592814
5.340464,5.826446,2006-08-22,5.892561,5.677685,5.735537,3945217
5.226837,5.702479,2006-08-23,5.851239,5.694214,5.826446,4762401
5.393490,5.884297,2006-08-24,5.909090,5.628099,5.685950,5224669
5.348039,5.834710,2006-08-25,5.950413,5.776859,5.900826,4743022
5.454092,5.950413,2006-08-28,5.983471,5.818181,5.876033,5650622
5.491967,5.991735,2006-08-29,6.099173,5.925619,5.950413,7587060
5.469241,5.966942,2006-08-30,6.016528,5.909090,5.991735,3541916
5.461666,5.958677,2006-08-31,6.008264,5.892561,5.983471,3462163
5.499543,6.000000,2006-09-01,6.148760,5.925619,5.942148,8031578
5.590444,6.099173,2006-09-04,6.123966,5.950413,6.000000,3829501
5.514692,6.016528,2006-09-05,6.132231,6.000000,6.099173,3427748
5.560142,6.066115,2006-09-06,6.107438,5.975206,6.024793,2542171
5.355615,5.842975,2006-09-07,6.099173,5.826446,6.082644,3836641
5.332889,5.818181,2006-09-08,5.917355,5.785123,5.867768,3703986
5.340464,5.826446,2006-09-11,5.884297,5.702479,5.818181,3256078
5.348039,5.834710,2006-09-12,5.884297,5.768595,5.834710,2649229
5.310163,5.793388,2006-09-13,5.884297,5.785123,5.867768,3542279
5.211686,5.685950,2006-09-14,5.793388,5.636363,5.785123,4338055
5.522267,6.024793,2006-09-15,6.041322,5.685950,5.694214,9185365
5.628319,6.140495,2006-09-18,6.140495,5.966942,6.016528,8628091
5.764671,6.289256,2006-09-19,6.421487,6.082644,6.140495,14112278
5.817697,6.347107,2006-09-20,6.380165,6.181818,6.280991,8698287
5.847998,6.380165,2006-09-21,6.471074,6.305785,6.388429,9588307
5.673770,6.190082,2006-09-22,6.380165,6.157024,6.363636,7146287
5.840422,6.371900,2006-09-25,6.404958,6.115702,6.132231,7309906
5.787396,6.314049,2006-09-26,6.520661,6.280991,6.371900,5456602
5.840422,6.371900,2006-09-27,6.438016,6.289256,6.347107,3127681
5.984350,6.528925,2006-09-28,6.595041,6.330578,6.330578,8272949
5.999500,6.545454,2006-09-29,6.570247,6.446280,6.561983,5894001
6.226754,6.793388,2006-10-09,6.801652,6.471074,6.570247,8646558
6.143427,6.702479,2006-10-10,6.809917,6.636363,6.793388,5103487
6.060101,6.611570,2006-10-11,6.760330,6.595041,6.685950,6499898
6.143427,6.702479,2006-10-12,6.809917,6.636363,6.793388,5102
5.878298,6.413223,2006-10-13,6.512396,6.380165,6.404958,3713721
5.878298,6.413223,2006-10-16,6.495867,6.363636,6.413223,3279317
6.075252,6.628099,2006-10-17,6.644628,6.388429,6.413223,5542568
6.037374,6.586776,2006-10-18,6.661157,6.520661,6.619834,3430671
6.052526,6.603305,2006-10-19,6.661157,6.528925,6.619834,3453280
5.901023,6.438016,2006-10-20,6.595041,6.380165,6.595041,5928593
5.529842,6.033057,2006-10-23,6.388429,6.016528,6.322314,7574224
5.666195,6.181818,2006-10-24,6.223140,6.024793,6.024793,3642021
5.635894,6.148760,2006-10-25,6.272727,6.049586,6.140495,3564916
5.643468,6.157024,2006-10-26,6.165289,6.074380,6.157024,4846352
5.537417,6.041322,2006-10-27,6.157024,6.016528,6.157024,4805389
5.499543,6.000000,2006-10-30,6.074380,5.942148,6.016528,2737616
5.575293,6.082644,2006-10-31,6.140495,6.008264,6.033057,4964084
5.666195,6.181818,2006-11-01,6.231404,5.991735,6.099173,3842030
5.651043,6.165289,2006-11-02,6.231404,6.082644,6.181818,2399587
5.582869,6.090909,2006-11-03,6.198347,6.033057,6.157024,3424333
5.605594,6.115702,2006-11-06,6.181818,6.033057,6.074380,2227424
5.514692,6.016528,2006-11-07,6.115702,5.983471,6.115702,4201209
5.446516,5.942148,2006-11-08,6.057851,5.925619,5.966942,3723805
5.484391,5.983471,2006-11-09,6.016528,5.917355,5.925619,2108562
5.317738,5.801652,2006-11-10,6.016528,5.793388,5.991735,3760571
5.226837,5.702479,2006-11-13,5.834710,5.619834,5.826446,4180862
5.234412,5.710743,2006-11-14,5.768595,5.661157,5.694214,2681208
5.264713,5.743801,2006-11-15,5.760330,5.669421,5.735537,4800027
5.325314,5.809917,2006-11-16,5.917355,5.735537,5.752066,5357725
5.340464,5.826446,2006-11-17,5.834710,5.735537,5.826446,2443829
5.211686,5.685950,2006-11-20,5.842975,5.661157,5.826446,4243969
5.188962,5.661157,2006-11-21,5.727272,5.619834,5.685950,4991141
5.408640,5.900826,2006-11-22,5.942148,5.669421,5.669421,9422814
5.423790,5.917355,2006-11-23,5.983471,5.892561,5.933884,5176824
5.484391,5.983471,2006-11-24,6.033057,5.917355,5.942148,4317670
5.552567,6.057851,2006-11-27,6.074380,5.958677,5.983471,3282012
5.507117,6.008264,2006-11-28,6.107438,5.958677,6.099173,3908331
5.522267,6.024793,2006-11-29,6.066115,5.785123,5.975206,3784115
5.696495,6.214876,2006-11-30,6.297520,6.016528,6.033057,11626314
5.719221,6.239669,2006-12-01,6.305785,6.181818,6.264462,8306138
5.855572,6.388429,2006-12-04,6.512396,6.256198,6.256198,9348809
5.832848,6.363636,2006-12-05,6.479338,6.305785,6.446280,8269960
5.643468,6.157024,2006-12-06,6.396694,5.991735,6.363636,9561895
5.582869,6.090909,2006-12-07,6.214876,6.082644,6.123966,7876043
5.393490,5.884297,2006-12-08,6.115702,5.876033,6.057851,4811972
5.590444,6.099173,2006-12-11,6.123966,5.826446,5.867768,3737622
5.666195,6.181818,2006-12-12,6.206611,5.950413,6.082644,7502444
5.825272,6.355371,2006-12-13,6.380165,6.115702,6.181818,9674448
5.931324,6.471074,2006-12-14,6.512396,6.363636,6.404958,16250102
5.863149,6.396694,2006-12-15,6.454545,6.330578,6.446280,7891916
6.287355,6.859504,2006-12-18,6.892561,6.388429,6.413223,27190093
6.575209,7.173553,2006-12-19,7.314049,6.760330,6.834710,29749067
6.673686,7.280991,2006-12-20,7.520661,6.942148,7.123966,17011855
6.529759,7.123966,2006-12-21,7.330578,6.991735,7.289256,8612548
6.400982,6.983471,2006-12-22,7.165289,6.909090,7.024793,9692804
6.484309,7.074380,2006-12-25,7.289256,6.991735,7.066115,9605042
6.385832,6.966942,2006-12-26,7.190082,6.876033,7.115702,6717432
6.385832,6.966942,2006-12-27,7.115702,6.900826,6.942148,6622976
6.211604,6.776859,2006-12-28,7.024793,6.710743,6.966942,8893445
6.226754,6.793388,2006-12-29,6.925619,6.768595,6.859504,8627356
6.666112,7.272727,2007-01-04,7.355371,6.826446,6.942148,17862203
6.787313,7.404958,2007-01-05,7.561983,7.140495,7.214876,13361216
7.075168,7.719008,2007-01-08,7.876033,7.363636,7.404958,11497116
7.044868,7.685950,2007-01-09,7.884297,7.636363,7.710743,10948952
7.385747,8.057851,2007-01-10,8.140495,7.603305,7.694214,13053185
7.582701,8.272727,2007-01-11,8.743801,7.892561,8.041322,17963762
7.113044,7.760330,2007-01-12,8.396694,7.752066,8.289256,11972369
7.537251,8.223140,2007-01-15,8.231404,7.685950,7.685950,7908958
7.749354,8.454545,2007-01-16,8.512396,8.066115,8.264462,10530043
7.514525,8.198347,2007-01-17,8.743801,7.851239,8.471074,15573836
7.635727,8.330578,2007-01-18,8.371900,7.983471,8.099173,12772029
8.044785,8.776859,2007-01-19,8.809917,8.388429,8.413223,16612941
8.847747,9.652892,2007-01-22,9.652892,8.933884,8.950413,17335889
8.718970,9.512396,2007-01-23,10.000000,9.247933,9.900826,14169530
8.855322,9.661157,2007-01-24,9.834710,9.214876,9.487603,9318794
8.203861,8.950413,2007-01-25,9.537190,8.892561,9.537190,10264953
8.105386,8.842975,2007-01-26,9.008264,8.272727,8.834710,11457280
8.234163,8.983471,2007-01-29,9.090909,8.801652,8.884297,8128663
7.969032,8.694214,2007-01-30,9.082644,8.619834,9.066115,7408684
7.484225,8.165289,2007-01-31,8.710743,8.115702,8.669421,7724412
7.719054,8.421487,2007-02-01,8.537190,8.016528,8.099173,7845099
7.302422,7.966942,2007-02-02,8.471074,7.950413,8.413223,7772507
7.196371,7.851239,2007-02-05,8.165289,7.826446,7.933884,7818209
7.582701,8.272727,2007-02-06,8.338842,7.851239,7.917355,7610769
7.862982,8.578512,2007-02-07,8.595041,8.181818,8.347107,11400755
8.044785,8.776859,2007-02-08,8.925619,8.454545,8.528925,10756703
7.779655,8.487603,2007-02-09,8.776859,8.454545,8.768595,7600183
7.953883,8.677685,2007-02-12,8.743801,8.495867,8.495867,5848945
8.165986,8.909090,2007-02-13,8.925619,8.677685,8.826446,6324108
8.325065,9.082644,2007-02-14,9.173553,8.909090,8.942148,8724887
8.423539,9.190082,2007-02-15,9.231404,8.933884,9.173553,10956928
8.711395,9.504132,2007-02-16,9.710743,9.214876,9.256198,11949713
9.173478,10.008264,2007-02-26,10.165289,9.421487,9.570247,15666156
8.256887,9.008264,2007-02-27,10.347107,9.008264,10.132231,22233361
8.673520,9.462809,2007-02-28,9.545454,8.851239,8.851239,14631750
7.809957,8.520661,2007-03-01,9.173553,8.520661,9.173553,18224621
7.878132,8.595041,2007-03-02,8.719008,8.363636,8.528925,11990749
7.817531,8.528925,2007-03-05,8.776859,8.173553,8.578512,9742223
7.893282,8.611570,2007-03-06,8.694214,8.247933,8.347107,9601804
8.302339,9.057851,2007-03-07,9.057851,8.512396,8.636363,14923095
8.597768,9.380165,2007-03-08,9.438016,9.157024,9.181818,26648275
8.461415,9.231404,2007-03-09,9.462809,9.074380,9.413223,13832175
8.544744,9.322314,2007-03-12,9.380165,9.024793,9.173553,10976270
8.703820,9.495867,2007-03-13,9.578512,9.148760,9.322314,16992164
8.362941,9.123966,2007-03-14,9.330578,8.991735,9.330578,10763315
8.453840,9.223140,2007-03-15,9.380165,9.090909,9.107438,10521875
8.075086,8.809917,2007-03-16,9.314049,8.760330,9.206611,13991492
8.128112,8.867768,2007-03-19,8.991735,8.512396,8.586776,8297349
8.279613,9.033057,2007-03-20,9.140495,8.818181,8.851239,7852091
8.461415,9.231404,2007-03-21,9.322314,9.099173,9.157024,10172695
8.491717,9.264462,2007-03-22,9.570247,9.223140,9.272727,15973614
8.597768,9.380165,2007-03-23,9.421487,9.099173,9.280991,12004295
8.984099,9.801652,2007-03-26,9.876033,9.429752,9.429752,17371132
9.090150,9.917355,2007-03-27,10.165289,9.694214,9.818181,16319366
8.741698,9.537190,2007-03-28,9.900826,9.140495,9.900826,16834829
8.438689,9.206611,2007-03-29,9.735537,9.198347,9.586776,13573012
8.559894,9.338842,2007-03-30,9.388429,9.099173,9.173553,6957166
8.855322,9.661157,2007-04-02,9.752066,9.438016,9.487603,10126713
8.885623,9.694214,2007-04-03,9.793388,9.545454,9.752066,10553288
9.256804,10.099173,2007-04-04,10.165289,9.628099,9.752066,23607277
9.491632,10.355371,2007-04-05,10.520661,9.867768,10.099173,26519170
9.484059,10.347107,2007-04-06,10.685950,10.132231,10.247933,17768067
9.468907,10.330578,2007-04-09,10.570247,10.206611,10.371900,17568751
9.597687,10.471074,2007-04-10,10.495867,9.975206,10.380165,17770593
9.612838,10.487603,2007-04-11,10.545454,10.132231,10.495867,19942225
10.006742,10.917355,2007-04-12,11.057851,10.545454,10.553719,27017579
9.726463,10.611570,2007-04-13,10.917355,10.537190,10.826446,20362875
9.794640,10.685950,2007-04-16,10.785123,10.537190,10.611570,12398618
10.233997,11.165289,2007-04-17,11.173553,10.619834,10.727272,22815025
10.309747,11.247933,2007-04-18,11.388429,10.925619,11.314049,17842699
9.355283,10.206611,2007-04-19,11.140495,10.123966,11.140495,22195407
9.787064,10.677685,2007-04-20,10.809917,10.297520,10.297520,13800281
10.309747,11.247933,2007-04-23,11.487603,10.685950,10.685950,20773928
10.324896,11.264462,2007-04-24,11.694214,10.975206,11.272727,22338073
10.665778,11.636363,2007-04-25,11.776859,10.933884,11.157024,22941713
10.597602,11.561983,2007-04-26,12.066115,11.404958,11.694214,21098177
10.597602,11.561983,2007-04-27,11.561983,11.561983,11.561983,0
10.733953,11.710743,2007-04-30,11.851239,10.917355,11.280991,24239383
10.733953,11.710743,2007-05-03,11.851239,10.917355,11.280991,0
10.733953,11.710743,2007-05-04,11.851239,10.917355,11.280991,0
11.135434,12.148760,2007-05-08,12.495867,11.743801,12.066115,22472323
10.733953,11.710743,2007-05-09,12.123966,11.157024,12.107438,21384510
10.756679,11.735537,2007-05-10,11.950413,11.322314,11.570247,14228696
10.665778,11.636363,2007-05-11,11.719008,11.157024,11.570247,15911913
11.036960,12.041322,2007-05-14,12.057851,11.280991,11.487603,24241379
10.468825,11.421487,2007-05-15,12.256198,11.404958,12.190082,20542179
10.840005,11.826446,2007-05-16,11.867768,11.247933,11.363636,14183709
10.900607,11.892561,2007-05-17,12.115702,11.719008,11.892561,14950997
11.294514,12.322314,2007-05-18,12.603305,11.661157,11.859504,29549221
11.567220,12.619834,2007-05-21,12.876033,11.818181,11.900826,22923690
11.961124,13.049586,2007-05-22,13.305785,12.462809,12.462809,31266327
11.983850,13.074380,2007-05-23,13.264462,12.727272,12.975206,20737059
11.552068,12.603305,2007-05-24,13.198347,12.314049,13.107438,24157538
11.536917,12.586776,2007-05-25,12.743801,12.479338,12.619834,15212839
11.635393,12.694214,2007-05-28,12.884297,12.586776,12.735537,18464105
12.127777,13.231404,2007-05-29,13.305785,12.611570,12.760330,25531855
10.915756,11.909090,2007-05-30,12.851239,11.909090,11.942148,25207096
10.021893,10.933884,2007-05-31,11.859504,10.719008,11.619834,22094053
9.021975,9.842975,2007-06-01,11.247933,9.842975,11.082644,22105170
9.226505,10.066115,2007-06-04,10.479338,9.570247,10.140495,24799397
10.059769,10.975206,2007-06-05,11.074380,9.586776,10.099173,28815070
10.014318,10.925619,2007-06-06,11.396694,10.586776,11.173553,21986111
10.226421,11.157024,2007-06-07,11.198347,10.785123,11.041322,16290672
10.134843,10.975206,2007-06-08,11.297520,10.892561,11.107438,12851468
10.318002,11.173553,2007-06-11,11.528925,11.000000,11.074380,16369245
10.516421,11.388429,2007-06-12,11.446280,10.520661,11.264462,19888327
10.981955,11.892561,2007-06-13,12.256198,11.537190,11.586776,25179797
11.149850,12.074380,2007-06-14,12.537190,11.528925,11.859504,22800526
11.111694,12.033057,2007-06-15,12.314049,11.826446,11.900826,16283120
11.371169,12.314049,2007-06-18,12.396694,12.041322,12.231404,17769895
11.470380,12.421487,2007-06-19,12.561983,12.049586,12.231404,14338318
11.249063,12.181818,2007-06-20,12.710743,11.900826,12.388429,21056013
11.043008,11.958677,2007-06-21,12.289256,11.413223,12.057851,14475595
10.356160,11.214876,2007-06-22,12.033057,10.760330,11.892561,16275483
9.356413,10.132231,2007-06-25,11.528925,10.090909,11.471074,16872214
9.730364,10.537190,2007-06-26,10.553719,9.834710,10.000000,8873098
10.035628,10.867768,2007-06-27,10.909090,10.148760,10.611570,14469286
9.035881,9.785123,2007-06-28,10.818181,9.785123,10.702479,14141951
8.165874,8.842975,2007-06-29,9.876033,8.818181,9.595041,11355456
8.577984,9.289256,2007-07-02,9.322314,8.826446,8.925619,8151091
8.326138,9.016528,2007-07-03,9.173553,8.421487,9.173553,17221626
8.211662,8.892561,2007-07-04,9.165289,8.685950,8.925619,8129245
7.791923,8.438016,2007-07-05,8.776859,8.280991,8.677685,7755943
8.204031,8.884297,2007-07-06,8.966942,8.190082,8.495867,10563464
8.287978,8.975206,2007-07-09,9.057851,8.677685,8.958677,9907450
7.753764,8.396694,2007-07-10,8.925619,8.380165,8.892561,8005275
7.875871,8.528925,2007-07-11,8.669421,8.305785,8.330578,3738706
8.043765,8.710743,2007-07-12,8.826446,8.454545,8.636363,5193899
7.883502,8.537190,2007-07-13,8.719008,8.429752,8.702479,2823198
7.562972,8.190082,2007-07-16,8.628099,8.173553,8.537190,3845528
7.707973,8.347107,2007-07-17,8.429752,8.140495,8.173553,3312002
7.753764,8.396694,2007-07-18,8.545454,8.280991,8.388429,3531883
7.822447,8.471074,2007-07-19,8.504132,8.289256,8.429752,2602567
8.089558,8.760330,2007-07-20,8.776859,8.446280,8.504132,6575395
8.425350,9.123966,2007-07-23,9.223140,8.785123,8.826446,10776154
8.303244,8.991735,2007-07-24,9.223140,8.975206,9.123966,10332072
8.463509,9.165289,2007-07-25,9.173553,8.925619,8.925619,8002708
8.562719,9.272727,2007-07-26,9.404958,9.198347,9.239669,9120137
8.608510,9.322314,2007-07-27,9.404958,9.090909,9.181818,9843572
8.959566,9.702479,2007-07-30,9.917355,9.239669,9.305785,14802226
8.898513,9.636363,2007-07-31,9.677685,9.305785,9.628099,12899250
8.356665,9.049586,2007-08-01,9.991735,8.966942,9.669421,12402391
8.577984,9.289256,2007-08-02,9.338842,9.008264,9.090909,8709161
8.486402,9.190082,2007-08-03,9.338842,9.008264,9.289256,11839601
8.661930,9.380165,2007-08-06,9.462809,9.057851,9.239669,12076781
8.471141,9.173553,2007-08-07,9.380165,9.090909,9.314049,8996363
8.356665,9.049586,2007-08-08,9.338842,8.859504,9.090909,8146387
8.593246,9.305785,2007-08-09,9.363636,8.991735,9.024793,10262310
8.341401,9.033057,2007-08-10,9.322314,8.842975,9.322314,7091741
8.349034,9.041322,2007-08-13,9.214876,8.958677,8.991735,6282698
8.616140,9.330578,2007-08-14,9.454545,9.008264,9.090909,9818839
8.608510,9.322314,2007-08-15,9.438016,9.049586,9.404958,9761497
8.875618,9.611570,2007-08-16,9.628099,9.090909,9.280991,16249803
8.677196,9.396694,2007-08-17,9.743801,9.322314,9.520661,11989499
8.951934,9.694214,2007-08-20,9.752066,9.471074,9.578512,11409888
8.890881,9.628099,2007-08-21,9.776859,9.586776,9.752066,8556923
8.921407,9.661157,2007-08-22,9.785123,9.429752,9.487603,11700991
8.990092,9.735537,2007-08-23,9.768595,9.528925,9.669421,11352787
9.096936,9.851239,2007-08-24,10.049586,9.710743,9.752066,15547788
8.875618,9.611570,2007-08-27,10.057851,9.603305,10.041322,11867692
8.669563,9.388429,2007-08-28,9.611570,9.239669,9.595041,10218038
8.738249,9.462809,2007-08-29,9.570247,9.256198,9.371900,7906677
9.058778,9.809917,2007-08-30,9.900826,9.479338,9.603305,11629300
9.180885,9.942148,2007-08-31,10.074380,9.669421,9.884297,14059304
9.379306,10.157024,2007-09-03,10.247933,9.966942,10.041322,16257160
9.173251,9.933884,2007-09-04,10.231404,9.851239,10.190082,12417455
9.447992,10.231404,2007-09-05,10.239669,9.793388,10.008264,12131933
9.585362,10.380165,2007-09-06,10.710743,10.256198,10.330578,17795215
9.188516,9.950413,2007-09-07,10.413223,9.900826,10.272727,11098729
9.547204,10.338842,2007-09-10,10.355371,9.719008,9.793388,10515185
8.791671,9.520661,2007-09-11,10.545454,9.396694,10.289256,10991627
8.829827,9.561983,2007-09-12,9.834710,9.272727,9.289256,8845456
8.845090,9.578512,2007-09-13,9.644628,9.314049,9.603305,7116307
8.799301,9.528925,2007-09-14,9.586776,9.330578,9.528925,6716105
9.066409,9.818181,2007-09-17,9.917355,9.603305,9.603305,10206698
9.188516,9.950413,2007-09-18,9.975206,9.636363,9.876033,9731216
8.921407,9.661157,2007-09-19,10.000000,9.619834,9.950413,6880030
9.005356,9.752066,2007-09-20,9.876033,9.644628,9.652892,7232912
8.791671,9.520661,2007-09-21,9.826446,9.355371,9.776859,6337194
8.883249,9.619834,2007-09-24,9.685950,9.305785,9.462809,5748034
8.799301,9.528925,2007-09-25,9.719008,9.438016,9.545454,4722339
8.577984,9.289256,2007-09-26,9.628099,9.256198,9.586776,4106779
8.669563,9.388429,2007-09-27,9.487603,9.297520,9.371900,3686367
8.883249,9.619834,2007-09-28,9.669421,9.429752,9.429752,5835019
8.791671,9.520661,2007-10-08,9.752066,9.504132,9.743801,6211623
9.028252,9.776859,2007-10-09,9.793388,9.454545,9.454545,5238438
8.951934,9.694214,2007-10-10,9.884297,9.586776,9.752066,6802186
8.539824,9.247933,2007-10-11,9.636363,9.173553,9.628099,8576389
8.150611,8.826446,2007-10-12,9.338842,8.396694,9.256198,10956050
8.013241,8.677685,2007-10-15,8.925619,8.347107,8.826446,5230852
8.188769,8.867768,2007-10-16,8.933884,8.537190,8.694214,5268228
8.471141,9.173553,2007-10-17,9.247933,8.603305,8.876033,8929140
8.059031,8.727272,2007-10-18,9.008264,8.694214,8.966942,4436104
8.150611,8.826446,2007-10-19,8.925619,8.636363,8.801652,2795103
8.013241,8.677685,2007-10-22,8.991735,8.595041,8.735537,2918837
7.975081,8.636363,2007-10-23,8.842975,8.413223,8.677685,3306368
7.692711,8.330578,2007-10-24,8.760330,8.264462,8.727272,3647681
6.921912,7.495867,2007-10-25,8.264462,7.495867,8.264462,6535559
6.746386,7.305785,2007-10-26,7.578512,7.231404,7.462809,3696793
6.853228,7.421487,2007-10-29,7.438016,7.033057,7.404958,3640034
7.066914,7.652892,2007-10-30,7.685950,7.231404,7.446280,3287828
7.265337,7.867768,2007-10-31,8.008264,7.190082,7.504132,7694500
6.937176,7.512396,2007-11-01,7.909090,7.446280,7.900826,5168806
6.692963,7.247933,2007-11-02,7.487603,7.165289,7.404958,3431216
6.921912,7.495867,2007-11-05,7.578512,7.115702,7.239669,4018284
6.975336,7.553719,2007-11-06,7.628099,7.438016,7.504132,3221768
6.929544,7.504132,2007-11-07,7.644628,7.338842,7.586776,2218371
6.784544,7.347107,2007-11-08,7.504132,7.322314,7.504132,2197781
6.799807,7.363636,2007-11-09,7.446280,7.173553,7.272727,1942013
6.769279,7.330578,2007-11-12,7.413223,7.148760,7.272727,2091780
6.891387,7.462809,2007-11-13,7.603305,7.355371,7.421487,3596452
7.105072,7.694214,2007-11-14,7.727272,7.512396,7.520661,5108543
6.944808,7.520661,2007-11-15,7.669421,7.487603,7.644628,2428722
6.876123,7.446280,2007-11-16,7.504132,7.330578,7.471074,2158879
7.089809,7.677685,2007-11-19,7.694214,7.404958,7.446280,3229453
7.143231,7.735537,2007-11-20,7.818181,7.611570,7.677685,3853437
6.975336,7.553719,2007-11-21,7.884297,7.537190,7.735537,3210814
6.647173,7.198347,2007-11-22,7.520661,7.107438,7.520661,2827486
6.647173,7.198347,2007-11-23,7.198347,7.198347,7.198347,0
6.723489,7.280991,2007-11-26,7.561983,7.272727,7.421487,2444231
6.822701,7.388429,2007-11-27,7.429752,7.239669,7.314049,1677074
6.998230,7.578512,2007-11-28,7.710743,7.404958,7.438016,4583752
7.166126,7.760330,2007-11-29,7.826446,7.595041,7.685950,5325934
6.990598,7.570247,2007-11-30,7.768595,7.520661,7.768595,2455728
7.326391,7.933884,2007-12-03,8.000000,7.512396,7.570247,6911944
7.395075,8.008264,2007-12-04,8.049586,7.785123,7.975206,5967421
7.417971,8.033057,2007-12-05,8.099173,7.859504,7.859504,5021331
7.425602,8.041322,2007-12-06,8.107438,7.809917,8.074380,3160192
7.471393,8.090909,2007-12-07,8.173553,7.900826,8.041322,4473662
7.738500,8.380165,2007-12-10,8.553719,7.933884,8.000000,10591828
7.845343,8.495867,2007-12-11,8.528925,8.264462,8.429752,6665170
7.837712,8.487603,2007-12-12,8.570247,8.355371,8.471074,4050772
7.707973,8.347107,2007-12-13,8.619834,8.314049,8.471074,5580702
7.944554,8.603305,2007-12-14,8.636363,8.148760,8.231404,4683063
7.975081,8.636363,2007-12-17,8.743801,8.495867,8.661157,6739574
7.730869,8.371900,2007-12-18,8.727272,8.338842,8.553719,3927000
7.921661,8.578512,2007-12-19,8.719008,8.429752,8.429752,4316088
7.936924,8.595041,2007-12-20,8.694214,8.520661,8.628099,4561090
8.043765,8.710743,2007-12-21,8.735537,8.479338,8.553719,5788738
8.181138,8.859504,2007-12-24,9.082644,8.809917,8.991735,16591637
8.280348,8.966942,2007-12-25,9.041322,8.859504,8.917355,5786722
8.371927,9.066115,2007-12-26,9.066115,8.892561,9.008264,4761116
8.280348,8.966942,2007-12-27,9.157024,8.917355,9.066115,7461293
8.013241,8.677685,2007-12-28,8.966942,8.644628,8.966942,8756876
8.539824,9.247933,2008-01-02,9.280991,8.595041,8.677685,11481218
9.394568,10.173553,2008-01-03,10.173553,9.123966,9.132231,18420397
9.715099,10.520661,2008-01-04,10.719008,10.008264,10.330578,40130875
10.684320,11.570247,2008-01-07,11.570247,10.909090,10.909090,25579225
11.493275,12.446280,2008-01-08,12.727272,11.900826,12.727272,57382516
11.752752,12.727272,2008-01-09,12.851239,12.132231,12.231404,29251839
11.333012,12.272727,2008-01-10,13.049586,12.190082,12.561983,25224994
11.371169,12.314049,2008-01-11,12.628099,11.933884,12.314049,19098447
11.310117,12.247933,2008-01-14,12.504132,11.826446,12.132231,22208166
11.600120,12.561983,2008-01-15,12.785123,12.148760,12.297520,28759191
11.844332,12.826446,2008-01-16,13.181818,12.231404,12.512396,26474179
11.287220,12.223140,2008-01-17,12.975206,12.066115,12.677685,19045166
10.768270,11.661157,2008-01-18,12.371900,11.347107,12.157024,18011818
10.234055,11.082644,2008-01-21,11.793388,11.074380,11.512396,10771256
9.447992,10.231404,2008-01-22,10.950413,10.099173,10.950413,18388775
10.287474,11.140495,2008-01-23,11.157024,10.264462,10.454545,18355055
10.730109,11.619834,2008-01-24,11.793388,10.834710,10.975206,18465444
10.592740,11.471074,2008-01-25,11.735537,11.322314,11.471074,10368873
9.867734,10.685950,2008-01-28,11.975206,10.636363,11.570247,10561630
10.157735,11.000000,2008-01-29,11.206611,10.661157,10.826446,5290502
10.203526,11.049586,2008-01-30,11.322314,10.487603,11.148760,5519156
9.310623,10.082644,2008-01-31,11.099173,10.074380,10.909090,5616743
9.417466,10.198347,2008-02-01,10.388429,9.239669,10.099173,8535896
10.119577,10.958677,2008-02-04,10.983471,10.413223,10.694214,8537383
9.799049,10.611570,2008-02-05,10.933884,10.413223,10.743801,5197669
9.898260,10.719008,2008-02-13,11.008264,10.322314,10.338842,7345752
9.997471,10.826446,2008-02-14,11.066115,10.685950,10.909090,4092873
9.722731,10.528925,2008-02-15,10.694214,10.247933,10.694214,4708957
10.020367,10.851239,2008-02-18,10.950413,10.644628,10.818181,9145130
10.325633,11.181818,2008-02-19,11.264462,10.809917,10.917355,11866858
9.921155,10.743801,2008-02-20,11.322314,10.628099,11.239669,10847779
10.249314,11.099173,2008-02-21,11.280991,10.454545,10.661157,10435545
9.852469,10.669421,2008-02-22,11.057851,10.280991,10.950413,8267865
9.188516,9.950413,2008-02-25,10.776859,9.818181,10.694214,6745455
9.150355,9.909090,2008-02-26,10.371900,9.553719,10.289256,4270779
9.547204,10.338842,2008-02-27,10.371900,9.876033,9.975206,4633198
9.791416,10.603305,2008-02-28,10.909090,10.016528,10.371900,8950322
9.806679,10.619834,2008-02-29,10.809917,10.454545,10.520661,4598704
10.195892,11.041322,2008-03-03,11.107438,10.429752,10.537190,9303408
10.394318,11.256198,2008-03-04,11.776859,10.950413,11.066115,19042013
10.508793,11.380165,2008-03-05,11.561983,10.826446,11.223140,8541382
10.363790,11.223140,2008-03-06,11.702479,11.115702,11.404958,7550875
9.944050,10.768595,2008-03-07,11.181818,10.735537,11.181818,5265817
9.425098,10.206611,2008-03-10,10.661157,10.074380,10.578512,5876289
9.699837,10.504132,2008-03-11,10.578512,9.983471,9.983471,3047326
9.348781,10.123966,2008-03-12,10.719008,10.082644,10.586776,3988481
9.096936,9.851239,2008-03-13,10.330578,9.421487,10.082644,4930664
9.157987,9.917355,2008-03-14,9.983471,9.504132,9.793388,2232708
8.242189,8.925619,2008-03-17,9.900826,8.925619,9.900826,3733237
7.417971,8.033057,2008-03-18,8.884297,8.033057,8.793388,5653521
7.791923,8.438016,2008-03-19,8.611570,7.950413,8.181818,5671934
7.997978,8.661157,2008-03-20,8.983471,7.793388,8.256198,5805126
7.997978,8.661157,2008-03-21,8.661157,8.661157,8.661157,0
7.791923,8.438016,2008-03-24,9.008264,8.429752,8.884297,4054198
7.898765,8.553719,2008-03-25,8.669421,8.165289,8.181818,3083691
7.975081,8.636363,2008-03-26,8.909090,8.429752,8.644628,2669477
7.311128,7.917355,2008-03-27,8.429752,7.900826,8.429752,4114522
7.669816,8.305785,2008-03-28,8.330578,7.710743,7.917355,3995196
7.265337,7.867768,2008-03-31,8.214876,7.851239,7.909090,1623377
6.540330,7.082644,2008-04-01,7.983471,7.082644,7.768595,3652348
6.021378,6.520661,2008-04-02,7.289256,6.371900,7.206611,4017584
6.380064,6.909090,2008-04-03,7.024793,6.264462,6.446280,7417964
6.715859,7.272727,2008-04-07,7.404958,6.611570,6.685950,4980174
6.876123,7.446280,2008-04-08,7.479338,7.066115,7.247933,5450343
6.189274,6.702479,2008-04-09,7.495867,6.702479,7.355371,4262711
6.364801,6.892561,2008-04-10,6.942148,6.446280,6.528925,4524684
6.494541,7.033057,2008-04-11,7.132231,6.876033,6.909090,3060835
6.273223,6.793388,2008-04-14,6.900826,6.528925,6.900826,4996422
6.555594,7.099173,2008-04-15,7.107438,6.595041,6.694214,3925824
6.593751,7.140495,2008-04-16,7.446280,6.958677,7.074380,4925056
6.326643,6.851239,2008-04-17,7.314049,6.611570,7.157024,5479429
6.303749,6.826446,2008-04-18,6.942148,6.611570,6.611570,2963269
6.593751,7.140495,2008-04-21,7.421487,6.842975,7.421487,4410579
7.021124,7.603305,2008-04-22,7.727272,6.818181,7.033057,7770644
7.349286,7.958677,2008-04-23,8.148760,7.396694,7.446280,9439502
7.959818,8.619834,2008-04-24,8.743801,8.256198,8.595041,17302859
7.898765,8.553719,2008-04-25,8.842975,8.272727,8.429752,14063656
7.601130,8.231404,2008-04-28,8.537190,8.165289,8.305785,5233685
7.570605,8.198347,2008-04-29,8.413223,8.099173,8.181818,3800170
7.769028,8.413223,2008-04-30,8.512396,8.165289,8.264462,5729264
7.921661,8.578512,2008-05-05,8.636363,8.264462,8.537190,7385443
7.814816,8.462809,2008-05-06,8.842975,8.363636,8.446280,7545893
7.135600,7.727272,2008-05-07,8.586776,7.677685,8.355371,7998965
7.417971,8.033057,2008-05-08,8.057851,7.628099,7.644628,5808346
7.562972,8.190082,2008-05-09,8.214876,7.685950,8.049586,6751931
7.753764,8.396694,2008-05-12,8.578512,7.834710,7.834710,5208639
8.020872,8.685950,2008-05-13,8.710743,7.933884,8.016528,8537029
8.135347,8.809917,2008-05-14,8.842975,8.512396,8.636363,8958107
7.784290,8.429752,2008-05-15,8.909090,8.421487,8.801652,6326664
7.700343,8.338842,2008-05-16,8.595041,8.157024,8.396694,4013953
7.891133,8.545454,2008-05-19,8.578512,8.264462,8.388429,2861276
7.173759,7.768595,2008-05-20,8.652892,7.694214,8.504132,3946153
7.219548,7.818181,2008-05-21,7.975206,7.322314,7.661157,4599145
6.929544,7.504132,2008-05-22,7.834710,7.438016,7.611570,3761570
6.944808,7.520661,2008-05-23,7.603305,7.272727,7.446280,3213516
6.448751,6.983471,2008-05-26,7.438016,6.900826,7.438016,4951503
6.525067,7.066115,2008-05-27,7.140495,6.942148,6.983471,1749536
6.769279,7.330578,2008-05-28,7.388429,7.066115,7.165289,2591502
6.525067,7.066115,2008-05-29,7.396694,7.041322,7.264462,2567521
6.486908,7.024793,2008-05-30,7.190082,6.983471,7.066115,2519723
6.525067,7.066115,2008-06-02,7.132231,6.925619,6.983471,3172031
7.166126,7.760330,2008-06-03,7.776859,7.066115,7.066115,12506509
7.166126,7.760330,2008-06-04,7.760330,7.760330,7.760330,0
7.166126,7.760330,2008-06-05,7.760330,7.760330,7.760330,0
7.166126,7.760330,2008-06-06,7.760330,7.760330,7.760330,0
7.166126,7.760330,2008-06-10,7.760330,7.760330,7.760330,0
7.166126,7.760330,2008-06-11,7.760330,7.760330,7.760330,0
7.166126,7.760330,2008-06-12,7.760330,7.760330,7.760330,0
7.166126,7.760330,2008-06-13,7.760330,7.760330,7.760330,0
7.166126,7.760330,2008-06-16,7.760330,7.760330,7.760330,0
7.166126,7.760330,2008-06-17,7.760330,7.760330,7.760330,0
7.166126,7.760330,2008-06-18,7.760330,7.760330,7.760330,0
7.166126,7.760330,2008-06-19,7.760330,7.760330,7.760330,0
7.166126,7.760330,2008-06-20,7.760330,7.760330,7.760330,0
7.166126,7.760330,2008-06-23,7.760330,7.760330,7.760330,0
7.166126,7.760330,2008-06-24,7.760330,7.760330,7.760330,0
7.166126,7.760330,2008-06-25,7.760330,7.760330,7.760330,0
7.166126,7.760330,2008-06-26,7.760330,7.760330,7.760330,0
7.166126,7.760330,2008-06-27,7.760330,7.760330,7.760330,0
7.166126,7.760330,2008-06-30,7.760330,7.760330,7.760330,0
7.166126,7.760330,2008-07-01,7.760330,7.760330,7.760330,0
7.166126,7.760330,2008-07-02,7.760330,7.760330,7.760330,0
7.555341,8.181818,2008-07-03,8.537190,6.983471,6.983471,31750210
7.120337,7.710743,2008-07-04,8.512396,7.669421,7.975206,19507731
7.501919,8.123966,2008-07-07,8.223140,7.578512,7.661157,14876900
8.104822,8.776859,2008-07-08,8.909090,7.975206,8.008264,21844409
8.303244,8.991735,2008-07-09,9.396694,8.520661,8.735537,27220537
8.066662,8.735537,2008-07-10,9.495867,8.719008,8.776859,18102444
8.410087,9.107438,2008-07-11,9.231404,8.595041,8.677685,14962845
8.463509,9.165289,2008-07-14,9.297520,8.884297,8.983471,12260608
8.051399,8.719008,2008-07-15,9.413223,8.677685,9.090909,10792470
7.616395,8.247933,2008-07-16,8.842975,7.933884,8.669421,9915829
7.822447,8.471074,2008-07-17,8.595041,8.099173,8.471074,8078688
8.455876,9.157024,2008-07-18,9.256198,8.347107,8.388429,13694467
8.940487,9.681818,2008-07-21,9.890909,9.045454,9.200000,12817822
9.469359,10.254545,2008-07-22,10.454545,9.463636,9.536363,22196567
9.217516,9.981818,2008-07-23,10.527272,9.936363,10.172727,22534220
9.377018,10.154545,2008-07-24,10.500000,10.018181,10.127272,17238268
9.225909,9.990909,2008-07-25,10.390909,9.963636,10.000000,12563631
9.561704,10.354545,2008-07-28,10.400000,9.727272,9.909090,15177824
9.704415,10.509090,2008-07-29,10.700000,10.100000,10.190909,16881947
9.326650,10.100000,2008-07-30,10.500000,9.872727,10.490909,14025940
8.587906,9.300000,2008-07-31,10.100000,9.254545,10.027272,12212797
8.789379,9.518181,2008-08-01,9.636363,9.236363,9.336363,8169477
8.503957,9.209090,2008-08-04,9.445454,8.963636,9.436363,8035310
8.344453,9.036363,2008-08-05,9.345454,8.963636,9.227272,3895021
8.378033,9.072727,2008-08-06,9.227272,8.227272,9.118181,8349475
8.487167,9.190909,2008-08-07,9.263636,8.800000,8.981818,5646832
7.639289,8.272727,2008-08-08,9.254545,8.272727,9.190909,5775183
6.875360,7.445454,2008-08-11,8.272727,7.445454,8.272727,4659424
6.707464,7.263636,2008-08-12,7.363636,6.863636,7.209090,4779175
6.514382,7.054545,2008-08-13,7.263636,6.727272,7.145454,3165313
6.657095,7.209090,2008-08-14,7.227272,6.918181,7.054545,3676338
6.472408,7.009090,2008-08-15,7.318181,6.954545,7.218181,3801520
5.826006,6.309090,2008-08-18,7.127272,6.309090,7.090909,4176983
5.700085,6.172727,2008-08-19,6.300000,5.909090,6.118181,4403356
6.262538,6.781818,2008-08-20,6.790909,6.009090,6.190909,7336028
6.145010,6.654545,2008-08-21,6.890909,6.363636,6.681818,7439718
6.212168,6.727272,2008-08-22,7.072727,6.627272,6.990909,6319297
6.111430,6.618181,2008-08-25,6.900000,6.590909,6.872727,3852391
5.540584,6.000000,2008-08-26,6.527272,5.954545,6.527272,5812525
5.557373,6.018181,2008-08-27,6.136363,5.618181,5.909090,4556196
5.414660,5.863636,2008-08-28,6.081818,5.818181,6.018181,2681247
5.733663,6.209090,2008-08-29,6.336363,5.936363,5.936363,6005533
5.750454,6.227272,2008-09-01,6.609090,6.100000,6.100000,7372843
5.767243,6.245454,2008-09-02,6.354545,6.109090,6.181818,3591198
5.951930,6.445454,2008-09-03,6.609090,6.172727,6.181818,6119718
6.002299,6.500000,2008-09-04,6.627272,6.363636,6.445454,4816694
5.507004,5.963636,2008-09-05,6.363636,5.954545,6.254545,4473618
5.507004,5.963636,2008-09-08,5.963636,5.963636,5.963636,0
5.238369,5.672727,2008-09-09,5.909090,5.372727,5.781818,4632777
5.322317,5.763636,2008-09-10,5.909090,5.563636,5.590909,3350463
5.154421,5.581818,2008-09-11,5.809090,5.436363,5.663636,3160935
5.221579,5.654545,2008-09-12,5.681818,5.500000,5.672727,2824560
5.112447,5.536363,2008-09-16,5.763636,5.472727,5.636363,3554271
4.793444,5.190909,2008-09-17,5.627272,5.163636,5.545454,4269832
4.390492,4.754545,2008-09-18,5.090909,4.672727,5.054545,6036646
4.827023,5.227272,2008-09-19,5.227272,5.109090,5.227272,4756505
5.112447,5.536363,2008-09-22,5.754545,5.272727,5.645454,9504726
4.701101,5.090909,2008-09-23,5.345454,5.081818,5.281818,5103040
4.877393,5.281818,2008-09-24,5.281818,4.827272,4.954545,3169188
4.936156,5.345454,2008-09-25,5.427272,5.227272,5.254545,6021557
4.818628,5.218181,2008-09-26,5.381818,5.127272,5.354545,4311356
4.675916,5.063636,2008-10-06,5.218181,4.945454,5.136363,2406908
4.810234,5.209090,2008-10-07,5.227272,4.800000,4.863636,3592331
4.785049,5.181818,2008-10-08,5.381818,5.081818,5.163636,5296842
4.608758,4.990909,2008-10-09,5.309090,4.900000,5.309090,3316739
4.147044,4.490909,2008-10-10,4.763636,4.490909,4.763636,3719491
4.155438,4.500000,2008-10-13,4.509090,4.118181,4.509090,3305176
3.760881,4.072727,2008-10-14,4.690909,4.054545,4.645454,3873021
3.727301,4.036363,2008-10-15,4.127272,3.890909,4.072727,2556139
3.357929,3.636363,2008-10-16,3.881818,3.636363,3.872727,3469951
3.399904,3.681818,2008-10-17,3.772727,3.618181,3.727272,2430274
3.525825,3.818181,2008-10-20,3.863636,3.636363,3.654545,2507336
3.601380,3.900000,2008-10-21,3.981818,3.800000,3.809090,3862938
3.643353,3.945454,2008-10-22,4.036363,3.800000,3.845454,4139694
4.004330,4.336363,2008-10-23,4.336363,3.945454,3.963636,13852534
3.744091,4.054545,2008-10-24,4.300000,3.954545,4.300000,8322536
3.366324,3.645454,2008-10-27,3.936363,3.645454,3.936363,4503103
3.408298,3.690909,2008-10-28,3.745454,3.418181,3.500000,4162105
3.064110,3.318181,2008-10-29,3.690909,3.318181,3.627272,8204125
2.929794,3.172727,2008-10-30,3.290909,3.090909,3.254545,6007910
2.879424,3.118181,2008-10-31,3.236363,3.100000,3.127272,2349547
2.921398,3.163636,2008-11-03,3.218181,3.045454,3.045454,2474323
2.887819,3.127272,2008-11-04,3.190909,3.090909,3.163636,2026702
2.954978,3.200000,2008-11-05,3.263636,3.136363,3.136363,3014237
2.854240,3.090909,2008-11-06,3.136363,2.954545,3.136363,4441570
2.938188,3.181818,2008-11-07,3.236363,2.963636,3.027272,4684816
3.148058,3.409090,2008-11-10,3.436363,3.236363,3.300000,7241944
3.055715,3.309090,2008-11-11,3.436363,3.290909,3.409090,4724490
3.106084,3.363636,2008-11-12,3.390909,3.227272,3.254545,3550548
3.299165,3.572727,2008-11-13,3.690909,3.281818,3.290909,8619102
3.525825,3.818181,2008-11-14,3.845454,3.545454,3.581818,12418223
3.693723,4.000000,2008-11-17,4.018181,3.663636,3.772727,10005054
3.324350,3.600000,2008-11-18,4.063636,3.600000,3.936363,9663820
3.609774,3.909090,2008-11-19,3.945454,3.572727,3.572727,8513947
3.802855,4.118181,2008-11-20,4.136363,3.800000,3.818181,12402996
3.802855,4.118181,2008-11-21,4.118181,4.118181,4.118181,0
3.727301,4.036363,2008-11-24,4.136363,3.818181,4.081818,9590577
3.651748,3.954545,2008-11-25,4.081818,3.781818,4.081818,5620808
3.567800,3.863636,2008-11-26,4.018181,3.845454,4.000000,8646302
3.576194,3.872727,2008-11-27,4.163636,3.818181,4.090909,9254175
3.433482,3.718181,2008-11-28,3.872727,3.654545,3.836363,4904297
3.660143,3.963636,2008-12-01,4.000000,3.645454,3.736363,5619116
3.786066,4.100000,2008-12-02,4.118181,3.790909,3.881818,9563924
3.911987,4.236363,2008-12-03,4.290909,4.000000,4.072727,16326345
3.903593,4.227272,2008-12-04,4.536363,4.181818,4.281818,17108426
3.903593,4.227272,2008-12-05,4.227272,4.227272,4.227272,0
4.189016,4.536363,2008-12-08,4.563636,4.290909,4.454545,19233129
4.012725,4.345454,2008-12-09,4.518181,4.300000,4.463636,10851033
4.407282,4.772727,2008-12-10,4.781818,4.300000,4.318181,20619403
4.172226,4.518181,2008-12-11,4.727272,4.463636,4.636363,14370964
3.819644,4.136363,2008-12-12,4.500000,4.063636,4.463636,9776625
3.970752,4.300000,2008-12-15,4.309090,4.000000,4.218181,7950210
3.970752,4.300000,2008-12-16,4.363636,4.045454,4.200000,6409332
4.088278,4.427272,2008-12-17,4.518181,4.181818,4.309090,10780500
4.105068,4.445454,2008-12-18,4.490909,4.300000,4.372727,8585875
4.113463,4.454545,2008-12-19,4.609090,4.381818,4.481818,9819725
4.256174,4.609090,2008-12-22,4.645454,4.254545,4.454545,12985700
4.121859,4.463636,2008-12-23,4.600000,4.290909,4.590909,10718578
4.272964,4.627272,2008-12-24,4.818181,4.418181,4.472727,33383755
3.853224,4.172727,2008-12-25,4.590909,4.163636,4.545454,18430925
3.601380,3.900000,2008-12-26,4.127272,3.809090,4.127272,10764508
3.517430,3.809090,2008-12-29,3.900000,3.700000,3.872727,4768123
3.433482,3.718181,2008-12-30,3.890909,3.709090,3.818181,4465292
3.181638,3.445454,2008-12-31,3.745454,3.427272,3.718181,8053952
3.282375,3.554545,2009-01-05,3.590909,3.472727,3.490909,6732728
3.509036,3.800000,2009-01-06,3.809090,3.527272,3.545454,10466380
3.534220,3.827272,2009-01-07,3.863636,3.718181,3.790909,11545442
3.475456,3.763636,2009-01-08,3.790909,3.618181,3.736363,11560879
3.601380,3.900000,2009-01-09,3.936363,3.754545,3.754545,13034390
3.626563,3.927272,2009-01-12,4.045454,3.863636,3.900000,13082747
3.441877,3.727272,2009-01-13,3.909090,3.718181,3.909090,7289257
3.584589,3.881818,2009-01-14,3.909090,3.727272,3.727272,7339186
3.651748,3.954545,2009-01-15,4.054545,3.827272,3.863636,10229417
3.920382,4.245454,2009-01-16,4.354545,4.009090,4.018181,33983144
4.314939,4.672727,2009-01-19,4.672727,4.190909,4.254545,38196341
4.289754,4.645454,2009-01-20,4.754545,4.554545,4.681818,26649971
4.331728,4.690909,2009-01-21,4.963636,4.563636,4.572727,28206004
4.390492,4.754545,2009-01-22,4.809090,4.609090,4.663636,17385218
4.180621,4.527272,2009-01-23,4.754545,4.500000,4.754545,17521297
4.281359,4.636363,2009-02-02,4.663636,4.472727,4.636363,10905712
4.709496,5.100000,2009-02-03,5.100000,4.572727,4.636363,23414947
4.927761,5.336363,2009-02-04,5.490909,5.054545,5.263636,42362218
5.423056,5.872727,2009-02-05,5.872727,5.518181,5.590909,46199318
5.423056,5.872727,2009-02-06,5.872727,5.872727,5.872727,0
5.834402,6.318181,2009-02-09,6.463636,6.000000,6.454545,32495109
5.901562,6.390909,2009-02-10,6.481818,6.081818,6.136363,23400708
5.733663,6.209090,2009-02-11,6.672727,6.090909,6.209090,26713289
5.599347,6.063636,2009-02-12,6.254545,5.736363,6.181818,22775846
5.775639,6.254545,2009-02-13,6.427272,5.927272,6.000000,23477300
6.010692,6.509090,2009-02-16,6.545454,6.036363,6.290909,26935780
5.624531,6.090909,2009-02-17,6.490909,6.072727,6.436363,20975764
5.246764,5.681818,2009-02-18,6.036363,5.654545,5.827272,13724671
5.313924,5.754545,2009-02-19,5.854545,5.627272,5.736363,8627249
5.456635,5.909090,2009-02-20,5.945454,5.718181,5.718181,8717716
5.658111,6.127272,2009-02-23,6.163636,5.836363,5.963636,12544783
5.263555,5.700000,2009-02-24,6.136363,5.663636,6.009090,14364154
5.456635,5.909090,2009-02-25,6.018181,5.563636,5.736363,14009378
4.952946,5.363636,2009-02-26,6.009090,5.318181,5.872727,13380287
4.583574,4.963636,2009-02-27,5.309090,4.927272,5.263636,12187844
4.751470,5.145454,2009-03-02,5.200000,4.909090,5.000000,7138816
4.927761,5.336363,2009-03-03,5.663636,4.918181,4.918181,13106404
5.171211,5.600000,2009-03-04,5.709090,5.254545,5.281818,13215165
5.095657,5.518181,2009-03-05,5.772727,5.318181,5.618181,13258226
4.986525,5.400000,2009-03-06,5.500000,5.290909,5.354545,6818379
5.481820,5.936363,2009-03-09,5.936363,5.381818,5.400000,32109356
5.599347,6.063636,2009-03-10,6.227272,5.600000,5.818181,27787293
5.364292,5.809090,2009-03-11,6.172727,5.781818,6.163636,15493857
5.213185,5.645454,2009-03-12,5.736363,5.463636,5.681818,9895473
5.045289,5.463636,2009-03-13,5.700000,5.445454,5.654545,9408428
5.129236,5.554545,2009-03-16,5.563636,5.209090,5.418181,7761740
5.263555,5.700000,2009-03-17,5.772727,5.409090,5.527272,14152254
5.280344,5.718181,2009-03-18,5.881818,5.645454,5.700000,13240924
5.658111,6.127272,2009-03-19,6.200000,5.645454,5.727272,27080631
5.792428,6.272727,2009-03-20,6.400000,6.054545,6.154545,31615593
5.758849,6.236363,2009-03-23,6.345454,6.118181,6.318181,14834257
5.767243,6.245454,2009-03-24,6.318181,6.118181,6.254545,13822660
5.481820,5.936363,2009-03-25,6.245454,5.918181,6.181818,10332220
5.691690,6.163636,2009-03-26,6.218181,5.936363,5.981818,10777686
5.674900,6.145454,2009-03-27,6.263636,6.109090,6.263636,10230058
6.245749,6.763636,2009-03-30,6.763636,6.163636,6.163636,28086263
6.304512,6.827272,2009-03-31,7.045454,6.472727,6.681818,41927696
6.623516,7.172727,2009-04-01,7.454545,6.745454,6.827272,35964326
6.581541,7.127272,2009-04-02,7.590909,7.027272,7.181818,29871497
6.480802,7.018181,2009-04-03,7.409090,7.000000,7.263636,18532883
6.447224,6.981818,2009-04-07,6.990909,6.745454,6.981818,12582132
6.430435,6.963636,2009-04-08,7.181818,6.809090,6.936363,14169823
6.690673,7.245454,2009-04-09,7.254545,6.900000,6.963636,12865488
6.799807,7.363636,2009-04-10,7.500000,7.081818,7.254545,20614447
6.732649,7.290909,2009-04-13,7.409090,7.209090,7.318181,14294912
6.942519,7.518181,2009-04-14,7.536363,7.090909,7.272727,16625624
6.732649,7.290909,2009-04-15,7.527272,6.954545,7.509090,22892049
6.464014,7.000000,2009-04-16,7.227272,6.890909,7.200000,15291837
6.413645,6.945454,2009-04-17,7.127272,6.936363,7.000000,9239684
6.657095,7.209090,2009-04-20,7.209090,6.972727,6.972727,19023108
6.858569,7.427272,2009-04-21,7.536363,6.954545,7.045454,27209734
6.883755,7.454545,2009-04-22,7.918181,7.290909,7.409090,38889579
7.076836,7.663636,2009-04-23,7.863636,7.000000,7.345454,26721097
7.227943,7.827272,2009-04-24,8.072727,7.554545,7.727272,25117647
6.564751,7.109090,2009-04-27,7.863636,7.045454,7.690909,16449144
6.296117,6.818181,2009-04-28,7.336363,6.754545,6.990909,14778134
6.447224,6.981818,2009-04-29,7.109090,6.772727,6.909090,10725015
6.816597,7.381818,2009-04-30,7.481818,7.027272,7.036363,13773643
6.892149,7.463636,2009-05-04,7.563636,7.254545,7.390909,13886691
7.018073,7.600000,2009-05-05,7.781818,7.354545,7.500000,15676978
6.950912,7.527272,2009-05-06,7.709090,7.390909,7.545454,17783385
7.521762,8.145454,2009-05-07,8.281818,7.481818,7.536363,41719938
7.236337,7.836363,2009-05-08,8.072727,7.745454,7.909090,26053548
6.665489,7.218181,2009-05-11,7.936363,7.181818,7.900000,23724615
6.858569,7.427272,2009-05-12,7.436363,7.181818,7.272727,9065783
6.850174,7.418181,2009-05-13,7.454545,7.318181,7.454545,9672757
6.757832,7.318181,2009-05-14,7.381818,7.090909,7.381818,14143883
7.437813,8.054545,2009-05-15,8.054545,7.609090,7.709090,25978756
7.421023,8.036363,2009-05-18,8.590909,8.000000,8.145454,50058742
7.303495,7.909090,2009-05-19,7.981818,7.772727,7.890909,32834030
7.102021,7.690909,2009-05-20,8.036363,7.681818,7.854545,24753741
6.925729,7.500000,2009-05-21,7.672727,7.390909,7.563636,14051132
6.925729,7.500000,2009-05-22,7.500000,7.500000,7.500000,0
7.026467,7.609090,2009-05-25,7.618181,7.000000,7.300000,13117978
6.942519,7.518181,2009-05-26,7.772727,7.463636,7.609090,9777177
6.992888,7.572727,2009-05-27,7.654545,7.427272,7.545454,7647742
6.992888,7.572727,2009-06-01,7.572727,7.572727,7.572727,0
7.068441,7.654545,2009-06-02,7.954545,7.572727,7.772727,14768526
6.992888,7.572727,2009-06-03,7.654545,7.472727,7.590909,9411594
6.959308,7.536363,2009-06-04,7.727272,7.436363,7.563636,9480361
6.992888,7.572727,2009-06-05,7.718181,7.509090,7.545454,9558077
7.143994,7.736363,2009-06-08,7.818181,7.572727,7.627272,13566117
7.051651,7.636363,2009-06-09,7.800000,7.436363,7.745454,8253069
7.160784,7.754545,2009-06-10,7.772727,7.509090,7.590909,11480288
7.127205,7.718181,2009-06-11,7.809090,7.572727,7.727272,9671665
6.892149,7.463636,2009-06-12,7.681818,7.363636,7.654545,9095115
6.883755,7.454545,2009-06-15,7.500000,7.372727,7.500000,5810835
6.883755,7.454545,2009-06-16,7.454545,7.454545,7.454545,0
6.883755,7.454545,2009-06-17,7.454545,7.454545,7.454545,0
6.883755,7.454545,2009-06-18,7.454545,7.454545,7.454545,0
6.640306,7.190909,2009-06-19,7.290909,6.854545,7.118181,31964960
6.531173,7.072727,2009-06-22,7.209090,6.954545,7.063636,14545164
6.505988,7.045454,2009-06-23,7.127272,6.936363,6.981818,7884871
6.539567,7.081818,2009-06-24,7.118181,7.045454,7.045454,8582682
6.464014,7.000000,2009-06-25,7.100000,6.927272,7.090909,9280510
6.438829,6.972727,2009-06-26,7.036363,6.890909,6.981818,6211188
6.438829,6.972727,2009-06-29,7.018181,6.909090,6.981818,6467989
6.422040,6.954545,2009-06-30,7.000000,6.818181,6.981818,8453585
6.497593,7.036363,2009-07-01,7.118181,6.863636,6.936363,11760383
6.480802,7.018181,2009-07-02,7.054545,6.954545,7.045454,7266417
6.472408,7.009090,2009-07-03,7.027272,6.890909,7.000000,9392314
6.413645,6.945454,2009-07-06,7.000000,6.909090,7.000000,8102899
6.480802,7.018181,2009-07-07,7.109090,6.854545,6.918181,13387669
6.531173,7.072727,2009-07-08,7.118181,6.945454,6.954545,10570668
6.673884,7.227272,2009-07-09,7.254545,7.045454,7.072727,13722005
6.791412,7.354545,2009-07-10,7.500000,7.254545,7.272727,19239729
6.866965,7.436363,2009-07-13,7.527272,7.272727,7.354545,13472424
6.900545,7.472727,2009-07-14,7.609090,7.418181,7.609090,13111958
7.043256,7.627272,2009-07-15,7.818181,7.427272,7.463636,27152678
7.311891,7.918181,2009-07-16,8.090909,7.300000,7.554545,46880510
7.320285,7.927272,2009-07-17,8.272727,7.818181,7.963636,46771337
7.437813,8.054545,2009-07-20,8.181818,7.727272,7.890909,28838517
7.110415,7.700000,2009-07-21,8.081818,7.645454,7.990909,19851431
7.706448,8.345454,2009-07-22,8.463636,7.681818,7.681818,41759801
7.555341,8.181818,2009-07-23,8.381818,8.163636,8.163636,24097780
7.143994,7.736363,2009-07-24,7.963636,7.581818,7.963636,36844099
7.093626,7.681818,2009-07-27,7.718181,7.509090,7.681818,19882370
7.219548,7.818181,2009-07-28,7.845454,7.554545,7.672727,15725371
6.665489,7.218181,2009-07-29,7.772727,7.036363,7.772727,15582521
6.648700,7.200000,2009-07-30,7.363636,6.872727,7.245454,11487094
6.833386,7.400000,2009-07-31,7.472727,7.163636,7.200000,10445623
7.026467,7.609090,2009-08-03,7.654545,7.381818,7.463636,13487799
7.169179,7.763636,2009-08-04,7.809090,7.500000,7.627272,21040963
7.160784,7.754545,2009-08-05,7.790909,7.490909,7.772727,15865501
7.009677,7.590909,2009-08-06,7.718181,7.518181,7.672727,8429687
6.816597,7.381818,2009-08-07,7.681818,7.363636,7.627272,9101434
7.102021,7.690909,2009-08-10,7.781818,7.536363,7.618181,11751876
7.026467,7.609090,2009-08-11,7.718181,7.500000,7.700000,5292107
6.547963,7.090909,2009-08-12,7.590909,7.072727,7.590909,8297011
6.573146,7.118181,2009-08-13,7.190909,7.000000,7.100000,4704771
6.061063,6.563636,2009-08-14,7.136363,6.554545,7.118181,6639454
5.523793,5.981818,2009-08-17,6.554545,5.963636,6.490909,6033057
5.624531,6.090909,2009-08-18,6.118181,5.927272,5.981818,4443902
5.196396,5.627272,2009-08-19,6.136363,5.481818,6.118181,5376119
5.355898,5.800000,2009-08-20,5.809090,5.554545,5.618181,5957303
5.490214,5.945454,2009-08-21,5.963636,5.745454,5.745454,6666299
5.599347,6.063636,2009-08-24,6.163636,5.900000,5.936363,6487495
5.414660,5.863636,2009-08-25,6.072727,5.636363,6.063636,5269024
5.733663,6.209090,2009-08-26,6.381818,5.836363,5.872727,8006284
5.784033,6.263636,2009-08-27,6.354545,6.127272,6.209090,7476819
5.607742,6.072727,2009-08-28,6.300000,6.000000,6.227272,5203155
5.188001,5.618181,2009-08-31,6.009090,5.572727,6.000000,4363990
5.263555,5.700000,2009-09-01,5.763636,5.563636,5.636363,3315019
5.431450,5.881818,2009-09-02,5.890909,5.554545,5.672727,4491531
5.641320,6.109090,2009-09-03,6.172727,5.918181,5.936363,10825857
5.666505,6.136363,2009-09-04,6.290909,5.981818,6.109090,9645395
5.624531,6.090909,2009-09-07,6.209090,6.045454,6.154545,6286568
5.725269,6.200000,2009-09-08,6.218181,6.054545,6.100000,6314580
5.909956,6.400000,2009-09-09,6.436363,6.145454,6.245454,12188739
6.472408,7.009090,2009-09-10,7.036363,6.272727,6.363636,32156760
7.118810,7.709090,2009-09-11,7.709090,6.936363,7.090909,57425847
6.942519,7.518181,2009-09-14,8.000000,7.290909,8.000000,47765974
7.639289,8.272727,2009-09-15,8.272727,7.390909,7.572727,66443458
7.538551,8.163636,2009-09-16,8.718181,8.009090,8.063636,75145296
7.362259,7.972727,2009-09-17,8.100000,7.709090,7.909090,40442215
6.959308,7.536363,2009-09-18,8.181818,7.409090,7.863636,29943779
7.152389,7.745454,2009-09-21,7.863636,7.272727,7.445454,25156774
6.858569,7.427272,2009-09-22,7.936363,7.409090,7.681818,18485848
6.715859,7.272727,2009-09-23,7.590909,7.200000,7.518181,14618769
6.925729,7.500000,2009-09-24,7.690909,7.227272,7.281818,18907887
6.338093,6.863636,2009-09-25,7.545454,6.836363,7.500000,18172480
5.893166,6.381818,2009-09-28,6.954545,6.290909,6.827272,13010121
5.834402,6.318181,2009-09-29,6.481818,6.154545,6.363636,9627503
5.826006,6.309090,2009-09-30,6.481818,6.290909,6.372727,8125641
6.178590,6.690909,2009-10-09,6.727272,6.381818,6.436363,9402965
6.170195,6.681818,2009-10-12,6.836363,6.572727,6.772727,10539982
6.321302,6.845454,2009-10-13,6.863636,6.636363,6.672727,8923930
6.665489,7.218181,2009-10-14,7.372727,6.827272,6.863636,20496869
6.808201,7.372727,2009-10-15,7.400000,7.100000,7.181818,18635813
6.749438,7.309090,2009-10-16,7.645454,7.154545,7.418181,16046930
6.799807,7.363636,2009-10-19,7.400000,7.118181,7.327272,12436941
6.850174,7.418181,2009-10-20,7.509090,7.318181,7.400000,11413354
6.648700,7.200000,2009-10-21,7.436363,7.190909,7.418181,11767109
6.657095,7.209090,2009-10-22,7.290909,7.100000,7.190909,7843229
6.699069,7.254545,2009-10-23,7.336363,7.181818,7.190909,8928131
6.942519,7.518181,2009-10-26,7.545454,7.200000,7.254545,15316739
6.959308,7.536363,2009-10-27,7.681818,7.363636,7.418181,21540498
6.841781,7.409090,2009-10-28,7.581818,7.236363,7.481818,11388171
6.480802,7.018181,2009-10-29,7.290909,6.972727,7.272727,10156870
6.539567,7.081818,2009-10-30,7.245454,7.072727,7.100000,7489669
6.757832,7.318181,2009-11-02,7.345454,6.818181,6.927272,9762402
7.001283,7.581818,2009-11-03,7.890909,7.281818,7.318181,20385381
7.211153,7.809090,2009-11-04,8.063636,7.600000,7.727272,25421205
7.269916,7.872727,2009-11-05,7.963636,7.690909,7.727272,18689009
7.379050,7.990909,2009-11-06,8.181818,7.745454,7.909090,28379953
7.454603,8.072727,2009-11-09,8.272727,7.845454,8.036363,19874432
7.496577,8.118181,2009-11-10,8.209090,7.909090,8.136363,18618898
7.706448,8.345454,2009-11-11,8.409090,8.090909,8.136363,34185862
7.597315,8.227272,2009-11-12,8.409090,8.172727,8.327272,18364340
7.664473,8.300000,2009-11-13,8.336363,8.000000,8.181818,15418761
7.698052,8.336363,2009-11-16,8.454545,8.209090,8.418181,22234122
7.698052,8.336363,2009-11-17,8.436363,8.200000,8.345454,18496298
7.832371,8.481818,2009-11-18,8.600000,8.090909,8.281818,28325380
7.807186,8.454545,2009-11-19,8.681818,8.372727,8.390909,23291909
7.647684,8.281818,2009-11-20,8.409090,8.227272,8.372727,16620013
7.966685,8.627272,2009-11-23,8.809090,8.263636,8.272727,27685451
7.421023,8.036363,2009-11-24,8.672727,7.909090,8.654545,24493394
7.639289,8.272727,2009-11-25,8.363636,7.981818,7.981818,15773276
7.060046,7.645454,2009-11-26,8.318181,7.554545,8.272727,22630916
7.295102,7.900000,2009-11-27,8.409090,7.772727,7.772727,34772611
8.025452,8.690909,2009-11-30,8.690909,7.836363,8.027272,43671401
8.831354,9.563636,2009-12-01,9.563636,8.918181,8.981818,70837047
9.351832,10.127272,2009-12-02,10.518181,9.572727,9.890909,76333717
9.225909,9.990909,2009-12-03,10.090909,9.727272,9.890909,42795738
8.688643,9.409090,2009-12-04,9.990909,8.990909,9.945454,59188415
8.722221,9.445454,2009-12-07,9.672727,9.236363,9.363636,29592802
8.655063,9.372727,2009-12-08,9.545454,9.181818,9.318181,23880535
8.613089,9.327272,2009-12-09,9.454545,9.063636,9.200000,18632917
8.613089,9.327272,2009-12-10,9.454545,9.163636,9.345454,17116289
8.428402,9.127272,2009-12-11,9.427272,9.100000,9.354545,13750437
8.302481,8.990909,2009-12-14,9.154545,8.736363,9.090909,18793354
8.512349,9.218181,2009-12-15,9.272727,8.890909,8.945454,19323692
8.453586,9.154545,2009-12-16,9.381818,9.063636,9.118181,21768452
8.453586,9.154545,2009-12-17,9.154545,9.154545,9.154545,0
8.336059,9.027272,2009-12-18,9.263636,8.518181,8.818181,20939184
8.285689,8.972727,2009-12-21,9.627272,8.772727,8.954545,18990448
7.504971,8.127272,2009-12-22,8.909090,8.072727,8.909090,20333706
7.647684,8.281818,2009-12-23,8.336363,8.036363,8.145454,12394264
7.857555,8.509090,2009-12-24,8.518181,8.227272,8.245454,13892424
7.790396,8.436363,2009-12-25,8.636363,8.354545,8.454545,12032328
7.891133,8.545454,2009-12-28,8.609090,8.390909,8.418181,8767023
7.991871,8.654545,2009-12-29,8.663636,8.436363,8.572727,12223273
7.790396,8.436363,2009-12-30,8.709090,8.354545,8.636363,11877034
8.101005,8.772727,2009-12-31,8.836363,8.409090,8.409090,17626989
8.201743,8.881818,2010-01-04,9.000000,8.636363,8.818181,16379237
8.142979,8.818181,2010-01-05,8.909090,8.663636,8.890909,12303006
8.142979,8.818181,2010-01-06,9.027272,8.727272,8.800000,12284928
7.823974,8.472727,2010-01-07,8.890909,8.409090,8.781818,12895159
7.815580,8.463636,2010-01-08,8.472727,8.227272,8.445454,9263027
7.832371,8.481818,2010-01-11,8.581818,8.300000,8.581818,10746036
8.176557,8.854545,2010-01-12,8.881818,8.381818,8.454545,15066812
8.117793,8.790909,2010-01-13,9.018181,8.618181,8.681818,18285363
8.487167,9.190909,2010-01-14,9.200000,8.672727,8.672727,23658990
8.403220,9.100000,2010-01-15,9.254545,9.045454,9.227272,15852977
8.663457,9.381818,2010-01-18,9.390909,9.072727,9.090909,17081958
8.495562,9.200000,2010-01-19,9.363636,9.163636,9.363636,12134194
8.126190,8.800000,2010-01-20,9.218181,8.745454,9.218181,16064522
8.235322,8.918181,2010-01-21,9.054545,8.727272,8.845454,9342379
8.428402,9.127272,2010-01-22,9.172727,8.636363,8.818181,17592306
8.025452,8.690909,2010-01-25,9.118181,8.681818,9.000000,9362694
7.538551,8.163636,2010-01-26,8.781818,8.090909,8.745454,10714156
7.303495,7.909090,2010-01-27,8.245454,7.900000,8.200000,5939956
7.437813,8.054545,2010-01-28,8.172727,7.909090,7.909090,5809761
7.421023,8.036363,2010-01-29,8.200000,7.990909,8.000000,5938203
7.018073,7.600000,2010-02-01,8.036363,7.445454,8.036363,8265626
6.992888,7.572727,2010-02-02,7.745454,7.527272,7.681818,6310221
7.169179,7.763636,2010-02-03,7.781818,7.281818,7.590909,7431496
7.227943,7.827272,2010-02-04,7.945454,7.618181,7.636363,8026458
7.076836,7.663636,2010-02-05,7.781818,7.545454,7.690909,6515962
7.194364,7.790909,2010-02-08,7.881818,7.636363,7.636363,5491701
7.454603,8.072727,2010-02-09,8.145454,7.709090,7.745454,11897684
7.429418,8.045454,2010-02-10,8.081818,7.909090,8.063636,6813804
7.320285,7.927272,2010-02-11,8.063636,7.918181,8.000000,4069326
7.362259,7.972727,2010-02-12,8.027272,7.890909,7.963636,3817009
7.345469,7.954545,2010-02-22,8.072727,7.927272,7.936363,4098991
7.412629,8.027272,2010-02-23,8.054545,7.681818,7.918181,7049560
7.924714,8.581818,2010-02-24,8.663636,7.954545,8.000000,19139865
7.958292,8.618181,2010-02-25,8.818181,8.472727,8.490909,16869836
8.101005,8.772727,2010-02-26,8.972727,8.509090,8.563636,13656074
8.184953,8.863636,2010-03-01,8.927272,8.709090,8.763636,10685198
8.428402,9.127272,2010-03-02,9.718181,8.909090,8.927272,26588059
8.529140,9.236363,2010-03-03,9.445454,9.018181,9.136363,21240728
7.983478,8.645454,2010-03-04,9.272727,8.545454,9.263636,21517499
8.059031,8.727272,2010-03-05,8.836363,8.500000,8.663636,11219234
8.327664,9.018181,2010-03-08,9.072727,8.754545,8.781818,11675220
8.604694,9.318181,2010-03-09,9.418181,8.954545,9.027272,27866547
8.403220,9.100000,2010-03-10,9.581818,8.954545,9.463636,20943165
8.268900,8.954545,2010-03-11,9.109090,8.636363,9.000000,11056888
7.983478,8.645454,2010-03-12,8.954545,8.636363,8.954545,7992245
7.891133,8.545454,2010-03-15,8.645454,8.481818,8.645454,5652101
8.159768,8.836363,2010-03-16,8.863636,8.545454,8.590909,6672033
8.344453,9.036363,2010-03-17,9.072727,8.763636,8.836363,9519565
8.361242,9.054545,2010-03-18,9.181818,8.990909,9.090909,9448033
8.520744,9.227272,2010-03-19,9.281818,8.954545,9.018181,16505830
8.503957,9.209090,2010-03-22,9.318181,9.072727,9.290909,11915076
8.319270,9.009090,2010-03-23,9.209090,8.963636,9.209090,8995899
8.344453,9.036363,2010-03-24,9.136363,8.963636,8.972727,5898292
8.042241,8.709090,2010-03-25,8.981818,8.645454,8.890909,9553106
8.268900,8.954545,2010-03-26,9.036363,8.709090,8.709090,7513440
8.403220,9.100000,2010-03-29,9.163636,8.872727,8.981818,9931394
8.436796,9.136363,2010-03-30,9.154545,9.036363,9.109090,9262676
8.336059,9.027272,2010-03-31,9.145454,8.981818,9.127272,7819403
8.621483,9.336363,2010-04-01,9.427272,9.045454,9.045454,22608936
8.529140,9.236363,2010-04-02,9.390909,9.172727,9.363636,11600593
8.470376,9.172727,2010-04-06,9.354545,9.081818,9.290909,9352833
8.428402,9.127272,2010-04-07,9.136363,8.981818,9.027272,8243441
8.545930,9.254545,2010-04-08,9.254545,9.063636,9.118181,12093791
8.596297,9.309090,2010-04-09,9.327272,9.136363,9.227272,13545557
8.722221,9.445454,2010-04-12,9.490909,9.263636,9.363636,18199005
8.411612,9.109090,2010-04-13,9.536363,8.909090,9.463636,15104592
8.470376,9.172727,2010-04-14,9.227272,9.054545,9.090909,6636592
8.487167,9.190909,2010-04-15,9.336363,9.090909,9.209090,9878117
8.277296,8.963636,2010-04-16,9.154545,8.918181,9.154545,7482025
7.714841,8.354545,2010-04-19,8.945454,8.318181,8.945454,10290696
7.698052,8.336363,2010-04-20,8.427272,8.181818,8.372727,8318522
7.907922,8.563636,2010-04-21,8.600000,8.336363,8.345454,7807938
7.966685,8.627272,2010-04-22,8.718181,8.454545,8.572727,8569301
7.790396,8.436363,2010-04-23,8.718181,8.409090,8.590909,8589028
7.857555,8.509090,2010-04-26,8.590909,8.390909,8.481818,5814439
7.479789,8.100000,2010-04-27,8.545454,7.909090,8.418181,8729194
7.353864,7.963636,2010-04-28,8.118181,7.836363,8.045454,4941940
7.169179,7.763636,2010-04-29,8.209090,7.718181,8.072727,6151593
7.068441,7.654545,2010-04-30,7.836363,7.445454,7.818181,5510102
7.060046,7.645454,2010-05-04,7.718181,7.490909,7.527272,2829951
7.278312,7.881818,2010-05-05,7.890909,7.518181,7.527272,5458492
7.051651,7.636363,2010-05-06,8.000000,7.627272,7.881818,5839737
7.034862,7.618181,2010-05-07,7.627272,7.354545,7.454545,5282480
7.286707,7.890909,2010-05-10,8.227272,7.645454,7.981818,15500398
6.976098,7.554545,2010-05-11,8.000000,7.518181,7.909090,7571238
6.589936,7.136363,2010-05-12,7.527272,6.981818,7.527272,6682886
6.732649,7.290909,2010-05-13,7.300000,6.963636,7.136363,4684270
6.715859,7.272727,2010-05-14,7.390909,7.163636,7.254545,4465560
6.052667,6.554545,2010-05-17,7.181818,6.545454,7.181818,5359222
6.161800,6.672727,2010-05-18,6.690909,6.372727,6.545454,4526119
6.128220,6.636363,2010-05-19,6.772727,6.518181,6.636363,3891976
5.951930,6.445454,2010-05-20,6.681818,6.409090,6.536363,3632352
5.993904,6.490909,2010-05-21,6.500000,6.181818,6.245454,4317120
6.312906,6.836363,2010-05-24,6.854545,6.527272,6.527272,7108802
6.396854,6.927272,2010-05-25,7.027272,6.727272,6.736363,8536667
6.363276,6.890909,2010-05-26,6.936363,6.800000,6.909090,4286834
6.547963,7.090909,2010-05-27,7.227272,6.818181,6.900000,9721589
6.514382,7.054545,2010-05-28,7.172727,6.963636,7.081818,6200333
6.178590,6.690909,2010-05-31,7.018181,6.672727,7.009090,5237222
6.035877,6.536363,2010-06-01,6.681818,6.445454,6.654545,4241144
6.388459,6.918181,2010-06-02,7.036363,6.418181,6.536363,7029957
6.203773,6.718181,2010-06-03,6.945454,6.681818,6.918181,5610497
6.673884,7.227272,2010-06-04,7.263636,6.654545,6.727272,11583084
6.783017,7.345454,2010-06-07,7.636363,7.000000,7.090909,18473765
6.699069,7.254545,2010-06-08,7.318181,7.072727,7.236363,7916243
6.766227,7.327272,2010-06-09,7.363636,7.109090,7.236363,7887564
6.766227,7.327272,2010-06-10,7.327272,7.327272,7.327272,0
6.556357,7.100000,2010-06-11,7.381818,7.090909,7.354545,5252216
6.556357,7.100000,2010-06-15,7.100000,7.100000,7.100000,0
6.589936,7.136363,2010-06-17,7.236363,7.072727,7.145454,3421110
6.304512,6.827272,2010-06-18,7.163636,6.718181,7.100000,4554881
6.464014,7.000000,2010-06-21,7.018181,6.727272,6.827272,3347172
6.556357,7.100000,2010-06-22,7.163636,6.963636,6.990909,4005502
6.665489,7.218181,2010-06-23,7.245454,7.000000,7.018181,6499229
6.581541,7.127272,2010-06-24,7.236363,7.072727,7.163636,4087921
6.606725,7.154545,2010-06-25,7.209090,6.872727,7.090909,4145825
6.480802,7.018181,2010-06-28,7.300000,7.000000,7.181818,5914066
6.480802,7.018181,2010-06-29,7.018181,7.018181,7.018181,0
5.834402,6.318181,2010-06-30,6.490909,6.318181,6.490909,5575110
5.565767,6.027272,2010-07-01,6.327272,6.018181,6.318181,3821606
5.582557,6.045454,2010-07-02,6.163636,5.690909,6.045454,3370302
5.507004,5.963636,2010-07-05,6.054545,5.827272,5.945454,2079506
5.784033,6.263636,2010-07-06,6.454545,5.918181,5.963636,6425873
5.800823,6.281818,2010-07-07,6.309090,6.081818,6.181818,4139289
5.935139,6.427272,2010-07-08,6.500000,6.200000,6.309090,7616579
6.002299,6.500000,2010-07-09,6.545454,6.272727,6.372727,7438688
6.010692,6.509090,2010-07-12,6.618181,6.463636,6.518181,5693436
5.867981,6.354545,2010-07-13,6.454545,6.290909,6.454545,4186381
6.455619,6.990909,2010-07-14,6.990909,6.645454,6.645454,5098662
6.505988,7.045454,2010-07-15,7.690909,7.009090,7.690909,30396051
6.405250,6.936363,2010-07-16,7.045454,6.736363,6.736363,12167939
6.581541,7.127272,2010-07-19,7.218181,6.800000,6.845454,11097431
6.757832,7.318181,2010-07-20,7.454545,7.190909,7.236363,12727064
6.657095,7.209090,2010-07-21,7.345454,7.136363,7.254545,9451524
6.942519,7.518181,2010-07-22,7.800000,7.127272,7.227272,17120681
6.791412,7.354545,2010-07-23,7.536363,7.281818,7.418181,12088318
6.799807,7.363636,2010-07-26,7.418181,7.309090,7.345454,6550432
6.732649,7.290909,2010-07-27,7.354545,7.236363,7.327272,5358614
6.850174,7.418181,2010-07-28,7.490909,7.263636,7.263636,10176400
6.866965,7.436363,2010-07-29,7.472727,7.336363,7.436363,9853560
6.984492,7.563636,2010-07-30,7.581818,7.354545,7.418181,12275549
7.026467,7.609090,2010-08-02,7.618181,7.481818,7.536363,8775129
6.908940,7.481818,2010-08-03,7.800000,7.454545,7.636363,17320250
6.925729,7.500000,2010-08-04,7.572727,7.300000,7.481818,10523899
6.850174,7.418181,2010-08-05,7.563636,7.381818,7.509090,7678499
6.959308,7.536363,2010-08-06,7.545454,7.363636,7.390909,6560308
7.076836,7.663636,2010-08-09,7.672727,7.509090,7.536363,9309129
6.757832,7.318181,2010-08-10,7.663636,7.318181,7.663636,8193348
6.783017,7.345454,2010-08-11,7.418181,7.263636,7.272727,5065743
6.690673,7.245454,2010-08-12,7.400000,7.209090,7.245454,5308404
6.908940,7.481818,2010-08-13,7.527272,7.245454,7.245454,8847344
7.018073,7.600000,2010-08-16,7.636363,7.409090,7.481818,9501958
7.236337,7.836363,2010-08-17,7.863636,7.600000,7.609090,15611802
7.177573,7.772727,2010-08-18,8.000000,7.636363,7.909090,18448213
7.110415,7.700000,2010-08-19,7.863636,7.645454,7.781818,9574914
6.925729,7.500000,2010-08-20,7.736363,7.436363,7.636363,7990771
7.068441,7.654545,2010-08-23,7.718181,7.436363,7.454545,7503665
7.127205,7.718181,2010-08-24,7.763636,7.518181,7.672727,8693625
6.892149,7.463636,2010-08-25,7.745454,7.463636,7.663636,7141997
6.976098,7.554545,2010-08-26,7.645454,7.463636,7.527272,5129993
6.934124,7.509090,2010-08-27,7.581818,7.409090,7.554545,4496362
7.194364,7.790909,2010-08-30,7.800000,7.509090,7.554545,10581237
7.278312,7.881818,2010-08-31,7.945454,7.700000,7.718181,15358193
7.127205,7.718181,2010-09-01,7.945454,7.600000,7.845454,10229787
7.421023,8.036363,2010-09-02,8.136363,7.709090,7.772727,17663644
7.462998,8.081818,2010-09-03,8.300000,8.000000,8.018181,16803295
7.446207,8.063636,2010-09-06,8.345454,7.954545,8.272727,11400607
7.429418,8.045454,2010-09-07,8.145454,7.927272,8.018181,8712260
7.446207,8.063636,2010-09-08,8.118181,7.909090,8.000000,7184089
8.193347,8.872727,2010-09-09,8.872727,8.872727,8.872727,17660435
9.016041,9.763636,2010-09-10,9.763636,9.318181,9.354545,52001764
9.595284,10.390909,2010-09-13,10.736363,9.845454,10.436363,104259521
10.006629,10.836363,2010-09-14,10.900000,10.245454,10.572727,81597366
9.066409,9.818181,2010-09-15,10.618181,9.754545,10.536363,56195516
9.200728,9.963636,2010-09-16,10.318181,9.681818,9.845454,46196420
8.814565,9.545454,2010-09-17,10.200000,9.381818,9.827272,34922604
8.596297,9.309090,2010-09-20,9.690909,9.163636,9.590909,21416180
8.562719,9.272727,2010-09-21,9.472727,9.227272,9.363636,12561573
8.764194,9.490909,2010-09-27,9.681818,9.327272,9.381818,22356680
8.797775,9.527272,2010-09-28,9.809090,9.272727,9.536363,22501681
8.478772,9.181818,2010-09-29,9.518181,9.081818,9.454545,21229275
8.646668,9.363636,2010-09-30,9.409090,9.054545,9.090909,16550008
8.772592,9.500000,2010-10-08,9.745454,9.390909,9.472727,25717674
8.898513,9.636363,2010-10-11,9.663636,9.354545,9.445454,25275532
8.915300,9.654545,2010-10-12,9.809090,9.481818,9.690909,21263157
9.242700,10.009090,2010-10-13,10.181818,9.500000,9.609090,37324350
8.529140,9.236363,2010-10-14,9.709090,9.181818,9.700000,27485463
8.327664,9.018181,2010-10-15,9.309090,8.936363,9.145454,18671073
7.907922,8.563636,2010-10-18,8.972727,8.281818,8.972727,18181046
8.243717,8.927272,2010-10-19,8.954545,8.545454,8.554545,12790506
8.369639,9.063636,2010-10-20,9.218181,8.709090,8.772727,15259179
8.579509,9.290909,2010-10-21,9.436363,9.072727,9.072727,16050958
8.478772,9.181818,2010-10-22,9.281818,9.090909,9.281818,11371814
8.780985,9.509090,2010-10-25,9.718181,9.154545,9.181818,22128599
8.906907,9.645454,2010-10-26,9.945454,9.418181,9.509090,22072053
8.520744,9.227272,2010-10-27,9.709090,9.136363,9.645454,20347771
8.982462,9.727272,2010-10-28,9.781818,9.163636,9.163636,26212589
9.318253,10.090909,2010-10-29,10.209090,9.163636,9.163636,37600648
9.746390,10.554545,2010-11-01,10.972727,10.272727,10.272727,43727277
9.477756,10.263636,2010-11-02,11.072727,10.254545,10.545454,41976449
9.141963,9.900000,2010-11-03,10.463636,9.781818,10.263636,23298165
9.553308,10.345454,2010-11-04,10.445454,9.809090,9.881818,19571130
9.578494,10.372727,2010-11-05,10.500000,10.190909,10.409090,16910895
9.687626,10.490909,2010-11-08,10.518181,10.263636,10.472727,19105455
9.847128,10.663636,2010-11-09,10.863636,10.345454,10.454545,23081529
9.696020,10.500000,2010-11-10,10.636363,10.300000,10.590909,16405464
9.335042,10.109090,2010-11-11,10.545454,10.072727,10.409090,18233216
8.545930,9.254545,2010-11-12,10.163636,9.181818,10.027272,21188724
8.755801,9.481818,2010-11-15,9.490909,9.181818,9.336363,8715162
8.461982,9.163636,2010-11-16,9.663636,9.045454,9.527272,11072371
8.386430,9.081818,2010-11-17,9.272727,9.018181,9.054545,6673519
8.436796,9.136363,2010-11-18,9.272727,8.863636,9.200000,5952931
8.613089,9.327272,2010-11-19,9.336363,8.900000,9.136363,8391169
8.772592,9.500000,2010-11-22,9.600000,9.218181,9.227272,9992426
8.881723,9.618181,2010-11-23,9.681818,9.290909,9.445454,12180907
9.528124,10.318181,2010-11-24,10.354545,9.672727,9.681818,25294720
10.485135,11.354545,2010-11-25,11.354545,11.354545,11.354545,10994459
11.534487,12.490909,2010-11-26,12.490909,12.000000,12.490909,106740242
12.684577,13.736363,2010-11-29,13.736363,12.054545,12.400000,89162994
12.248049,13.263636,2010-11-30,13.990909,12.500000,13.818181,91614802
11.870279,12.854545,2010-12-01,13.254545,12.618181,12.981818,48935888
12.004598,13.000000,2010-12-02,13.445454,12.727272,12.945454,52786956
11.316222,12.254545,2010-12-03,12.863636,11.954545,12.754545,41581751
11.324616,12.263636,2010-12-06,12.618181,11.981818,12.136363,28692081
11.207089,12.136363,2010-12-07,12.227272,11.527272,12.009090,24476570
11.232272,12.163636,2010-12-08,12.518181,11.918181,12.000000,21931387
10.946850,11.854545,2010-12-09,12.154545,11.772727,11.954545,18435341
11.685595,12.654545,2010-12-10,12.963636,11.854545,11.854545,37236520
11.878675,12.863636,2010-12-13,13.172727,12.554545,12.790909,36293426
12.214469,13.227272,2010-12-14,13.709090,12.645454,12.727272,35532439
11.954227,12.945454,2010-12-15,13.345454,12.818181,13.254545,22970360
11.878675,12.863636,2010-12-16,13.072727,12.727272,12.827272,15708382
11.853489,12.836363,2010-12-17,12.909090,12.572727,12.863636,14162941
11.416960,12.363636,2010-12-20,12.909090,11.918181,12.890909,21186800
11.517698,12.472727,2010-12-21,12.545454,12.272727,12.381818,11708067
12.147310,13.154545,2010-12-22,13.709090,12.309090,12.454545,41340898
13.263822,14.363636,2010-12-23,14.454545,12.954545,13.045454,58279415
12.810500,13.872727,2010-12-24,14.500000,13.427272,13.909090,36835148
11.861886,12.845454,2010-12-27,14.318181,12.627272,13.872727,33069813
11.198693,12.127272,2010-12-28,12.627272,12.000000,12.536363,27263854
11.568067,12.527272,2010-12-29,12.545454,12.163636,12.163636,16724868
11.467327,12.418181,2010-12-30,12.672727,12.145454,12.481818,18525347
12.315204,13.336363,2010-12-31,13.618181,12.381818,12.500000,28318105
12.415942,13.445454,2011-01-04,13.636363,13.127272,13.300000,26251076
12.491499,13.527272,2011-01-05,14.145454,13.163636,13.254545,33039789
12.936424,14.009090,2011-01-06,14.090909,13.318181,13.436363,32406300
12.449524,13.481818,2011-01-07,14.145454,13.254545,13.818181,26211113
11.895464,12.881818,2011-01-10,13.609090,12.800000,13.318181,17879628
12.298415,13.318181,2011-01-11,13.345454,12.345454,12.900000,20091592
12.348784,13.372727,2011-01-12,13.409090,13.000000,13.263636,13410735
12.239652,13.254545,2011-01-13,13.618181,13.145454,13.427272,14123414
11.677199,12.645454,2011-01-14,13.445454,12.572727,13.281818,16736550
11.215484,12.145454,2011-01-17,12.627272,11.936363,12.545454,13784477
11.408565,12.354545,2011-01-18,12.390909,11.936363,12.145454,9028269
11.786331,12.763636,2011-01-19,12.772727,12.209090,12.400000,10969292
11.139929,12.063636,2011-01-20,12.881818,12.045454,12.772727,14500703
11.333012,12.272727,2011-01-21,12.527272,12.109090,12.109090,11018151
10.661425,11.545454,2011-01-24,12.409090,11.481818,12.363636,14808717
10.031813,10.863636,2011-01-25,11.772727,10.790909,11.772727,10584610
10.166130,11.009090,2011-01-26,11.172727,10.800000,10.836363,7642023
10.392793,11.254545,2011-01-27,11.500000,10.709090,10.900000,9629282
10.577478,11.454545,2011-01-28,11.536363,11.190909,11.254545,7727621
10.669821,11.554545,2011-01-31,11.618181,11.318181,11.454545,7814521
11.097956,12.018181,2011-02-01,12.263636,11.545454,11.618181,11343608
11.055984,11.972727,2011-02-09,12.227272,11.781818,11.909090,11032754
11.333012,12.272727,2011-02-10,12.327272,11.818181,11.945454,12999410
12.113730,13.118181,2011-02-11,13.500000,12.618181,12.618181,24804181
12.222861,13.236363,2011-02-14,13.500000,12.809090,12.936363,24219640
12.004598,13.000000,2011-02-15,13.381818,12.963636,13.090909,19337682
12.541866,13.581818,2011-02-16,14.072727,12.954545,12.963636,24499469
13.792695,14.936363,2011-02-17,14.936363,13.500000,13.636363,50824841
13.272215,14.372727,2011-02-18,14.936363,14.227272,14.736363,33673611
13.557640,14.681818,2011-02-21,14.890909,14.336363,14.363636,25340285
12.894448,13.963636,2011-02-22,14.927272,13.890909,14.745454,29732760
12.642606,13.690909,2011-02-23,14.090909,13.309090,13.863636,25828204
12.835685,13.900000,2011-02-24,13.963636,13.454545,13.545454,17144084
12.676186,13.727272,2011-02-25,13.927272,13.463636,13.909090,11793893
13.943805,15.100000,2011-02-28,15.100000,13.700000,13.836363,38772251
14.682548,15.900000,2011-03-01,16.318180,15.136363,15.527272,58258988
15.085496,16.336363,2011-03-02,16.536364,15.454545,15.554545,45503734
14.262803,15.445454,2011-03-03,16.327272,15.409090,16.063637,29282908
14.237621,15.418181,2011-03-04,15.809090,15.090909,15.318181,21869659
15.018339,16.263636,2011-03-07,16.690908,15.454545,15.454545,28176991
14.959578,16.200001,2011-03-08,16.572727,15.909090,16.154545,19391513
15.673136,16.972727,2011-03-09,17.445454,15.936363,16.236362,37865406
16.663727,18.045454,2011-03-10,18.554544,16.818180,16.972727,46513971
16.546198,17.918180,2011-03-11,18.418180,17.636362,17.818180,34203387
16.285957,17.636362,2011-03-14,17.990910,16.909090,17.636362,24224583
16.596565,17.972727,2011-03-15,18.627272,17.545454,17.545454,29590339
17.721474,19.190908,2011-03-16,19.372726,18.181818,18.181818,30922667
17.394072,18.836363,2011-03-17,19.709089,18.636362,18.690908,22516828
16.873592,18.272726,2011-03-18,19.009090,17.945454,18.636362,31940461
16.940752,18.345453,2011-03-21,18.909090,17.936363,18.290909,23219836
18.342688,19.863636,2011-03-22,20.090908,18.181818,18.318180,36504536
18.544165,20.081818,2011-03-23,20.527271,19.545454,19.618181,24290561
20.399418,22.090908,2011-03-24,22.090908,20.000000,20.118181,37913460
20.575714,22.281818,2011-03-25,22.454544,21.545454,22.090908,34012245
21.809750,23.618181,2011-03-28,24.209089,21.536364,22.163635,34235447
22.430967,24.290909,2011-03-29,25.354546,22.727272,23.181818,45867668
22.212704,24.054544,2011-03-30,24.981817,23.290909,23.900000,25188750
20.693239,22.409090,2011-03-31,24.000000,22.181818,23.799999,26709702
22.766760,24.654545,2011-04-01,24.654545,22.299999,22.381819,39906297
23.320820,25.254545,2011-04-06,25.636362,24.281818,24.663635,38350875
22.917866,24.818180,2011-04-07,25.600000,24.663635,25.000000,20226355
23.522297,25.472727,2011-04-08,25.909090,24.636362,25.272726,30685891
23.455135,25.400000,2011-04-11,25.772726,24.681818,25.245455,22459941
25.444710,27.554544,2011-04-12,27.936363,24.918180,25.172728,39666611
25.335573,27.436363,2011-04-13,27.890909,26.936363,27.090908,19369018
27.174044,29.427273,2011-04-14,30.145454,27.009090,27.009090,26228456
29.885572,32.363636,2011-04-15,32.372726,28.927273,29.363636,43387337
30.330494,32.845455,2011-04-18,33.354546,30.745455,32.181816,48464256
28.785851,31.172728,2011-04-19,32.618179,30.872726,32.227272,30216894
28.785851,31.172728,2011-04-20,31.172728,31.172728,31.172728,0
26.275797,28.454544,2011-04-21,32.045452,28.054544,32.000000,54989201
26.351351,28.536364,2011-04-22,29.627272,27.081818,28.454544,42014689
25.360764,27.463636,2011-04-25,28.000000,26.818180,27.972727,29330066
25.528660,27.645454,2011-04-26,27.981817,27.036364,27.436363,24582256
23.984013,25.972727,2011-04-27,27.854546,25.272726,27.772726,31751604
23.262054,25.190908,2011-04-28,26.554544,25.000000,25.990910,20264871
25.587418,27.709089,2011-04-29,27.709089,25.454544,26.200001,29705360
25.587418,27.709089,2011-05-03,27.709089,27.709089,27.709089,0
28.550795,30.918180,2011-05-04,32.909088,30.481817,31.636362,70058408
28.685114,31.063637,2011-05-05,31.790909,30.118181,30.818180,37537061
31.556143,34.172726,2011-05-06,34.172726,30.018181,30.272726,48037437
31.321089,33.918182,2011-05-09,36.272728,32.981819,35.636364,59328067
33.486954,36.263638,2011-05-10,36.818180,33.390907,33.590908,55945814
32.496365,35.190910,2011-05-11,36.163635,34.281818,35.618179,42166454
31.656883,34.281818,2011-05-12,36.181816,33.500000,34.772728,36154098
30.951710,33.518181,2011-05-13,35.427273,32.545452,34.281818,37950391
31.547743,34.163635,2011-05-16,34.463634,32.363636,32.954544,37797028
29.062881,31.472727,2011-05-17,34.036362,31.172728,33.654545,38636431
29.885572,32.363636,2011-05-18,33.200001,30.936363,30.936363,30363470
30.246550,32.754543,2011-05-19,34.000000,31.536364,32.436363,37830464
30.238152,32.745453,2011-05-20,33.436363,31.927273,32.554546,27630246
27.736500,30.036364,2011-05-23,32.636364,29.572727,32.627274,37557830
27.912788,30.227272,2011-05-24,30.863636,29.527271,29.636362,26005534
27.904394,30.218182,2011-05-25,30.718182,29.436363,30.054544,27583243
30.246550,32.754543,2011-05-26,33.236362,29.690908,30.318180,59180804
28.005131,30.327272,2011-05-27,32.509090,29.545454,32.509090,43006969
26.619986,28.827272,2011-05-30,29.809090,28.209089,29.363636,23342407
27.593786,29.881819,2011-05-31,30.054544,28.881819,28.909090,24269350
27.677732,29.972727,2011-06-01,30.236362,29.118181,29.681818,21439058
28.256979,30.600000,2011-06-02,31.772726,29.200001,29.363636,34405638
28.290552,30.636362,2011-06-03,31.090908,30.181818,30.190908,19604725
29.096458,31.509090,2011-06-07,32.027271,29.890909,30.090908,27428299
30.624313,33.163635,2011-06-08,34.181816,31.209089,31.363636,40611063
29.658909,32.118179,2011-06-09,33.327271,32.009090,32.836365,29685387
30.296915,32.809090,2011-06-10,33.172726,31.845453,31.900000,24899537
31.715645,34.345455,2011-06-13,34.618179,32.236362,32.545452,33060368
31.715645,34.345455,2011-06-14,34.345455,34.345455,34.345455,0
31.715645,34.345455,2011-06-15,34.345455,34.345455,34.345455,0
31.715645,34.345455,2011-06-16,34.345455,34.345455,34.345455,0
29.407066,31.845453,2011-06-17,32.818180,31.636362,32.463634,16272735
29.339909,31.772726,2011-06-20,32.063637,30.736362,31.727272,14234827
28.550795,30.918180,2011-06-21,32.072727,28.927273,31.845453,30307636
28.676716,31.054544,2011-06-22,31.818180,30.181818,30.454544,18971442
29.457436,31.900000,2011-06-23,32.263638,30.618181,30.909090,23223950
29.868784,32.345455,2011-06-24,33.081818,31.636362,31.900000,23781071
30.229759,32.736362,2011-06-27,33.227272,32.090908,32.181816,16858259
30.212967,32.718182,2011-06-28,33.136364,32.245453,32.818180,15570976
29.558172,32.009090,2011-06-29,33.145454,31.981817,32.727272,19363344
29.826809,32.299999,2011-06-30,32.818180,31.709089,31.799999,15722355
30.582340,33.118179,2011-07-01,34.172726,32.254543,32.254543,24617832
31.849964,34.490910,2011-07-04,34.954544,33.099998,33.363636,29232036
33.822739,36.627274,2011-07-05,37.718182,34.436363,34.490910,43563479
34.250877,37.090908,2011-07-06,38.354546,35.854546,37.518181,44606179
34.452354,37.309090,2011-07-07,37.863636,36.254543,36.954544,32374434
32.462780,35.154545,2011-07-08,36.818180,34.909088,36.627274,42925784
32.404018,35.090908,2011-07-11,35.681816,34.654545,34.818180,19222315
31.799591,34.436363,2011-07-12,34.963634,33.818180,34.718182,20175830
32.085014,34.745453,2011-07-13,35.072727,34.418182,34.418182,16187407
31.648493,34.272728,2011-07-14,34.799999,33.818180,34.781818,20814153
31.824772,34.463634,2011-07-15,34.890907,34.127274,34.363636,15127161
30.968502,33.536362,2011-07-18,34.436363,33.327271,34.181816,22691308
31.497374,34.109089,2011-07-19,34.718182,33.181816,33.272728,20970705
30.993689,33.563637,2011-07-20,34.536362,33.299999,34.527271,13093561
30.976894,33.545452,2011-07-21,34.072727,33.363636,33.727272,9079059
31.287506,33.881817,2011-07-22,34.136364,33.536362,33.863636,10836578
29.381878,31.818180,2011-07-25,33.772728,31.627272,33.727272,19230055
29.239168,31.663635,2011-07-26,32.127274,31.281818,31.818180,9201465
29.709280,32.172726,2011-07-27,32.454544,30.672728,31.545454,13609824
28.769058,31.154545,2011-07-28,31.809090,30.909090,31.809090,11221241
28.987324,31.390909,2011-07-29,31.900000,30.936363,31.018181,11164749
29.130037,31.545454,2011-08-01,31.900000,31.090908,31.100000,8009655
28.038708,30.363636,2011-08-02,31.272726,29.818180,31.181818,14686703
27.434278,29.709089,2011-08-03,30.181818,29.409090,30.000000,11514840
29.381878,31.818180,2011-08-04,32.272728,29.654545,29.690908,27042691
28.617952,30.990910,2011-08-05,32.127274,30.018181,30.654545,18904873
26.729118,28.945454,2011-08-08,30.909090,27.945454,30.381819,19162910
27.140465,29.390909,2011-08-09,29.809090,27.200001,28.000000,18054600
28.206606,30.545454,2011-08-10,31.627272,30.090908,30.281818,21153468
29.465830,31.909090,2011-08-11,31.972727,29.754545,29.754545,26066469
29.104849,31.518181,2011-08-12,32.700001,31.163635,32.518181,30627368
29.281143,31.709089,2011-08-15,31.809090,31.072727,31.572727,13074616
28.626350,31.000000,2011-08-16,31.745455,30.918180,31.745455,14101112
27.795263,30.100000,2011-08-17,30.909090,30.045454,30.909090,12851779
27.442680,29.718182,2011-08-18,30.709089,29.663635,30.018181,10487953
26.804670,29.027271,2011-08-19,29.081818,28.336363,28.818180,12288829
26.687143,28.900000,2011-08-22,29.609091,28.736362,28.954544,9623564
26.980963,29.218182,2011-08-23,29.290909,28.654545,29.054544,7805035
26.628380,28.836363,2011-08-24,29.709089,28.745455,29.472727,8849449
27.493046,29.772726,2011-08-25,29.818180,28.654545,28.890909,13850593
27.686127,29.981817,2011-08-26,30.245455,29.236362,29.590908,15000040
27.350334,29.618181,2011-08-29,29.909090,29.172728,29.727272,10985120
26.628380,28.836363,2011-08-30,29.954544,28.745455,29.854546,9621458
26.175058,28.345453,2011-08-31,29.045454,28.109091,28.836363,7282462
26.049139,28.209089,2011-09-01,28.700001,27.963636,28.409090,7091474
25.495077,27.609091,2011-09-02,28.263636,27.409090,28.190908,6394611
24.252644,26.263636,2011-09-05,27.272726,26.181818,27.272726,9066019
24.000801,25.990910,2011-09-06,26.454544,25.645454,25.918180,5531885
25.402735,27.509090,2011-09-07,27.590908,26.018181,26.345453,16073121
24.529675,26.563637,2011-09-08,27.709089,26.554544,27.654545,12118357
23.942038,25.927273,2011-09-09,27.045454,25.736362,26.454544,10013058
22.884289,24.781818,2011-09-13,25.590908,24.736362,25.590908,10537800
23.136133,25.054544,2011-09-14,25.072727,24.163635,24.827272,12899945
22.666023,24.545454,2011-09-15,25.090908,24.500000,25.090908,9956373
22.624050,24.500000,2011-09-16,25.054544,24.363636,24.636362,9748743
22.691212,24.572727,2011-09-19,25.254545,24.545454,24.563637,14607706
22.766760,24.654545,2011-09-20,24.881819,23.700001,24.318180,11663844
24.412146,26.436363,2011-09-21,26.863636,24.181818,24.454544,25112714
23.127739,25.045454,2011-09-22,26.245455,25.009090,26.000000,19458158
23.790928,25.763636,2011-09-23,26.445454,24.454544,24.454544,22810707
24.353382,26.372726,2011-09-26,26.636362,25.545454,25.545454,21342886
24.101540,26.100000,2011-09-27,26.818180,25.454544,26.690908,14194506
22.934654,24.836363,2011-09-28,26.354546,24.681818,26.254545,12620241
21.734201,23.536364,2011-09-29,24.690908,23.518181,24.272726,9624796
21.473957,23.254545,2011-09-30,23.799999,22.727272,23.636362,7462622
21.373222,23.145454,2011-10-10,23.609091,22.981817,23.363636,4743006
21.633457,23.427273,2011-10-11,24.081818,23.009090,23.818180,8256212
22.833920,24.727272,2011-10-12,24.890909,22.754545,23.254545,14910164
23.010208,24.918180,2011-10-13,25.427273,24.463636,24.636362,12387743
23.413162,25.354546,2011-10-14,25.609091,24.618181,24.727272,14613495
23.001818,24.909090,2011-10-17,25.590908,24.618181,25.536364,12486516
21.641857,23.436363,2011-10-18,24.636362,23.345453,24.590908,12107925
21.834934,23.645454,2011-10-19,23.945454,23.363636,23.454544,6912241
21.339642,23.109091,2011-10-20,23.509090,22.809090,23.454544,5854880
21.423592,23.200001,2011-10-21,23.509090,23.000000,23.045454,5974641
21.792965,23.600000,2011-10-24,23.618181,21.918180,23.218182,9725482
23.169714,25.090908,2011-10-25,25.545454,23.636362,23.827272,22803261
22.808737,24.700001,2011-10-26,25.299999,24.454544,24.818180,20207528
22.388994,24.245455,2011-10-27,24.963636,24.100000,24.581818,11489700
22.875895,24.772726,2011-10-28,24.890909,24.263636,24.636362,12105322
22.783552,24.672728,2011-10-31,24.954544,24.418180,24.681818,8731890
22.615654,24.490910,2011-11-01,24.663635,24.190908,24.345453,7864272
22.556890,24.427273,2011-11-02,24.454544,23.500000,24.109091,11164844
23.018606,24.927273,2011-11-03,25.390909,24.454544,24.590908,18671709
23.027002,24.936363,2011-11-04,25.154545,24.672728,25.063637,10892648
23.387978,25.327272,2011-11-07,25.654545,24.454544,24.854546,18567432
23.564266,25.518181,2011-11-08,25.881819,25.045454,25.345453,17897804
23.824507,25.799999,2011-11-09,25.827272,25.072727,25.545454,14163765
24.588438,26.627272,2011-11-10,27.081818,25.518181,25.636362,36974846
24.160299,26.163635,2011-11-11,26.763636,26.045454,26.436363,16408096
24.764729,26.818180,2011-11-14,27.054544,26.363636,26.727272,19415936
24.353382,26.372726,2011-11-15,26.763636,26.236362,26.600000,12879674
23.320820,25.254545,2011-11-16,26.363636,25.127272,26.299999,13267512
22.892683,24.790909,2011-11-17,25.445454,24.727272,25.254545,9594410
21.986040,23.809090,2011-11-18,24.718182,23.645454,24.545454,9375154
22.397388,24.254545,2011-11-21,24.290909,23.727272,23.863636,6797377
22.128754,23.963636,2011-11-22,24.172728,23.645454,24.045454,4610722
22.103571,23.936363,2011-11-23,24.263636,23.799999,24.045454,6059658
21.599882,23.390909,2011-11-24,23.790909,23.109091,23.627272,6432571
21.499142,23.281818,2011-11-25,23.700001,23.181818,23.336363,4866471
21.322849,23.090908,2011-11-28,23.545454,22.972727,23.309090,4554950
22.221098,24.063637,2011-11-29,24.209089,23.290909,23.454544,9569744
21.020638,22.763636,2011-11-30,23.981817,22.454544,23.945454,9559799
21.692225,23.490910,2011-12-01,23.954544,23.236362,23.636362,9462937
21.054218,22.799999,2011-12-02,23.427273,22.645454,23.318180,6649568
20.349052,22.036364,2011-12-05,22.799999,21.963636,22.763636,4352573
20.441395,22.136362,2011-12-06,22.327272,21.836363,21.836363,3339987
20.441395,22.136362,2011-12-07,22.272726,21.918180,22.172728,3302044
20.130787,21.799999,2011-12-08,22.263636,21.345453,22.100000,6432871
19.568333,21.190908,2011-12-09,21.772726,21.181818,21.536364,4346707
20.189552,21.863636,2011-12-12,22.581818,21.381819,21.454544,15598227
19.895731,21.545454,2011-12-13,22.045454,21.236362,21.590908,8699846
18.938719,20.509090,2011-12-14,21.454544,20.336363,21.299999,8849821
17.310125,18.745455,2011-12-15,20.272726,18.709089,20.090908,11922357
18.048868,19.545454,2011-12-16,19.718182,18.454544,19.090908,10186622
18.082447,19.581818,2011-12-19,19.809090,18.772726,19.254545,9401553
18.116026,19.618181,2011-12-20,20.000000,19.227272,19.363636,7503640
17.335308,18.772726,2011-12-21,20.045454,18.718182,19.818180,7473407
16.680515,18.063637,2011-12-22,18.463636,17.254545,18.454544,9319035
17.310125,18.745455,2011-12-23,19.081818,17.654545,17.918180,11645907
17.276545,18.709089,2011-12-26,19.263636,18.636362,18.863636,8883892
16.688908,18.072727,2011-12-27,18.609091,18.045454,18.527271,6133798
17.016306,18.427273,2011-12-28,18.590908,17.727272,17.909090,7503598
16.831623,18.227272,2011-12-29,18.590908,18.190908,18.245455,6245456
17.159018,18.581818,2011-12-30,18.627272,18.245455,18.254545,8420922
17.167414,18.590908,2012-01-04,19.336363,18.554544,18.818180,13265947
16.336327,17.690908,2012-01-05,18.490910,17.663635,18.454544,8605562
16.537800,17.909090,2012-01-06,17.981817,17.190908,17.581818,5946076
17.620733,19.081818,2012-01-09,19.272726,17.827272,18.163635,11062095
18.409849,19.936363,2012-01-10,20.227272,18.836363,18.909090,18451467
18.435032,19.963636,2012-01-11,20.200001,19.545454,19.890909,14678959
18.854773,20.418180,2012-01-12,21.636362,19.709089,19.836363,20932162
18.443428,19.972727,2012-01-13,20.690908,19.454544,20.272726,14104521
17.889370,19.372726,2012-01-16,20.363636,19.336363,19.627272,10234368
19.434017,21.045454,2012-01-17,21.072727,19.436363,19.554544,16539125
19.308092,20.909090,2012-01-18,21.772726,20.663635,21.527271,21089384
19.492781,21.109091,2012-01-19,21.172728,20.500000,20.909090,10495782
19.341675,20.945454,2012-01-20,21.245455,20.727272,21.090908,8502007
19.190567,20.781818,2012-01-30,21.072727,20.636362,21.072727,6036429
18.938719,20.509090,2012-01-31,20.890909,20.218182,20.727272,7714879
18.510584,20.045454,2012-02-01,20.718182,19.954544,20.363636,8716471
18.972298,20.545454,2012-02-02,20.563637,19.909090,20.136362,8095147
19.459198,21.072727,2012-02-03,21.254545,20.472727,20.554544,14510194
19.501175,21.118181,2012-02-06,21.181818,20.672728,21.072727,12321983
18.905140,20.472727,2012-02-07,20.945454,20.381819,20.945454,8965678
19.585121,21.209089,2012-02-08,21.381819,20.299999,20.299999,13898173
19.979681,21.636362,2012-02-09,22.000000,21.027271,21.254545,20224799
19.803389,21.445454,2012-02-10,21.818180,21.290909,21.518181,12174937
19.878942,21.527271,2012-02-13,21.954544,21.054544,21.318180,13866514
20.021656,21.681818,2012-02-14,22.081818,21.527271,21.663635,13301591
20.844347,22.572727,2012-02-15,22.690908,21.363636,21.609091,19069711
20.491764,22.190908,2012-02-16,22.590908,22.000000,22.418180,13994415
20.239916,21.918180,2012-02-17,22.418180,21.718182,22.345453,9093351
20.147575,21.818180,2012-02-20,22.400000,21.772726,22.281818,10531166
20.315470,22.000000,2012-02-21,22.009090,21.490910,21.663635,7611127
20.752005,22.472727,2012-02-22,22.545454,21.818180,21.954544,14934925
21.112982,22.863636,2012-02-23,23.100000,22.454544,22.536364,21096222
21.062613,22.809090,2012-02-24,22.963636,22.472727,22.818180,13327028
21.045822,22.790909,2012-02-27,23.345453,22.772726,22.818180,14969064
20.676451,22.390909,2012-02-28,22.690908,22.054544,22.690908,12945457
20.617685,22.327272,2012-02-29,23.045454,22.145454,22.263636,9843435
20.550524,22.254545,2012-03-01,22.500000,22.000000,22.081818,7149275
20.936693,22.672728,2012-03-02,22.700001,22.272726,22.272726,9222437
20.810768,22.536364,2012-03-05,22.890909,22.472727,22.700001,8428741
20.080418,21.745455,2012-03-06,22.445454,21.718182,22.427273,12237690
19.685860,21.318180,2012-03-07,21.727272,21.299999,21.454544,9584327
20.172760,21.845453,2012-03-08,21.954544,21.436363,21.527271,9126504
22.187517,24.027271,2012-03-09,24.027271,21.981817,21.990910,39679231
23.589455,25.545454,2012-03-12,26.254545,24.227272,24.363636,48289787
23.874878,25.854546,2012-03-13,26.109091,25.054544,25.290909,29069363
22.733183,24.618181,2012-03-14,26.045454,24.363636,25.890909,32540582
25.008181,27.081818,2012-03-15,27.081818,24.709089,24.709089,51045327
25.260025,27.354546,2012-03-16,27.636362,26.372726,27.081818,36257993
24.957811,27.027271,2012-03-19,28.172728,26.727272,27.227272,31764509
24.084749,26.081818,2012-03-20,26.909090,25.772726,26.745455,23752966
25.688158,27.818180,2012-03-21,28.072727,25.454544,26.345453,34388985
24.294621,26.309090,2012-03-22,27.718182,26.227272,27.527271,22143952
24.067959,26.063637,2012-03-23,26.127272,24.827272,25.909090,19835880
22.741575,24.627272,2012-03-26,25.181818,24.090908,24.518181,20583616
22.380600,24.236362,2012-03-27,24.872726,24.018181,24.690908,18024485
20.995453,22.736362,2012-03-28,23.990910,22.645454,23.981817,19818749
20.760399,22.481817,2012-03-29,22.727272,22.045454,22.418180,14465679
19.929310,21.581818,2012-03-30,22.881819,21.254545,22.500000,15590198
20.558924,22.263636,2012-04-05,22.336363,21.272726,21.272726,13962140
20.852741,22.581818,2012-04-06,22.963636,22.090908,22.272726,14544484
20.030046,21.690908,2012-04-09,22.472727,21.672728,22.472727,11084599
20.130787,21.799999,2012-04-10,21.909090,20.727272,21.454544,12186997
20.567318,22.272726,2012-04-11,22.454544,21.381819,21.400000,16165755
20.987057,22.727272,2012-04-12,22.781818,22.090908,22.181818,15256604
21.591488,23.381819,2012-04-13,24.018181,22.381819,22.772726,21978123
21.087799,22.836363,2012-04-16,23.236362,22.727272,22.845453,12477621
20.080418,21.745455,2012-04-17,22.500000,21.118181,22.500000,16526579
20.491764,22.190908,2012-04-18,22.263636,21.745455,21.745455,9625707
20.256708,21.936363,2012-04-19,22.418180,21.827272,22.172728,9107080
20.155973,21.827272,2012-04-20,22.090908,21.554544,21.863636,9371190
19.610308,21.236362,2012-04-23,21.818180,21.190908,21.818180,11061964
19.148592,20.736362,2012-04-24,21.163635,20.181818,20.590908,12463355
19.366856,20.972727,2012-04-25,21.081818,20.436363,20.754545,8929059
19.459198,21.072727,2012-04-26,21.536364,20.890909,20.954544,8230528
19.106617,20.690908,2012-04-27,21.245455,20.590908,21.100000,6588370
19.635494,21.263636,2012-05-02,21.527271,20.863636,21.118181,11267187
19.803389,21.445454,2012-05-03,21.690908,21.327272,21.409090,8696482
20.072021,21.736362,2012-05-04,21.781818,21.181818,21.454544,11830118
19.862152,21.509090,2012-05-07,21.709089,21.290909,21.681818,9002853
20.500160,22.200001,2012-05-08,22.509090,21.181818,21.509090,18772169
19.736227,21.372726,2012-05-09,21.972727,21.363636,21.972727,10173355
19.753019,21.390909,2012-05-10,21.663635,21.181818,21.209089,6312859
19.475992,21.090908,2012-05-11,21.545454,21.036364,21.381819,6493635
19.324884,20.927273,2012-05-14,21.409090,20.890909,21.281818,5585918
19.509571,21.127272,2012-05-15,21.409090,20.272726,20.663635,6797690
19.383650,20.990910,2012-05-16,21.527271,20.936363,21.127272,7328570
19.618702,21.245455,2012-05-17,21.318180,20.727272,20.954544,6518303
18.947115,20.518181,2012-05-18,21.209089,20.500000,21.090908,7480217
18.535770,20.072727,2012-05-21,20.727272,19.845453,20.545454,6832742
19.115013,20.700001,2012-05-22,20.972727,20.000000,20.181818,8938552
18.821194,20.381819,2012-05-23,20.663635,20.090908,20.500000,6204017
18.594530,20.136362,2012-05-24,20.418180,20.100000,20.336363,5206520
18.619717,20.163635,2012-05-25,20.345453,20.063637,20.127272,4261458
18.401457,19.927273,2012-05-28,20.245455,19.463636,20.245455,6373255
18.754036,20.309090,2012-05-29,20.436363,19.772726,19.854546,6936823
18.787611,20.345453,2012-05-30,20.627272,20.236362,20.336363,5922053
18.745642,20.299999,2012-05-31,20.454544,20.009090,20.181818,5064342
19.736227,21.372726,2012-06-01,22.272726,20.263636,20.272726,23254358
19.005880,20.581818,2012-06-04,21.100000,20.463636,20.881819,11354796
19.266119,20.863636,2012-06-05,21.136362,20.100000,20.645454,12314539
18.921934,20.490910,2012-06-06,20.990910,20.381819,20.727272,7059501
18.569347,20.109091,2012-06-07,20.863636,20.100000,20.772726,5340069
18.376268,19.900000,2012-06-08,20.509090,19.854546,20.509090,4926953
18.586142,20.127272,2012-06-11,20.200001,19.545454,19.954544,3936059
18.225159,19.736362,2012-06-12,20.018181,19.727272,20.018181,3623848
18.518982,20.054544,2012-06-13,20.063637,19.600000,19.745455,4699150
18.636505,20.181818,2012-06-14,20.581818,19.981817,20.054544,7024420
18.535770,20.072727,2012-06-15,20.327272,19.818180,20.218182,4486807
18.644903,20.190908,2012-06-18,20.318180,20.109091,20.218182,4095075
18.728851,20.281818,2012-06-19,20.527271,20.200001,20.227272,4953989
18.367876,19.890909,2012-06-20,20.418180,19.854546,20.418180,5117062
17.880974,19.363636,2012-06-21,19.827272,19.272726,19.827272,4560750
17.880974,19.363636,2012-06-25,19.363636,19.363636,19.363636,0
16.840015,18.236362,2012-06-26,18.481817,17.600000,18.363636,7771266
16.588175,17.963636,2012-06-27,18.363636,17.918180,18.254545,3682299
16.025719,17.354546,2012-06-28,18.163635,17.281818,18.027271,5023937
16.243982,17.590908,2012-06-29,17.600000,17.127272,17.336363,3703951
16.579771,17.954544,2012-07-02,18.054544,17.681818,17.681818,4188156
16.479036,17.845453,2012-07-03,18.254545,17.799999,17.981817,4398963
16.495829,17.863636,2012-07-04,18.027271,17.727272,17.863636,2886424
15.941771,17.263636,2012-07-05,17.872726,17.236362,17.872726,3645491
15.924982,17.245455,2012-07-06,17.527271,16.545454,17.290909,6431084
15.661077,16.940001,2012-07-09,17.700001,16.879999,17.700001,3066737
14.098666,15.250000,2012-07-10,16.200001,15.250000,16.200001,9608347
15.189581,16.430000,2012-07-11,16.660000,14.390000,14.710000,15914714
15.023169,16.250000,2012-07-12,16.600000,15.620000,15.980000,11728285
14.533182,15.720000,2012-07-13,16.250000,15.660000,16.180000,6630327
13.775090,14.900000,2012-07-16,15.600000,14.850000,15.600000,5875371
14.320547,15.490000,2012-07-17,16.200001,14.610000,14.660000,6907501
14.708838,15.910000,2012-07-18,15.990000,15.240000,15.400000,7838552
14.634879,15.830000,2012-07-19,16.120001,15.700000,15.800000,8065661
14.718084,15.920000,2012-07-20,16.200001,15.680000,15.710000,8207820
14.311303,15.480000,2012-07-23,15.710000,15.120000,15.700000,4987816
14.459223,15.640000,2012-07-24,15.870000,15.220000,15.290000,4991495
14.209607,15.370000,2012-07-25,15.730000,15.300000,15.600000,3645792
13.895275,15.030000,2012-07-26,15.460000,15.000000,15.310000,4117141
13.738111,14.860000,2012-07-27,15.220000,14.810000,15.110000,3475219
13.460759,14.560000,2012-07-30,15.050000,14.510000,14.900000,3005487
13.053979,14.120000,2012-07-31,14.560000,13.920000,14.510000,3966224
13.257370,14.340000,2012-08-01,14.440000,14.040000,14.130000,3102906
13.016999,14.080000,2012-08-02,14.390000,14.010000,14.270000,3095452
14.006216,15.150000,2012-08-03,15.490000,14.020000,14.160000,13293298
14.200363,15.360000,2012-08-06,15.390000,14.850000,14.950000,10207538
14.496203,15.680000,2012-08-07,15.970000,15.300000,15.400000,12889816
14.579410,15.770000,2012-08-08,15.940000,15.500000,15.600000,10451684
14.718084,15.920000,2012-08-09,16.100000,15.300000,15.570000,11773939
14.496203,15.680000,2012-08-10,16.200001,15.600000,15.800000,8373572
13.895275,15.030000,2012-08-13,15.670000,14.980000,15.660000,6265123
13.849051,14.980000,2012-08-14,15.160000,14.500000,14.940000,5329554
13.497741,14.600000,2012-08-15,14.980000,14.560000,14.980000,3698131
13.506984,14.610000,2012-08-16,14.820000,14.480000,14.570000,3724144
13.738111,14.860000,2012-08-17,14.950000,14.600000,14.650000,4313432
13.654905,14.770000,2012-08-20,14.850000,14.460000,14.570000,4061615
13.904522,15.040000,2012-08-21,15.180000,14.700000,14.800000,5176929
13.590191,14.700000,2012-08-22,15.100000,14.600000,15.090000,4471758
14.080176,15.230000,2012-08-23,15.590000,14.590000,14.720000,8159270
13.516230,14.620000,2012-08-24,15.220000,14.600000,15.170000,5800923
13.035489,14.100000,2012-08-27,14.550000,14.090000,14.550000,4000383
13.137183,14.210000,2012-08-28,14.380000,14.060000,14.060000,2664159
12.952284,14.010000,2012-08-29,14.290000,14.000000,14.160000,2808461
12.600973,13.630000,2012-08-30,14.130000,13.410000,13.990000,4041909
12.563993,13.590000,2012-08-31,13.790000,13.480000,13.580000,2297083
12.943038,14.000000,2012-09-03,14.300000,13.600000,13.600000,5463836
12.647199,13.680000,2012-09-04,14.080000,13.600000,14.070000,4011470
12.813608,13.860000,2012-09-05,14.070000,13.540000,13.570000,4013129
13.035489,14.100000,2012-09-06,14.140000,13.860000,13.900000,3844909
13.571700,14.680000,2012-09-07,14.970000,14.170000,14.220000,10807353
13.913767,15.050000,2012-09-10,15.470000,14.580000,14.670000,10692583
13.830561,14.960000,2012-09-11,15.010000,14.760000,15.010000,5766784
13.996972,15.140000,2012-09-12,15.250000,14.810000,15.020000,8704133
13.654905,14.770000,2012-09-13,15.120000,14.710000,15.120000,6764452
13.691886,14.810000,2012-09-14,15.080000,14.650000,14.990000,5326297
13.664151,14.780000,2012-09-17,15.080000,14.500000,14.750000,9139347
13.155674,14.230000,2012-09-18,14.590000,14.160000,14.590000,7002796
13.109449,14.180000,2012-09-19,14.500000,14.000000,14.240000,5074956
12.480788,13.500000,2012-09-20,14.240000,13.460000,14.170000,5514753
12.443809,13.460000,2012-09-21,13.680000,13.360000,13.500000,3112869
12.508522,13.530000,2012-09-24,13.680000,13.100000,13.400000,3123147
12.933794,13.990000,2012-09-25,14.590000,13.540000,13.540000,9984474
12.388337,13.400000,2012-09-26,13.860000,13.330000,13.750000,4995363
12.776628,13.820000,2012-09-27,13.960000,13.420000,13.420000,6484546
13.072469,14.140000,2012-09-28,14.300000,13.710000,13.720000,7247687
13.090959,14.160000,2012-10-08,14.350000,14.000000,14.140000,4974891
13.534721,14.640000,2012-10-09,14.650000,14.160000,14.160000,9207829
13.682641,14.800000,2012-10-10,14.950000,14.350000,14.540000,9780910
13.932257,15.070000,2012-10-11,15.280000,14.530000,14.710000,14613566
13.784337,14.910000,2012-10-12,15.300000,14.810000,15.110000,12059702
13.386799,14.480000,2012-10-15,14.970000,14.310000,14.930000,7847720
13.654905,14.770000,2012-10-16,14.860000,14.380000,14.480000,7426009
14.505447,15.690000,2012-10-17,16.160000,14.640000,14.720000,27105446
14.403753,15.580000,2012-10-18,15.630000,15.290000,15.500000,16437089
14.117159,15.270000,2012-10-19,15.560000,15.220000,15.550000,8303892
14.191117,15.350000,2012-10-22,15.510000,15.060000,15.150000,7674771
13.664151,14.780000,2012-10-23,15.410000,14.750000,15.300000,9605624
13.895275,15.030000,2012-10-24,15.090000,14.580000,14.650000,7389229
13.433024,14.530000,2012-10-25,14.960000,14.520000,14.910000,6282821
13.109449,14.180000,2012-10-26,14.680000,14.170000,14.540000,5390196
12.785873,13.830000,2012-10-29,14.150000,13.780000,14.080000,3695212
12.952284,14.010000,2012-10-30,14.290000,13.830000,13.830000,3299438
13.118692,14.190000,2012-10-31,14.290000,13.980000,14.050000,3008993
13.266615,14.350000,2012-11-01,14.480000,14.150000,14.180000,4236497
13.229636,14.310000,2012-11-02,14.680000,14.300000,14.460000,4747322
13.026245,14.090000,2012-11-05,14.300000,14.050000,14.180000,3705077
12.841344,13.890000,2012-11-06,14.160000,13.690000,14.100000,3886972
12.915304,13.970000,2012-11-07,14.060000,13.850000,13.990000,2340162
12.434562,13.450000,2012-11-08,13.840000,13.450000,13.750000,3305228
12.527013,13.550000,2012-11-09,13.640000,13.360000,13.450000,2287578
12.582481,13.610000,2012-11-12,13.700000,13.470000,13.560000,2217611
12.286641,13.290000,2012-11-13,13.740000,13.280000,13.630000,2650703
12.268153,13.270000,2012-11-14,13.380000,13.120000,13.380000,2433221
12.138721,13.130000,2012-11-15,13.440000,12.910000,13.250000,3372563
12.110987,13.100000,2012-11-16,13.130000,12.910000,13.010000,2496719
12.175702,13.170000,2012-11-19,13.200000,12.940000,13.100000,2109620
12.009291,12.990000,2012-11-20,13.300000,12.970000,13.270000,2289113
12.258906,13.260000,2012-11-21,13.280000,12.200000,13.000000,6725437
11.741185,12.700000,2012-11-22,13.010000,12.680000,13.000000,3869930
11.685716,12.640000,2012-11-23,12.820000,12.600000,12.600000,2149020
11.482325,12.420000,2012-11-26,12.760000,12.380000,12.650000,1953653
10.927623,11.820000,2012-11-27,12.410000,11.810000,12.410000,3314288
10.308207,11.150000,2012-11-28,11.780000,11.130000,11.780000,4039508
9.836709,10.640000,2012-11-29,11.290000,10.620000,11.150000,3372512
9.938405,10.750000,2012-11-30,10.840000,10.420000,10.580000,6304922
9.392948,10.160000,2012-12-03,10.910000,10.140000,10.660000,3967751
9.559359,10.340000,2012-12-04,10.430000,9.960000,10.100000,4737220
9.966140,10.780000,2012-12-05,11.100000,10.210000,10.300000,6915331
9.882935,10.690000,2012-12-06,10.960000,10.600000,10.780000,4275113
10.872152,11.760000,2012-12-07,11.760000,10.700000,10.720000,13175195
11.149505,12.060000,2012-12-10,12.150000,11.710000,11.960000,13271938
10.862907,11.750000,2012-12-11,12.020000,11.720000,12.000000,7718529
10.881397,11.770000,2012-12-12,11.910000,11.530000,11.690000,5151670
10.742723,11.620000,2012-12-13,12.020000,11.550000,11.750000,5415857
11.214218,12.130000,2012-12-14,12.200000,11.510000,11.510000,10035638
11.343649,12.270000,2012-12-17,12.950000,12.180000,12.180000,10675132
11.288178,12.210000,2012-12-18,12.530000,12.070000,12.270000,9482026
11.269688,12.190000,2012-12-19,12.390000,12.080000,12.080000,5852926
11.935329,12.910000,2012-12-20,13.240000,12.100000,12.200000,14186286
11.611754,12.560000,2012-12-21,12.990000,12.520000,12.800000,9202898
11.630245,12.580000,2012-12-24,12.750000,12.500000,12.600000,4398388
11.879862,12.850000,2012-12-25,12.920000,12.300000,12.570000,9070569
12.120231,13.110000,2012-12-26,13.250000,12.760000,12.800000,9796871
12.221926,13.220000,2012-12-27,13.550000,12.870000,13.150000,11610859
12.184947,13.180000,2012-12-28,13.300000,12.900000,13.120000,7585354
12.231170,13.230000,2012-12-31,13.380000,13.100000,13.200000,6574691
12.027781,13.010000,2013-01-04,13.450000,12.880000,13.350000,7049985
11.907596,12.880000,2013-01-07,12.990000,12.620000,12.990000,5687460
12.194191,13.190000,2013-01-08,13.340000,12.810000,12.830000,8901751
12.221926,13.220000,2013-01-09,13.400000,12.980000,13.120000,8851226
12.342112,13.350000,2013-01-10,13.800000,13.210000,13.550000,10830058
11.805900,12.770000,2013-01-11,13.340000,12.700000,13.190000,9164270
12.989264,14.050000,2013-01-14,14.050000,12.780000,12.780000,20353675
13.386799,14.480000,2013-01-15,14.730000,13.960000,14.290000,28822532
13.072469,14.140000,2013-01-16,14.380000,13.980000,14.380000,13464336
12.970774,14.030000,2013-01-17,14.560000,13.980000,14.150000,13246069
13.479250,14.580000,2013-01-18,14.850000,13.870000,13.990000,16607878
13.460759,14.560000,2013-01-21,14.670000,14.310000,14.510000,9363426
13.053979,14.120000,2013-01-22,14.550000,14.000000,14.520000,8670295
12.896812,13.950000,2013-01-23,14.120000,13.650000,14.120000,7277475
12.563993,13.590000,2013-01-24,14.420000,13.540000,13.880000,9442556
12.379092,13.390000,2013-01-25,13.680000,13.260000,13.510000,5974993
12.730403,13.770000,2013-01-28,13.800000,13.240000,13.300000,7896215
13.266615,14.350000,2013-01-29,14.700000,13.570000,13.790000,14243906
13.886032,15.020000,2013-01-30,15.190000,14.310000,14.550000,27595426
13.858296,14.990000,2013-01-31,15.120000,14.660000,14.880000,14590823
14.117159,15.270000,2013-02-01,15.600000,14.790000,14.870000,19747810
13.839806,14.970000,2013-02-04,15.760000,14.950000,15.580000,14335771
13.775090,14.900000,2013-02-05,15.100000,14.450000,14.790000,10214899
14.246588,15.410000,2013-02-06,15.610000,14.770000,14.770000,14945418
14.329793,15.500000,2013-02-07,15.880000,15.260000,15.390000,11997212
14.551673,15.740000,2013-02-08,15.980000,15.370000,15.370000,9346278
14.320547,15.490000,2013-02-18,15.910000,15.470000,15.810000,7029384
13.793582,14.920000,2013-02-19,15.570000,14.830000,15.450000,7999235
14.015461,15.160000,2013-02-20,15.210000,14.750000,15.010000,5882656
13.479250,14.580000,2013-02-21,15.000000,14.520000,15.000000,7139902
13.599436,14.710000,2013-02-22,14.890000,14.430000,14.460000,4542464
13.793582,14.920000,2013-02-25,14.960000,14.570000,14.680000,4831274
13.470006,14.570000,2013-02-26,15.150000,14.510000,14.740000,6566304
13.516230,14.620000,2013-02-27,14.880000,14.540000,14.680000,4297289
13.913767,15.050000,2013-02-28,15.080000,14.500000,14.700000,7545933
14.070931,15.220000,2013-03-01,15.450000,14.910000,15.050000,9890266
13.146430,14.220000,2013-03-04,15.000000,13.970000,15.000000,11902905
14.459223,15.640000,2013-03-05,15.640000,15.640000,15.640000,11178108
15.439197,16.700001,2013-03-06,17.200001,16.500000,16.570000,44810830
15.069395,16.299999,2013-03-07,16.580000,15.730000,16.309999,20972154
14.764309,15.970000,2013-03-08,16.680000,15.930000,16.160000,11509777
14.699594,15.900000,2013-03-11,16.200001,15.790000,15.800000,6683358
14.117159,15.270000,2013-03-12,15.980000,15.010000,15.850000,10328050
13.747355,14.870000,2013-03-13,15.270000,14.550000,15.160000,7567928
13.802827,14.930000,2013-03-14,15.100000,14.680000,14.690000,5186953
13.701131,14.820000,2013-03-15,15.290000,14.470000,14.850000,8260414
13.229636,14.310000,2013-03-18,14.820000,14.200000,14.640000,6668492
13.386799,14.480000,2013-03-19,14.500000,14.050000,14.300000,4923717
13.802827,14.930000,2013-03-20,14.950000,14.410000,14.480000,6565728
14.107911,15.260000,2013-03-21,15.450000,14.830000,14.900000,10388726
14.200363,15.360000,2013-03-22,15.790000,15.280000,15.420000,10210809
13.969236,15.110000,2013-03-25,15.320000,14.910000,15.290000,6759739
13.691886,14.810000,2013-03-26,15.050000,14.700000,15.010000,6031318
13.728867,14.850000,2013-03-27,15.100000,14.700000,14.730000,4421222
13.738111,14.860000,2013-03-28,14.950000,14.350000,14.740000,7375583
13.599436,14.710000,2013-03-29,15.100000,14.660000,14.730000,4532350
13.497741,14.600000,2013-04-01,14.780000,14.430000,14.650000,3387037
13.506984,14.610000,2013-04-02,14.900000,14.510000,14.560000,3439960
13.220391,14.300000,2013-04-03,14.770000,14.250000,14.590000,3346489
12.656442,13.690000,2013-04-08,13.900000,13.350000,13.730000,6491158
12.952284,14.010000,2013-04-09,14.180000,13.650000,13.760000,5930952
12.684177,13.720000,2013-04-10,14.030000,13.590000,14.000000,3598527
12.656442,13.690000,2013-04-11,14.090000,13.670000,13.700000,4045572
12.379092,13.390000,2013-04-12,13.720000,13.370000,13.580000,3240479
12.443809,13.460000,2013-04-15,13.540000,13.100000,13.320000,3557183
12.471542,13.490000,2013-04-16,13.550000,13.040000,13.210000,3292203
12.480788,13.500000,2013-04-17,13.580000,13.280000,13.420000,2634950
12.610218,13.640000,2013-04-18,13.680000,13.330000,13.480000,3639751
12.896812,13.950000,2013-04-19,14.080000,13.620000,13.640000,5475653
12.702667,13.740000,2013-04-22,13.860000,13.680000,13.860000,3765447
12.397582,13.410000,2013-04-23,13.900000,13.260000,13.750000,4613660
12.517766,13.540000,2013-04-24,13.600000,13.220000,13.410000,3293503
12.240417,13.240000,2013-04-25,13.580000,13.210000,13.540000,3568854
12.018536,13.000000,2013-04-26,13.530000,12.950000,13.260000,3388923
11.195727,12.110000,2013-05-02,12.600000,11.700000,12.600000,7612626
11.389874,12.320000,2013-05-03,12.500000,12.030000,12.030000,4209680
11.565529,12.510000,2013-05-06,12.650000,12.200000,12.400000,4981830
11.574776,12.520000,2013-05-07,12.740000,12.480000,12.740000,3807265
11.574776,12.520000,2013-05-08,12.620000,12.370000,12.610000,3665034
11.436100,12.370000,2013-05-09,12.650000,12.230000,12.500000,4766738
11.722695,12.680000,2013-05-10,12.700000,12.280000,12.350000,5009358
11.630245,12.580000,2013-05-13,12.840000,12.500000,12.740000,3637040
11.815145,12.780000,2013-05-14,12.880000,12.350000,12.570000,6316666
11.685716,12.640000,2013-05-15,12.780000,12.400000,12.780000,4102526
11.852123,12.820000,2013-05-16,12.850000,12.520000,12.590000,6170476
12.037027,13.020000,2013-05-17,13.040000,12.600000,12.740000,7424626
12.425318,13.440000,2013-05-20,13.460000,12.900000,13.060000,10095754
12.453053,13.470000,2013-05-21,13.570000,13.300000,13.510000,9659725
12.388337,13.400000,2013-05-22,13.810000,13.350000,13.470000,7082536
12.295887,13.300000,2013-05-23,13.600000,13.230000,13.310000,4797995
12.397582,13.410000,2013-05-24,13.530000,13.050000,13.380000,4675528
12.619464,13.650000,2013-05-27,13.660000,13.330000,13.480000,6054369
12.674934,13.710000,2013-05-28,13.760000,13.470000,13.660000,5418591
12.647199,13.680000,2013-05-29,14.130000,13.630000,13.750000,7796349
12.416073,13.430000,2013-05-30,13.560000,13.360000,13.520000,5350141
12.314375,13.320000,2013-05-31,13.550000,13.290000,13.450000,3571408
12.231170,13.230000,2013-06-03,13.430000,13.190000,13.300000,3362403
11.944576,12.920000,2013-06-04,13.300000,12.700000,13.230000,4483535
11.833635,12.800000,2013-06-05,12.940000,12.650000,12.910000,3510781
11.454590,12.390000,2013-06-06,12.790000,12.370000,12.700000,4728439
11.204973,12.120000,2013-06-07,12.550000,12.070000,12.380000,3902738
10.798193,11.680000,2013-06-13,12.040000,11.410000,12.040000,3855339
11.131013,12.040000,2013-06-14,12.160000,11.640000,11.750000,4161445
11.029319,11.930000,2013-06-17,12.190000,11.800000,12.010000,2906536
11.243932,12.050000,2013-06-18,12.150000,11.850000,11.950000,3099734
11.094636,11.890000,2013-06-19,12.050000,11.700000,12.000000,2558952
10.852028,11.630000,2013-06-20,11.870000,11.530000,11.870000,3253707
10.637414,11.400000,2013-06-21,11.460000,11.180000,11.430000,2746610
9.713638,10.410000,2013-06-24,11.400000,10.400000,11.400000,4203923
9.489693,10.170000,2013-06-25,10.450000,9.370000,10.390000,6280932
9.377720,10.050000,2013-06-26,10.270000,9.960000,10.120000,3954179
9.107120,9.760000,2013-06-27,10.250000,9.710000,10.060000,3890664
9.293740,9.960000,2013-06-28,10.170000,9.660000,9.790000,2942797
9.368390,10.040000,2013-07-01,10.140000,9.800000,10.030000,2161718
9.387052,10.060000,2013-07-02,10.140000,9.900000,10.140000,2643873
9.312402,9.980000,2013-07-03,10.060000,9.850000,10.020000,2758714
9.909591,10.620000,2013-07-04,10.910000,9.800000,9.800000,9227321
9.788285,10.490000,2013-07-05,10.710000,10.400000,10.550000,4946821
9.293740,9.960000,2013-07-08,10.350000,9.900000,10.350000,3372225
9.368390,10.040000,2013-07-09,10.290000,9.930000,9.990000,1955038
9.713638,10.410000,2013-07-10,10.440000,9.970000,10.000000,3419913
10.245508,10.980000,2013-07-11,10.990000,10.330000,10.460000,8578640
9.872265,10.580000,2013-07-12,10.960000,10.560000,10.920000,6415305
10.058887,10.780000,2013-07-15,10.810000,10.530000,10.580000,4012267
10.096213,10.820000,2013-07-16,10.950000,10.650000,10.770000,3324485
9.769625,10.470000,2013-07-17,10.820000,10.450000,10.820000,4392363
9.825611,10.530000,2013-07-18,10.710000,10.250000,10.470000,4560354
9.340397,10.010000,2013-07-19,10.540000,9.990000,10.450000,4012118
9.499023,10.180000,2013-07-22,10.200000,9.810000,9.990000,3109364
9.760293,10.460000,2013-07-23,10.520000,10.180000,10.180000,4158735
10.161529,10.890000,2013-07-24,11.360000,10.240000,10.440000,8110628
9.890928,10.600000,2013-07-25,10.840000,10.560000,10.820000,4716617
9.797618,10.500000,2013-07-26,10.670000,10.350000,10.530000,2700246
9.517686,10.200000,2013-07-29,10.440000,10.180000,10.400000,2640935
9.666983,10.360000,2013-07-30,10.410000,10.020000,10.300000,2628444
9.583004,10.270000,2013-07-31,10.650000,10.250000,10.430000,2275733
9.797618,10.500000,2013-08-01,10.520000,10.160000,10.330000,3811448
9.965578,10.680000,2013-08-02,10.860000,10.420000,10.530000,7456972
10.114873,10.840000,2013-08-05,10.900000,10.540000,10.550000,6774657
10.077550,10.800000,2013-08-06,10.890000,10.670000,10.850000,5165203
10.124207,10.850000,2013-08-07,11.050000,10.780000,10.870000,7909867
10.152199,10.880000,2013-08-08,11.100000,10.710000,10.780000,6568454
10.413467,11.160000,2013-08-09,11.250000,10.830000,10.900000,9294733
10.674738,11.440000,2013-08-12,11.460000,11.080000,11.200000,10713891
10.544103,11.300000,2013-08-13,11.460000,11.180000,11.430000,8118489
10.796041,11.570000,2013-08-14,11.670000,11.260000,11.370000,12679762
10.852028,11.630000,2013-08-15,12.300000,11.580000,12.000000,14586243
10.385474,11.130000,2013-08-16,11.980000,11.100000,11.350000,10731393
10.544103,11.300000,2013-08-19,11.440000,10.920000,11.030000,5797023
10.469454,11.220000,2013-08-20,11.490000,11.150000,11.250000,4974701
10.516110,11.270000,2013-08-21,11.320000,11.100000,11.140000,3340990
10.376143,11.120000,2013-08-22,11.250000,11.100000,11.180000,3778210
10.133535,10.860000,2013-08-23,11.280000,10.780000,11.080000,5047575
10.590758,11.350000,2013-08-26,11.350000,10.850000,10.960000,6148581
10.870689,11.650000,2013-08-27,11.990000,11.590000,11.800000,15287918
11.514533,12.340000,2013-08-28,12.680000,11.590000,11.700000,25474933
11.159952,11.960000,2013-08-29,12.250000,11.800000,12.150000,11318759
11.113298,11.910000,2013-08-30,12.430000,11.850000,11.860000,13611937
10.880023,11.660000,2013-09-02,12.190000,11.460000,11.880000,8014293
10.973331,11.760000,2013-09-03,11.860000,11.620000,11.710000,5815100
11.019987,11.810000,2013-09-04,11.910000,11.530000,11.780000,6523943
11.029319,11.820000,2013-09-05,11.980000,11.700000,11.740000,6756820
11.187946,11.990000,2013-09-06,12.150000,11.610000,11.850000,10992900
11.271926,12.080000,2013-09-09,12.090000,11.780000,11.970000,9654982
11.589183,12.420000,2013-09-10,12.730000,11.970000,12.040000,17251462
11.477210,12.300000,2013-09-11,12.500000,12.150000,12.380000,10797982
11.505201,12.330000,2013-09-12,12.420000,12.190000,12.290000,6972217
11.467879,12.290000,2013-09-13,12.790000,12.280000,12.440000,11551297
11.131961,11.930000,2013-09-16,12.280000,11.820000,12.150000,7311756
10.768048,11.540000,2013-09-17,11.980000,11.520000,11.830000,5615794
10.833365,11.610000,2013-09-18,11.680000,11.380000,11.520000,3705117
11.019987,11.810000,2013-09-23,11.840000,11.580000,11.610000,5218677
11.253264,12.060000,2013-09-24,12.290000,11.690000,11.830000,8784861
11.234602,12.040000,2013-09-25,12.350000,11.920000,12.240000,8053456
11.010656,11.800000,2013-09-26,12.090000,11.650000,12.070000,5353397
11.094636,11.890000,2013-09-27,12.200000,11.650000,11.800000,8599861
10.870689,11.650000,2013-09-30,11.920000,11.560000,11.760000,5047458
10.870689,11.650000,2013-10-08,11.750000,11.400000,11.650000,3493597
10.936007,11.720000,2013-10-09,11.730000,11.490000,11.600000,4864385
10.768048,11.540000,2013-10-10,11.730000,11.500000,11.650000,4999011
11.262595,12.070000,2013-10-11,12.180000,11.550000,11.600000,13246863
11.561190,12.390000,2013-10-14,12.710000,11.920000,12.140000,21826388
11.934431,12.790000,2013-10-15,12.860000,12.240000,12.320000,16206569
11.486541,12.310000,2013-10-16,12.760000,12.210000,12.760000,9620833
11.617175,12.450000,2013-10-17,12.860000,12.420000,12.420000,11049347
11.309251,12.120000,2013-10-18,12.480000,12.020000,12.470000,7057916
11.430553,12.250000,2013-10-21,12.350000,12.070000,12.170000,7274350
11.178616,11.980000,2013-10-22,12.390000,11.970000,12.170000,6421094
10.618752,11.380000,2013-10-23,12.000000,11.300000,11.920000,9281925
10.628082,11.390000,2013-10-24,11.560000,11.350000,11.450000,5125046
10.637414,11.400000,2013-10-25,11.650000,11.330000,11.450000,3673547
10.665407,11.430000,2013-10-28,11.590000,11.400000,11.420000,2165996
10.180191,10.910000,2013-10-29,11.640000,10.530000,11.540000,5644553
10.292165,11.030000,2013-10-30,11.190000,10.750000,10.940000,4030579
10.086881,10.810000,2013-10-31,11.000000,10.720000,11.000000,2803819
10.068219,10.790000,2013-11-01,10.860000,10.610000,10.810000,2787419
10.180191,10.910000,2013-11-04,10.940000,10.700000,10.700000,3117525
10.096213,10.820000,2013-11-05,10.900000,10.580000,10.900000,5852992
10.133535,10.860000,2013-11-06,11.090000,10.710000,10.760000,4906360
10.068219,10.790000,2013-11-07,11.070000,10.720000,10.830000,3732326
9.685644,10.380000,2013-11-08,10.790000,10.360000,10.790000,3569647
9.769625,10.470000,2013-11-11,10.490000,10.240000,10.290000,1886793
9.834942,10.540000,2013-11-12,10.580000,10.430000,10.430000,2129142
9.685644,10.380000,2013-11-13,10.750000,10.370000,10.500000,1977375
9.872265,10.580000,2013-11-14,10.610000,10.330000,10.380000,1956122
10.142866,10.870000,2013-11-15,11.060000,10.660000,10.800000,6313456
10.329489,11.070000,2013-11-18,11.080000,10.800000,10.800000,6304282
10.264170,11.000000,2013-11-19,11.080000,10.890000,11.000000,4296924
10.404137,11.150000,2013-11-20,11.180000,10.900000,11.030000,5433008
10.684070,11.450000,2013-11-21,12.070000,11.380000,11.380000,16173665
10.656076,11.420000,2013-11-22,11.700000,11.340000,11.520000,8578867
10.469454,11.220000,2013-11-25,11.460000,11.140000,11.450000,5548225
10.600089,11.360000,2013-11-26,11.530000,11.180000,11.180000,4748974
10.730723,11.500000,2013-11-27,11.580000,11.300000,11.330000,7779422
10.721392,11.490000,2013-11-28,11.680000,11.430000,11.550000,7288081
10.768048,11.540000,2013-11-29,11.690000,11.460000,11.490000,6440965
10.105543,10.830000,2013-12-02,11.300000,10.710000,11.300000,7551966
10.310827,11.050000,2013-12-03,11.150000,10.690000,10.700000,3377791
10.590758,11.350000,2013-12-04,11.470000,11.050000,11.050000,6433808
10.814703,11.590000,2013-12-05,11.660000,11.240000,11.310000,9619650
10.702731,11.470000,2013-12-06,11.750000,11.410000,11.500000,6495399
11.066643,11.860000,2013-12-09,11.980000,11.570000,11.570000,11775049
12.121052,12.990000,2013-12-10,13.050000,11.870000,11.880000,49802187
11.785134,12.630000,2013-12-11,12.800000,12.460000,12.700000,25340432
11.635838,12.470000,2013-12-12,13.050000,12.390000,12.620000,23199309
11.869115,12.720000,2013-12-13,12.900000,12.460000,12.570000,16686950
11.299918,12.110000,2013-12-16,12.790000,12.050000,12.790000,14671169
11.038649,11.830000,2013-12-17,12.180000,11.720000,12.150000,9880124
11.131961,11.930000,2013-12-18,11.960000,11.620000,11.870000,6760497
10.842696,11.620000,2013-12-19,11.970000,11.580000,11.940000,6642334
10.833365,11.610000,2013-12-20,11.920000,11.500000,11.600000,5553194
10.497449,11.250000,2013-12-23,11.650000,11.150000,11.650000,5120812
10.413467,11.160000,2013-12-24,11.420000,10.990000,11.300000,7881994
10.516110,11.270000,2013-12-25,11.280000,11.010000,11.160000,4715517
10.366812,11.110000,2013-12-26,11.440000,11.100000,11.260000,6435399
10.553435,11.310000,2013-12-27,11.380000,11.020000,11.110000,4896722
10.488116,11.240000,2013-12-30,11.430000,11.210000,11.380000,4418494
10.618752,11.380000,2013-12-31,11.440000,11.000000,11.210000,7030370
10.525440,11.280000,2014-01-02,11.330000,11.100000,11.300000,4950472
10.404137,11.150000,2014-01-03,11.350000,11.060000,11.270000,4987907
9.937583,10.650000,2014-01-06,11.140000,10.630000,11.130000,5772185
10.002902,10.720000,2014-01-07,10.870000,10.560000,10.610000,3955451
9.965578,10.680000,2014-01-08,10.840000,10.630000,10.750000,2776830
9.797618,10.500000,2014-01-09,10.860000,10.460000,10.610000,3976192
9.713638,10.410000,2014-01-10,10.580000,10.300000,10.480000,3561290
9.508354,10.190000,2014-01-13,10.450000,10.110000,10.410000,3289492
9.648320,10.340000,2014-01-14,10.350000,9.870000,10.240000,6378892
9.610997,10.300000,2014-01-15,10.350000,10.130000,10.330000,3567020
9.620329,10.310000,2014-01-16,10.500000,10.230000,10.270000,4447419
9.480361,10.160000,2014-01-17,10.330000,10.150000,10.320000,2843616
9.489693,10.170000,2014-01-20,10.250000,10.050000,10.140000,2294414
9.648320,10.340000,2014-01-21,10.400000,10.190000,10.220000,3131445
9.890928,10.600000,2014-01-22,10.650000,10.340000,10.410000,5087788
9.853605,10.560000,2014-01-23,10.660000,10.490000,10.580000,4553181
10.030894,10.750000,2014-01-24,10.940000,10.490000,10.520000,5743115
9.956245,10.670000,2014-01-27,10.810000,10.560000,10.670000,3778913
10.002902,10.720000,2014-01-28,10.880000,10.600000,10.710000,3741341
10.040224,10.760000,2014-01-29,10.930000,10.650000,10.770000,3665590
9.965578,10.680000,2014-01-30,10.860000,10.580000,10.710000,3559431
10.077550,10.800000,2014-02-07,10.830000,10.450000,10.550000,4494872
10.394807,11.140000,2014-02-10,11.180000,10.830000,10.920000,8390494
10.329489,11.070000,2014-02-11,11.160000,10.950000,11.130000,6551556
10.562765,11.320000,2014-02-12,11.400000,11.040000,11.050000,10665177
10.404137,11.150000,2014-02-13,11.460000,11.110000,11.330000,8533387
10.534772,11.290000,2014-02-14,11.300000,11.020000,11.220000,5875376
10.684070,11.450000,2014-02-17,11.500000,11.250000,11.360000,7811671
10.618752,11.380000,2014-02-18,11.500000,11.240000,11.410000,7901856
10.553435,11.310000,2014-02-19,11.420000,11.250000,11.330000,6898681
10.292165,11.030000,2014-02-20,11.430000,11.000000,11.320000,7656016
10.394807,11.140000,2014-02-21,11.350000,11.000000,11.030000,6679305
10.208185,10.940000,2014-02-24,11.170000,10.840000,11.170000,5473454
9.928253,10.640000,2014-02-25,11.190000,10.580000,10.940000,7113273
10.002902,10.720000,2014-02-26,10.770000,10.490000,10.620000,4716473
9.806950,10.510000,2014-02-27,10.850000,10.480000,10.730000,5315959
10.021564,10.740000,2014-02-28,10.770000,10.400000,10.490000,4090446
10.814703,11.590000,2014-03-03,11.650000,10.700000,10.700000,16936607
10.898684,11.680000,2014-03-04,11.900000,11.270000,11.470000,17655596
10.702731,11.470000,2014-03-05,11.660000,11.390000,11.540000,8092545
10.796041,11.570000,2014-03-06,11.850000,11.520000,11.590000,9768466
10.600089,11.360000,2014-03-07,11.560000,11.280000,11.460000,7375046
10.749387,11.520000,2014-03-10,11.830000,11.260000,11.330000,13731575
11.309251,12.120000,2014-03-11,12.500000,11.600000,11.600000,23989377
10.880023,11.660000,2014-03-12,11.830000,11.430000,11.810000,14567770
11.010656,11.800000,2014-03-13,11.840000,11.490000,11.620000,10487568
11.001325,11.790000,2014-03-14,12.120000,11.580000,11.740000,11328028
11.309251,12.120000,2014-03-17,12.150000,11.400000,11.700000,14338843
11.169285,11.970000,2014-03-18,12.250000,11.930000,12.050000,12748884
11.710486,12.550000,2014-03-19,12.590000,11.880000,11.960000,23381489
11.393230,12.210000,2014-03-20,12.590000,12.150000,12.410000,17273534
11.635838,12.470000,2014-03-21,12.490000,11.830000,12.090000,14599047
11.467879,12.290000,2014-03-24,12.680000,12.230000,12.390000,15474696
11.197278,12.000000,2014-03-25,12.330000,11.790000,11.960000,17376338
11.495872,12.320000,2014-03-26,12.420000,11.920000,12.060000,12247207
11.103968,11.900000,2014-03-27,12.280000,11.880000,12.200000,11047931
11.178616,11.980000,2014-03-28,12.380000,11.900000,11.910000,13081262
10.124207,10.850000,2014-03-31,12.070000,10.780000,12.000000,17350497
10.180191,10.910000,2014-04-01,10.940000,10.700000,10.800000,6004938
10.460122,11.210000,2014-04-02,11.770000,11.060000,11.100000,12149832
10.450792,11.200000,2014-04-03,11.340000,11.100000,11.100000,6385595
10.497449,11.250000,2014-04-04,11.330000,11.100000,11.260000,5026862
10.581428,11.340000,2014-04-08,11.450000,11.130000,11.220000,5325676
10.684070,11.450000,2014-04-09,11.480000,11.290000,11.340000,5966786
10.730723,11.500000,2014-04-10,11.730000,11.420000,11.500000,7778359
10.982665,11.770000,2014-04-11,11.910000,11.530000,11.540000,11120405
10.908015,11.690000,2014-04-14,11.750000,11.540000,11.700000,5414082
10.693399,11.460000,2014-04-15,11.680000,11.410000,11.680000,5810102
10.814703,11.590000,2014-04-16,11.660000,11.300000,11.450000,5315148
10.730723,11.500000,2014-04-17,11.660000,11.470000,11.630000,4542416
10.646744,11.410000,2014-04-18,11.570000,11.340000,11.410000,3995298
10.422800,11.170000,2014-04-21,11.510000,11.140000,11.310000,5988946
10.544103,11.300000,2014-04-22,11.340000,11.030000,11.160000,4355262
10.432131,11.180000,2014-04-23,11.360000,11.130000,11.250000,3950596
10.824035,11.600000,2014-04-24,11.690000,11.040000,11.160000,11068796
11.327911,12.140000,2014-04-25,12.550000,11.610000,11.680000,32627373
11.327911,12.140000,2014-04-28,12.550000,11.920000,12.300000,25614917
11.738480,12.580000,2014-04-29,12.600000,11.890000,12.020000,19419657
12.624931,13.530000,2014-04-30,13.750000,12.460000,12.530000,34330269
12.718242,13.630000,2014-05-05,14.200000,13.250000,13.350000,34661183
12.764896,13.680000,2014-05-06,13.950000,13.400000,13.670000,19563059
12.783558,13.700000,2014-05-07,14.480000,13.440000,13.500000,33999823
12.531620,13.430000,2014-05-08,13.560000,13.080000,13.200000,26539823
12.298344,13.180000,2014-05-09,13.350000,12.630000,13.330000,21410985
13.530044,14.500000,2014-05-12,14.500000,13.550000,13.550000,58496882
13.380747,14.340000,2014-05-13,15.480000,14.300000,15.000000,73481111
13.147469,14.090000,2014-05-14,14.270000,13.730000,13.990000,31286371
12.410316,13.300000,2014-05-15,13.950000,13.270000,13.940000,27832066
12.699579,13.610000,2014-05-16,13.710000,13.280000,13.390000,18707338
12.662253,13.570000,2014-05-19,13.690000,13.110000,13.530000,15072451
12.624931,13.530000,2014-05-20,14.360000,13.520000,13.730000,27547220
12.475634,13.370000,2014-05-21,13.440000,12.830000,13.330000,18423930
12.326336,13.210000,2014-05-22,13.580000,13.190000,13.380000,15299319
12.298344,13.180000,2014-05-23,13.400000,12.960000,13.120000,12797853
12.298344,13.180000,2014-05-26,13.180000,13.180000,13.180000,0
12.298344,13.180000,2014-05-27,13.180000,13.180000,13.180000,0
12.298344,13.180000,2014-05-28,13.180000,13.180000,13.180000,0
12.298344,13.180000,2014-05-29,13.180000,13.180000,13.180000,0
12.298344,13.180000,2014-05-30,13.180000,13.180000,13.180000,0
12.298344,13.180000,2014-06-03,13.180000,13.180000,13.180000,0
12.298344,13.180000,2014-06-04,13.180000,13.180000,13.180000,0
12.298344,13.180000,2014-06-05,13.180000,13.180000,13.180000,0
12.298344,13.180000,2014-06-06,13.180000,13.180000,13.180000,0
11.831789,12.680000,2014-06-09,13.150000,12.500000,12.700000,18685621
11.990418,12.850000,2014-06-10,12.860000,12.400000,12.720000,13622082
11.981086,12.840000,2014-06-11,12.960000,12.680000,12.900000,11412770
11.747810,12.590000,2014-06-12,12.830000,12.520000,12.780000,11808348
11.943764,12.800000,2014-06-13,12.840000,12.450000,12.500000,11655525
12.028137,12.830000,2014-06-16,12.920000,12.600000,12.790000,10331061
11.812511,12.600000,2014-06-17,12.820000,12.580000,12.800000,7674888
11.662512,12.440000,2014-06-18,12.680000,12.400000,12.590000,8597802
11.662512,12.440000,2014-06-19,12.850000,12.390000,12.440000,13987425
11.343762,12.100000,2014-06-20,12.480000,11.890000,12.450000,10245548
11.493762,12.260000,2014-06-23,12.270000,12.020000,12.100000,7547811
11.512512,12.280000,2014-06-24,12.350000,12.130000,12.180000,7535151
11.240637,11.990000,2014-06-25,12.260000,11.980000,12.240000,8111234
11.456261,12.220000,2014-06-26,12.330000,12.000000,12.000000,9467425
11.756262,12.540000,2014-06-27,12.610000,12.230000,12.300000,12969688
11.840637,12.630000,2014-06-30,12.750000,12.460000,12.470000,9065333
11.840637,12.630000,2014-07-01,12.670000,12.510000,12.620000,7473178
12.009388,12.810000,2014-07-02,12.880000,12.600000,12.630000,12436562
12.093763,12.900000,2014-07-03,12.950000,12.670000,12.880000,13469226
12.365637,13.190000,2014-07-04,13.460000,12.870000,12.950000,20911109
12.281262,13.100000,2014-07-07,13.320000,12.870000,13.180000,11435275
12.281262,13.100000,2014-07-08,13.100000,13.100000,13.100000,0
12.281262,13.100000,2014-07-09,13.100000,13.100000,13.100000,0
11.821888,12.610000,2014-07-10,12.870000,12.580000,12.740000,12120641
12.693763,13.540000,2014-07-11,13.550000,12.620000,12.620000,20381620
12.815638,13.670000,2014-07-14,13.750000,13.390000,13.550000,19716978
13.012513,13.880000,2014-07-15,14.080000,13.380000,13.620000,18317345
12.590638,13.430000,2014-07-16,13.880000,13.400000,13.880000,12395590
13.293765,14.180000,2014-07-17,14.200000,13.260000,13.430000,18501135
13.096889,13.970000,2014-07-18,14.350000,13.870000,14.000000,15254858
12.871887,13.730000,2014-07-21,14.130000,13.600000,13.950000,10586075
13.246889,14.130000,2014-07-22,14.340000,13.690000,13.780000,18045588
12.825013,13.680000,2014-07-23,14.080000,13.590000,14.050000,14243758
12.853138,13.710000,2014-07-24,13.730000,13.200000,13.510000,12454377
12.928139,13.790000,2014-07-25,13.980000,13.450000,13.660000,10143152
13.087515,13.960000,2014-07-28,14.060000,13.680000,13.760000,13889515
13.181264,14.060000,2014-07-29,14.280000,13.900000,14.100000,18671872
13.134389,14.010000,2014-07-30,14.170000,13.870000,13.980000,11529520
13.406262,14.300000,2014-07-31,14.410000,13.980000,14.050000,15195310
13.003139,13.870000,2014-08-01,14.350000,13.860000,14.240000,15289505
13.115638,13.990000,2014-08-04,14.020000,13.750000,13.850000,13554368
13.059389,13.930000,2014-08-05,14.150000,13.810000,14.100000,10320762
12.918761,13.780000,2014-08-06,13.920000,13.660000,13.840000,14186672
12.740639,13.590000,2014-08-07,13.820000,13.550000,13.780000,10483212
13.218765,14.100000,2014-08-08,14.190000,13.580000,13.580000,20588487
13.312513,14.200000,2014-08-11,14.280000,14.040000,14.050000,16152370
13.462514,14.360000,2014-08-12,14.370000,14.010000,14.220000,16127572
13.340639,14.230000,2014-08-13,14.360000,14.030000,14.360000,11913200
13.425014,14.320000,2014-08-14,14.630000,14.180000,14.200000,18261235
13.134389,14.010000,2014-08-15,14.100000,13.760000,14.000000,19640751
13.171890,14.050000,2014-08-18,14.100000,13.890000,14.000000,11496953
13.200014,14.080000,2014-08-19,14.150000,13.920000,14.050000,10383317
13.340639,14.230000,2014-08-20,14.320000,13.990000,14.070000,14146424
13.096889,13.970000,2014-08-21,14.350000,13.800000,14.210000,11364275
13.125013,14.000000,2014-08-22,14.180000,13.870000,13.950000,7858140
13.668765,14.580000,2014-08-25,15.080000,13.940000,14.060000,28462472
14.043763,14.980000,2014-08-26,15.300000,14.440000,14.500000,34208311
14.521890,15.490000,2014-08-27,15.560000,14.560000,14.700000,34255517
14.240639,15.190000,2014-08-28,15.480000,15.000000,15.420000,18853576
14.146890,15.090000,2014-08-29,15.290000,14.780000,15.180000,13585525
14.362515,15.320000,2014-09-01,15.350000,14.920000,15.110000,16227913
14.334390,15.290000,2014-09-02,15.450000,15.010000,15.250000,19090054
14.240639,15.190000,2014-09-03,15.280000,15.020000,15.250000,17668666
14.578139,15.550000,2014-09-04,15.780000,15.110000,15.140000,22636268
14.259391,15.210000,2014-09-05,15.600000,15.100000,15.560000,19271116
14.353142,15.310000,2014-09-09,15.350000,14.910000,15.200000,12835898
14.353142,15.310000,2014-09-10,15.430000,15.040000,15.230000,11075911
14.118765,15.060000,2014-09-11,15.530000,15.050000,15.210000,16127506
14.203140,15.150000,2014-09-12,15.170000,14.920000,15.060000,9105075
14.550016,15.520000,2014-09-15,15.560000,15.050000,15.170000,17356097
14.353142,15.310000,2014-09-16,16.100000,15.200000,15.640000,29290228
14.512514,15.480000,2014-09-17,15.590000,15.080000,15.350000,13538259
14.896892,15.890000,2014-09-18,16.049999,15.480000,15.490000,21551290
15.459390,16.490000,2014-09-19,16.780001,15.770000,15.950000,27659423
14.971889,15.970000,2014-09-22,16.370001,15.900000,16.250000,17950428
15.037518,16.040001,2014-09-23,16.250000,15.800000,15.980000,12140200
15.075015,16.080000,2014-09-24,16.139999,15.850000,16.049999,13503784
14.943766,15.940000,2014-09-25,16.389999,15.880000,16.139999,15136066
14.700015,15.680000,2014-09-26,15.930000,15.640000,15.880000,11610311
14.831265,15.820000,2014-09-29,15.870000,15.610000,15.690000,10191365
14.962515,15.960000,2014-09-30,16.080000,15.780000,15.790000,9522493
15.234391,16.250000,2014-10-08,16.260000,15.930000,15.960000,11183183
15.084391,16.090000,2014-10-09,16.379999,15.920000,16.250000,11606170
14.878140,15.870000,2014-10-10,16.170000,15.800000,16.090000,8511718
14.625015,15.600000,2014-10-13,15.860000,15.310000,15.810000,10834343
14.381266,15.340000,2014-10-14,15.700000,15.200000,15.530000,9311985
14.596890,15.570000,2014-10-15,15.660000,15.300000,15.440000,7981601
14.521890,15.490000,2014-10-16,15.980000,15.350000,15.480000,12863473
14.071890,15.010000,2014-10-17,15.610000,14.940000,15.380000,9315160
14.231265,15.180000,2014-10-20,15.240000,15.030000,15.030000,5090246
14.043763,14.980000,2014-10-21,15.270000,14.940000,15.250000,5519533
13.631264,14.540000,2014-10-22,15.100000,14.530000,14.900000,6486952
13.434388,14.330000,2014-10-23,14.700000,14.140000,14.570000,7983252
13.481264,14.380000,2014-10-24,14.480000,14.220000,14.290000,4545715
13.687515,14.600000,2014-10-27,14.730000,14.090000,14.390000,4699660
13.856264,14.780000,2014-10-28,14.790000,14.180000,14.360000,9337065
13.856264,14.780000,2014-10-29,14.970000,14.650000,14.720000,8908321
13.696888,14.610000,2014-10-30,14.880000,14.530000,14.830000,7525907
13.631264,14.540000,2014-10-31,14.640000,14.320000,14.610000,7377520
13.781263,14.700000,2014-11-03,14.790000,14.500000,14.520000,6754471
14.315639,15.270000,2014-11-04,15.330000,14.630000,14.730000,18012383
14.531265,15.500000,2014-11-05,15.850000,15.210000,15.270000,23098258
14.437515,15.400000,2014-11-06,15.550000,15.150000,15.320000,10021252
14.128139,15.070000,2014-11-07,15.820000,15.020000,15.380000,10372261
14.315639,15.270000,2014-11-10,15.290000,14.950000,15.000000,7328064
13.396890,14.290000,2014-11-11,15.340000,14.050000,15.280000,15125795
14.240639,15.190000,2014-11-12,15.250000,14.170000,14.170000,17964846
13.518765,14.420000,2014-11-13,15.070000,14.180000,15.070000,17862476
13.350013,14.240000,2014-11-14,14.580000,14.140000,14.300000,8619796
13.471889,14.370000,2014-11-17,14.510000,14.180000,14.250000,5044305
13.425014,14.320000,2014-11-18,14.470000,14.210000,14.420000,4779208
13.490641,14.390000,2014-11-19,14.420000,14.220000,14.270000,4572175
13.490641,14.390000,2014-11-20,14.510000,14.310000,14.310000,5230364
13.293765,14.180000,2014-11-21,14.270000,14.050000,14.260000,11789580
13.621889,14.530000,2014-11-24,14.660000,14.200000,14.270000,12173983
13.884390,14.810000,2014-11-25,14.860000,14.450000,14.500000,11303441
13.809389,14.730000,2014-11-26,14.850000,14.560000,14.850000,9727734
13.771890,14.690000,2014-11-27,14.840000,14.550000,14.760000,8730074
13.875015,14.800000,2014-11-28,15.050000,14.630000,14.750000,12595886
13.846890,14.770000,2014-12-01,14.960000,14.530000,14.830000,10182886
13.893764,14.820000,2014-12-02,14.900000,14.650000,14.680000,10396051
14.203140,15.150000,2014-12-03,15.250000,14.720000,14.830000,18621560
14.175015,15.120000,2014-12-04,15.250000,14.940000,15.160000,15576821
13.546889,14.450000,2014-12-05,15.110000,14.310000,15.060000,16059338
13.471889,14.370000,2014-12-08,14.650000,14.310000,14.450000,11381754
12.871887,13.730000,2014-12-09,14.390000,13.660000,14.310000,18354949
13.237514,14.120000,2014-12-10,14.230000,13.630000,13.730000,12513787
13.453138,14.350000,2014-12-11,14.430000,14.040000,14.120000,10079651
13.621889,14.530000,2014-12-12,14.780000,14.330000,14.410000,11703847
13.650014,14.560000,2014-12-15,14.630000,14.300000,14.420000,8701128
13.500013,14.400000,2014-12-16,14.480000,14.350000,14.440000,7514279
14.071890,15.010000,2014-12-17,15.490000,14.180000,14.370000,30422244
14.118765,15.060000,2014-12-18,15.460000,14.850000,14.920000,25164862
13.659389,14.570000,2014-12-19,14.920000,14.300000,14.910000,15230111
13.115638,13.990000,2014-12-22,14.900000,13.800000,14.400000,11592000
12.965638,13.830000,2014-12-23,14.330000,13.800000,13.960000,5244502
13.312513,14.200000,2014-12-24,14.220000,13.860000,13.860000,5878022
13.312513,14.200000,2014-12-25,14.300000,14.080000,14.190000,5787544
13.218765,14.100000,2014-12-26,14.250000,13.960000,14.250000,7967594
12.993763,13.860000,2014-12-29,14.090000,13.800000,13.990000,7112863
12.834388,13.690000,2014-12-30,14.280000,13.650000,13.850000,8767007
12.712514,13.560000,2014-12-31,13.730000,13.310000,13.690000,6686884
12.965638,13.830000,2015-01-05,13.900000,13.460000,13.640000,6606574
13.078138,13.950000,2015-01-06,14.060000,13.700000,13.800000,6963374
13.106263,13.980000,2015-01-07,14.080000,13.730000,13.980000,5885996
13.050014,13.920000,2015-01-08,14.090000,13.840000,13.960000,6568946
13.003139,13.870000,2015-01-09,14.190000,13.740000,13.840000,9229136
12.553139,13.390000,2015-01-12,13.790000,13.320000,13.790000,6198286
12.778139,13.630000,2015-01-13,13.650000,13.250000,13.250000,4758563
12.693763,13.540000,2015-01-14,13.880000,13.480000,13.750000,5306824
12.731263,13.580000,2015-01-15,13.600000,13.350000,13.480000,4347148
12.787515,13.640000,2015-01-16,13.670000,13.450000,13.520000,5043328
12.281262,13.100000,2015-01-19,13.700000,12.960000,13.420000,7715492
12.515638,13.350000,2015-01-20,13.390000,13.140000,13.140000,5863889
12.834388,13.690000,2015-01-21,13.700000,13.200000,13.370000,7608467
13.021889,13.890000,2015-01-22,13.950000,13.660000,13.700000,7777624
13.050014,13.920000,2015-01-23,14.220000,13.850000,13.900000,10503343
13.500013,14.400000,2015-01-26,14.580000,13.770000,13.910000,17354946
13.696888,14.610000,2015-01-27,14.990000,14.470000,14.690000,27254624
13.659389,14.570000,2015-01-28,14.860000,14.500000,14.630000,12673201
13.696888,14.610000,2015-01-29,14.780000,14.400000,14.400000,10779619
13.350013,14.240000,2015-01-30,14.580000,14.230000,14.460000,10807041
13.875015,14.800000,2015-02-02,15.120000,14.050000,14.220000,16482131
14.137515,15.080000,2015-02-03,15.440000,14.700000,14.900000,29667924
14.484389,15.450000,2015-02-04,16.200001,15.010000,15.040000,30895961
14.193765,15.140000,2015-02-05,15.450000,15.050000,15.300000,16977209
13.968764,14.900000,2015-02-06,15.390000,14.700000,15.130000,11280065
13.659389,14.570000,2015-02-09,15.000000,14.470000,15.000000,8430628
13.875015,14.800000,2015-02-10,14.840000,14.400000,14.550000,7814565
13.800014,14.720000,2015-02-11,14.930000,14.680000,14.800000,5998392
14.062515,15.000000,2015-02-12,15.030000,14.650000,14.700000,6855720
14.015639,14.950000,2015-02-13,15.190000,14.860000,15.000000,9517135
14.146890,15.090000,2015-02-16,15.210000,14.930000,14.980000,8329223
14.287514,15.240000,2015-02-17,15.290000,15.090000,15.150000,11351461
14.287514,15.240000,2015-02-25,15.240000,15.240000,15.240000,0
14.587516,15.560000,2015-02-26,15.690000,15.350000,15.690000,11414106
14.540640,15.510000,2015-02-27,15.670000,15.460000,15.510000,10936748
14.662516,15.640000,2015-03-02,15.680000,15.380000,15.610000,14871228
14.203140,15.150000,2015-03-03,15.600000,15.110000,15.600000,14204511
14.700015,15.680000,2015-03-04,15.790000,15.040000,15.110000,23208260
14.465641,15.430000,2015-03-05,15.680000,15.320000,15.510000,14661320
14.812516,15.800000,2015-03-06,16.150000,15.450000,15.470000,22805427
14.840642,15.830000,2015-03-09,16.160000,15.650000,15.700000,15668214
15.150016,16.160000,2015-03-10,16.440001,15.870000,16.030001,19270650
14.906264,15.900000,2015-03-11,16.290001,15.800000,15.990000,13384147
15.318766,16.340000,2015-03-12,16.490000,15.900000,15.990000,19269261
15.328143,16.350000,2015-03-13,16.379999,16.139999,16.320000,12462965
15.496892,16.530001,2015-03-16,16.580000,16.260000,16.389999,20222219
15.337517,16.360001,2015-03-17,16.860001,16.190001,16.750000,22178183
15.468767,16.500000,2015-03-18,16.680000,16.280001,16.389999,16093002
15.478142,16.510000,2015-03-19,16.690001,16.309999,16.520000,17006616
15.281265,16.299999,2015-03-20,16.559999,16.209999,16.370001,16059400
16.246891,17.330000,2015-03-23,17.500000,16.209999,16.280001,36525767
16.078140,17.150000,2015-03-24,17.290001,16.709999,17.000000,30897750
16.040644,17.110001,2015-03-25,17.150000,16.780001,17.150000,17808749
16.040644,17.110001,2015-03-26,17.299999,16.799999,17.000000,15652635
15.918769,16.980000,2015-03-27,17.270000,16.910000,17.200001,13728385
16.162516,17.240000,2015-03-30,17.389999,16.900000,16.969999,18103899
16.078140,17.150000,2015-03-31,17.469999,17.100000,17.240000,17744692
16.490641,17.590000,2015-04-01,17.840000,17.000000,17.010000,22078585
16.556267,17.660000,2015-04-02,18.000000,17.450001,17.500000,20552569
17.118767,18.260000,2015-04-03,18.370001,17.459999,17.600000,25283140
17.175016,18.320000,2015-04-07,18.490000,18.020000,18.299999,17911122
16.781269,17.900000,2015-04-08,18.400000,17.549999,18.350000,20868697
17.981270,19.180000,2015-04-09,19.600000,17.500000,17.799999,33681653
17.962521,19.160000,2015-04-10,19.639999,18.580000,19.049999,23408342
18.028145,19.230000,2015-04-13,19.570000,18.740000,19.160000,18903607
17.653143,18.830000,2015-04-14,19.219999,18.620001,19.219999,16140646
16.556267,17.660000,2015-04-15,18.950001,17.600000,18.850000,18561910
16.640642,17.750000,2015-04-16,17.980000,17.230000,17.510000,14660113
16.640642,17.750000,2015-04-17,18.299999,17.590000,17.820000,16774741
16.368767,17.459999,2015-04-20,18.120001,17.309999,17.760000,18096622
17.240643,18.389999,2015-04-21,18.500000,17.650000,17.700001,17336131
17.475018,18.639999,2015-04-22,18.840000,18.389999,18.600000,18801187
18.553143,19.790001,2015-04-23,20.280001,18.580000,18.660000,34635491
18.243767,19.459999,2015-04-24,19.660000,19.080000,19.400000,24130009
18.178144,19.389999,2015-04-27,19.870001,19.160000,19.290001,21084670
17.878145,19.070000,2015-04-28,19.650000,18.700001,19.299999,20396368
18.093767,19.299999,2015-04-29,19.500000,18.799999,18.830000,16976027
17.765476,18.940001,2015-04-30,20.100000,18.910000,19.809999,20807270
17.352758,18.500000,2015-05-04,18.750000,18.100000,18.709999,15628896
16.396011,17.480000,2015-05-05,18.590000,17.459999,18.389999,14625848
16.227175,17.299999,2015-05-06,17.879999,17.080000,17.600000,11169353
16.442913,17.530001,2015-05-07,17.620001,16.959999,17.440001,11450371
16.752447,17.860001,2015-05-08,17.969999,17.450001,17.600000,9429246
17.061983,18.190001,2015-05-11,18.250000,17.740000,17.930000,13027160
17.005703,18.129999,2015-05-12,18.350000,17.930000,18.190001,13900914
17.512218,18.670000,2015-05-13,18.879999,17.900000,18.110001,20935093
17.230822,18.370001,2015-05-14,18.680000,18.240000,18.500000,11176677
17.221441,18.360001,2015-05-15,18.680000,18.059999,18.350000,15026567
16.921286,18.040001,2015-05-18,18.420000,17.980000,18.010000,11135929
17.343378,18.490000,2015-05-19,18.559999,17.830000,17.900000,11770003
18.337646,19.549999,2015-05-20,20.100000,18.549999,18.549999,31701143
18.506483,19.730000,2015-05-21,19.799999,19.180000,19.299999,21057228
18.769117,20.010000,2015-05-22,20.480000,19.260000,19.870001,33224784
19.697727,21.000000,2015-05-25,21.299999,19.940001,20.180000,32328533
19.904085,21.219999,2015-05-26,21.570000,20.520000,21.190001,29112384
19.622688,20.920000,2015-05-27,21.340000,20.490000,21.230000,24477018
18.778502,20.020000,2015-05-28,21.980000,19.950001,20.600000,35358620
18.281366,19.490000,2015-05-29,20.459999,18.129999,20.000000,22007425
19.510130,20.799999,2015-06-01,20.969999,19.530001,19.530001,20958241
20.767031,22.139999,2015-06-02,22.469999,20.700001,20.820000,32084005
21.376722,22.790001,2015-06-03,22.980000,21.709999,22.100000,35780591
20.898352,22.280001,2015-06-04,22.900000,20.660000,22.799999,23598083
21.995796,23.450001,2015-06-05,23.530001,22.100000,22.510000,30910397
22.886883,24.400000,2015-06-08,24.580000,22.790001,23.500000,35998841
24.528357,26.150000,2015-06-09,26.799999,24.000000,24.950001,43514697
24.303242,25.910000,2015-06-10,27.490000,25.200001,26.160000,32477423
24.697199,26.330000,2015-06-11,26.580000,25.299999,25.520000,25246225
24.509598,26.129999,2015-06-12,26.830000,25.850000,26.379999,19050225
23.158899,24.690001,2015-06-15,26.129999,24.610001,26.129999,25652293
22.821224,24.330000,2015-06-16,25.360001,24.000000,24.740000,16847617
23.899908,25.480000,2015-06-17,25.549999,22.900000,24.510000,24833934
22.436647,23.920000,2015-06-18,25.879999,23.850000,25.600000,16801760
21.705017,23.139999,2015-06-19,24.480000,22.950001,22.990000,16453718
22.014553,23.469999,2015-06-23,23.850000,21.080000,23.139999,16490510
23.721693,25.290001,2015-06-24,25.580000,23.549999,23.980000,24476779
22.089590,23.549999,2015-06-25,25.400000,23.219999,25.400000,21042908
19.885324,21.200001,2015-06-26,22.799999,21.200001,22.799999,16317908
17.896791,19.080000,2015-06-29,22.000000,19.080000,22.000000,20806518
19.022379,20.280001,2015-06-30,20.580000,17.170000,18.280001,24911977
17.118263,18.250000,2015-07-01,20.590000,18.250000,19.730000,21114727
15.411125,16.430000,2015-07-02,18.400000,16.430000,18.080000,15458596
13.872827,14.790000,2015-07-03,16.350000,14.790000,15.200000,16302019
12.484607,13.310000,2015-07-06,16.190001,13.310000,16.000000,24003714
11.237084,11.980000,2015-07-07,12.590000,11.980000,11.980000,9599575
10.111499,10.780000,2015-07-08,11.440000,10.780000,10.780000,55002286
11.124526,11.860000,2015-07-09,11.860000,9.810000,9.810000,23143217
12.240730,13.050000,2015-07-10,13.050000,12.000000,12.300000,12328928
13.469493,14.360000,2015-07-13,14.360000,13.000000,13.800000,24268312
14.097943,15.030000,2015-07-14,15.800000,14.000000,15.000000,37560144
12.690965,13.530000,2015-07-15,14.870000,13.530000,14.550000,17946609
13.028640,13.890000,2015-07-16,14.420000,12.260000,13.530000,15756294
14.069805,15.000000,2015-07-17,15.150000,14.010000,14.010000,14007116
14.398101,15.350000,2015-07-20,15.790000,14.610000,15.150000,20837785
14.482518,15.440000,2015-07-21,15.880000,14.780000,14.950000,16909228
14.820195,15.800000,2015-07-22,15.950000,15.100000,15.310000,16991063
15.917638,16.969999,2015-07-23,17.100000,16.000000,16.170000,19703397
15.439265,16.459999,2015-07-24,17.559999,16.010000,17.299999,26169068
14.641977,15.610000,2015-07-27,17.440001,14.880000,16.010000,30855881
14.707636,15.680000,2015-07-28,16.170000,14.200000,15.080000,25719800
16.133379,17.200001,2015-07-29,17.250000,15.780000,16.280001,28108786
15.317327,16.330000,2015-07-30,17.480000,16.000000,17.299999,26005585
14.445000,15.400000,2015-07-31,16.209999,15.000000,15.800000,14702558
13.122437,13.990000,2015-08-03,15.300000,13.840000,15.250000,14108941
14.304301,15.250000,2015-08-04,15.260000,14.050000,14.190000,14223167
14.285542,15.230000,2015-08-05,15.740000,14.900000,15.230000,17768912
14.172983,15.110000,2015-08-06,15.540000,14.600000,14.740000,9450979
14.717016,15.690000,2015-08-07,15.780000,15.260000,15.270000,13465973
15.748802,16.790001,2015-08-10,16.959999,15.840000,16.150000,17899633
16.508572,17.600000,2015-08-11,18.340000,16.799999,16.900000,25475127
16.199034,17.270000,2015-08-12,18.090000,17.100000,17.180000,20518665
17.343378,18.490000,2015-08-13,18.600000,17.090000,17.100000,28740716
17.380899,18.530001,2015-08-14,19.959999,18.500000,18.559999,32814727
18.628426,19.860001,2015-08-17,19.889999,18.540001,18.879999,27208139
16.761831,17.870001,2015-08-18,19.980000,17.870001,19.900000,25349151
17.221441,18.360001,2015-08-19,18.700001,16.080000,16.780001,26322392
15.767560,16.809999,2015-08-20,18.200001,16.660000,17.809999,15439278
14.604458,15.570000,2015-08-21,17.080000,15.470000,16.440001,14021550
13.141198,14.010000,2015-08-24,14.780000,14.010000,14.330000,9279209
11.828016,12.610000,2015-08-25,12.960000,12.610000,12.610000,9358170
10.646152,11.350000,2015-08-26,13.200000,11.350000,12.610000,17508719
11.480961,12.240000,2015-08-27,12.280000,11.000000,11.580000,13924639
12.625304,13.460000,2015-08-28,13.460000,12.530000,12.570000,16013225
12.353289,13.170000,2015-08-31,13.770000,13.000000,13.480000,15695873
11.115146,11.850000,2015-09-01,13.100000,11.850000,13.100000,12327654
10.317856,11.000000,2015-09-02,12.450000,10.940000,11.110000,12266547
10.646152,11.350000,2015-09-07,11.800000,11.300000,11.350000,9691143
11.715457,12.490000,2015-09-08,12.490000,11.150000,11.200000,12327568
12.334529,13.150000,2015-09-09,13.390000,12.550000,12.750000,18607173
12.250110,13.060000,2015-09-10,13.490000,12.660000,12.800000,12955401
13.188097,14.060000,2015-09-11,14.370000,13.000000,13.110000,18598606
11.865535,12.650000,2015-09-14,14.130000,12.650000,14.100000,17719662
10.683672,11.390000,2015-09-15,12.450000,11.390000,11.970000,12451703
11.752976,12.530000,2015-09-16,12.530000,11.500000,11.600000,11403001
12.071893,12.870000,2015-09-17,13.740000,12.250000,12.600000,21432517
12.315770,13.130000,2015-09-18,13.550000,12.710000,13.380000,18868473
12.625304,13.460000,2015-09-21,13.590000,12.500000,12.600000,15378833
12.569025,13.400000,2015-09-22,13.920000,13.310000,13.380000,18376620
12.109412,12.910000,2015-09-23,13.230000,12.770000,13.000000,13347944
12.259490,13.070000,2015-09-24,13.180000,12.820000,13.000000,7882067
12.615925,13.450000,2015-09-25,14.000000,12.530000,12.970000,19771901
12.447088,13.270000,2015-09-28,13.420000,12.560000,13.420000,13005037
11.949954,12.740000,2015-09-29,13.100000,12.610000,12.850000,7601017
12.034372,12.830000,2015-09-30,13.090000,12.800000,12.900000,5941249
12.615925,13.450000,2015-10-08,13.570000,13.210000,13.300000,11912508
12.887942,13.740000,2015-10-09,13.800000,13.300000,13.380000,11679980
13.413213,14.300000,2015-10-12,14.480000,13.660000,13.660000,16690826
13.722750,14.630000,2015-10-13,15.200000,14.100000,14.260000,16277748
13.197477,14.070000,2015-10-14,14.610000,14.050000,14.440000,12164027
13.685230,14.590000,2015-10-15,14.660000,14.020000,14.020000,12674971
14.060425,14.990000,2015-10-16,15.300000,14.300000,14.720000,21307839
13.919727,14.840000,2015-10-19,15.170000,14.580000,14.910000,15457039
14.351201,15.300000,2015-10-20,15.620000,14.660000,14.730000,17200391
12.916081,13.770000,2015-10-21,15.300000,13.770000,15.190000,18671073
13.572673,14.470000,2015-10-22,14.800000,13.700000,13.900000,12542349
13.741509,14.650000,2015-10-23,14.860000,14.300000,14.430000,20171539
13.994765,14.920000,2015-10-26,15.290000,14.660000,14.820000,18695519
15.392366,16.410000,2015-10-27,16.410000,14.870000,14.890000,38337469
15.411125,16.430000,2015-10-28,16.910000,15.750000,16.469999,41530788
15.298567,16.309999,2015-10-29,16.660000,15.850000,16.219999,23267684
15.092211,16.090000,2015-10-30,16.760000,15.740000,16.000000,23478326
15.411125,16.430000,2015-11-02,16.600000,15.380000,15.610000,25440322
14.876473,15.860000,2015-11-03,16.379999,15.680000,16.100000,19106517
15.776941,16.820000,2015-11-04,17.000000,15.880000,15.900000,24565858
15.983300,17.040001,2015-11-05,17.590000,16.520000,16.799999,32542959
16.245935,17.320000,2015-11-06,17.480000,16.700001,16.700001,25415915
16.114614,17.180000,2015-11-09,17.549999,16.850000,17.000000,19501456
16.020817,17.080000,2015-11-10,17.790001,16.910000,17.150000,17668073
15.917638,16.969999,2015-11-11,17.080000,16.680000,16.940001,15411977
16.658649,17.760000,2015-11-12,18.120001,16.700001,16.980000,34335649
16.724310,17.830000,2015-11-13,18.799999,17.010000,17.400000,31058184
16.733686,17.840000,2015-11-16,17.900000,17.200001,17.299999,17368592
16.489811,17.580000,2015-11-17,18.549999,17.400000,18.110001,26184996
15.739422,16.780001,2015-11-18,17.660000,16.670000,17.600000,18617830
16.077097,17.139999,2015-11-19,17.250000,16.709999,16.830000,11275091
15.992676,17.049999,2015-11-20,17.430000,16.790001,17.170000,17066467
16.227175,17.299999,2015-11-23,17.809999,17.049999,17.090000,21085687
16.893145,18.010000,2015-11-24,18.020000,17.370001,17.370001,24081548
16.780586,17.889999,2015-11-25,18.200001,17.520000,18.200001,26281929
16.152134,17.219999,2015-11-26,17.980000,17.150000,17.900000,20525886
14.538798,15.500000,2015-11-27,17.180000,15.500000,17.180000,22339705
14.745156,15.720000,2015-11-30,15.820000,14.540000,15.570000,14969026
14.445000,15.400000,2015-12-01,15.750000,15.310000,15.750000,12451065
14.576318,15.540000,2015-12-02,15.700000,14.550000,15.410000,11424316
14.857714,15.840000,2015-12-03,15.850000,15.440000,15.520000,13214752
14.867093,15.850000,2015-12-04,16.309999,15.600000,15.750000,15556497
15.017171,16.010000,2015-12-07,16.209999,15.700000,15.900000,10831918
14.341821,15.290000,2015-12-08,15.970000,15.250000,15.820000,10850375
14.257402,15.200000,2015-12-09,15.500000,15.100000,15.200000,6202719
14.248021,15.190000,2015-12-10,15.500000,15.070000,15.090000,7615180
14.097943,15.030000,2015-12-11,15.240000,14.860000,15.010000,7168275
14.538798,15.500000,2015-12-14,15.530000,14.880000,14.880000,6949057
14.623217,15.590000,2015-12-15,15.700000,15.460000,15.550000,6364764
14.679496,15.650000,2015-12-16,15.930000,15.580000,15.590000,9987777
14.951512,15.940000,2015-12-17,16.090000,15.700000,15.710000,12069479
14.923373,15.910000,2015-12-18,16.129999,15.790000,15.940000,11878661
15.223528,16.230000,2015-12-21,16.299999,15.770000,15.810000,11129476
15.289187,16.299999,2015-12-22,16.469999,16.110001,16.110001,10686033
14.904614,15.890000,2015-12-23,16.430000,15.840000,16.340000,10814302
15.598722,16.629999,2015-12-24,16.879999,15.910000,15.910000,16854763
15.439265,16.459999,2015-12-25,16.690001,16.290001,16.510000,10910145
14.773294,15.750000,2015-12-28,16.850000,15.700000,16.549999,14362640
15.270428,16.280001,2015-12-29,16.360001,15.720000,15.910000,8249121
15.561204,16.590000,2015-12-30,16.799999,16.299999,16.400000,11709766
15.589345,16.620001,2015-12-31,16.870001,16.440001,16.580000,11200409
14.032285,14.960000,2016-01-04,16.639999,14.960000,16.639999,9846706
13.966627,14.890000,2016-01-05,15.130000,13.820000,14.310000,12671751
14.219882,15.160000,2016-01-06,15.350000,14.810000,14.890000,8507177
12.803521,13.650000,2016-01-07,14.950000,13.640000,14.950000,2217899
13.009879,13.870000,2016-01-08,14.280000,12.610000,14.070000,11064831
11.706077,12.480000,2016-01-11,13.640000,12.480000,13.500000,11434256
11.471581,12.230000,2016-01-12,12.600000,11.910000,12.500000,6466206
10.824369,11.540000,2016-01-13,12.600000,11.520000,12.380000,8905608
11.246464,11.990000,2016-01-14,12.030000,11.210000,11.350000,8031228
10.571114,11.270000,2016-01-15,12.040000,11.120000,11.950000,8377022
10.683672,11.390000,2016-01-18,11.600000,11.070000,11.080000,8228335
11.274604,12.020000,2016-01-19,12.090000,11.300000,11.370000,10755045
11.246464,11.990000,2016-01-20,12.250000,11.770000,11.950000,10185552
10.777470,11.490000,2016-01-21,12.120000,11.400000,11.800000,8200728
11.124526,11.860000,2016-01-22,11.910000,11.370000,11.610000,6078680
11.452822,12.210000,2016-01-25,12.380000,11.870000,11.900000,9890427
10.411655,11.100000,2016-01-26,12.150000,11.030000,12.010000,10135564
10.561733,11.260000,2016-01-27,11.370000,10.570000,11.100000,8997340
11.190186,11.930000,2016-01-28,12.390000,11.010000,11.130000,23999796
11.696698,12.470000,2016-01-29,12.680000,11.500000,11.680000,21651116
11.706077,12.480000,2016-02-01,13.450000,11.980000,12.380000,21346812
12.109412,12.910000,2016-02-02,12.950000,12.160000,12.230000,15795568
11.893674,12.680000,2016-02-03,12.820000,12.310000,12.560000,11791377
11.978094,12.770000,2016-02-04,13.160000,12.600000,12.720000,13576954
11.509100,12.270000,2016-02-05,12.770000,12.210000,12.700000,9681508
11.302742,12.050000,2016-02-15,12.130000,11.680000,11.700000,6055978
11.724838,12.500000,2016-02-16,12.600000,12.080000,12.230000,8883016
12.372047,13.190000,2016-02-17,13.200000,12.360000,12.440000,16894045
12.259490,13.070000,2016-02-18,13.580000,12.890000,13.250000,17796724
12.165690,12.970000,2016-02-19,13.130000,12.800000,12.930000,9841847
12.447088,13.270000,2016-02-22,13.460000,13.020000,13.120000,13963822
12.184450,12.990000,2016-02-23,13.300000,12.650000,13.290000,11083318
12.766004,13.610000,2016-02-24,13.640000,12.860000,12.860000,18838673
11.490340,12.250000,2016-02-25,13.440000,12.250000,13.380000,18078976
11.302742,12.050000,2016-02-26,12.500000,11.640000,12.300000,9856869
10.355376,11.040000,2016-02-29,11.990000,10.850000,11.930000,8243765
10.589873,11.290000,2016-03-01,11.370000,10.880000,11.180000,7267687
11.068247,11.800000,2016-03-02,11.880000,11.180000,11.250000,12257691
11.405921,12.160000,2016-03-03,12.460000,11.710000,11.710000,14051854
11.302742,12.050000,2016-03-04,12.650000,11.800000,12.000000,17265183
11.602899,12.370000,2016-03-07,12.430000,12.070000,12.070000,10288304
11.359021,12.110000,2016-03-08,12.390000,11.130000,12.260000,10651433
10.993208,11.720000,2016-03-09,11.980000,11.600000,11.700000,7298919
10.636773,11.340000,2016-03-10,11.880000,11.320000,11.740000,5831750
10.599253,11.300000,2016-03-11,11.500000,11.180000,11.310000,4660014
11.058866,11.790000,2016-03-14,11.900000,11.400000,11.440000,7219810
10.918169,11.640000,2016-03-15,11.880000,11.610000,11.730000,5517229
10.965068,11.690000,2016-03-16,11.850000,11.410000,11.700000,5607832
11.312123,12.060000,2016-03-17,12.120000,11.680000,11.730000,9493948
11.743597,12.520000,2016-03-18,12.670000,12.030000,12.090000,16257735
12.024994,12.820000,2016-03-21,12.870000,12.510000,12.570000,17046486
11.790495,12.570000,2016-03-22,12.750000,12.500000,12.650000,11120718
11.940573,12.730000,2016-03-23,12.770000,12.500000,12.600000,9062130
11.593519,12.360000,2016-03-24,12.630000,12.300000,12.470000,9081572
11.584140,12.350000,2016-03-25,12.370000,11.930000,12.050000,8835327
11.330883,12.080000,2016-03-28,12.550000,12.050000,12.370000,9956366
11.621659,12.390000,2016-03-29,12.470000,12.060000,12.130000,8774503
12.597165,13.430000,2016-03-30,13.620000,12.350000,12.430000,25795666
12.850422,13.700000,2016-03-31,13.730000,13.210000,13.280000,24297273
12.559647,13.390000,2016-04-01,13.700000,13.210000,13.500000,13553461
12.925459,13.780000,2016-04-05,13.950000,13.370000,13.420000,15886726
12.766004,13.610000,2016-04-06,13.830000,13.380000,13.630000,13091782
12.756622,13.600000,2016-04-07,14.060000,13.410000,13.600000,16298082
12.766004,13.610000,2016-04-08,13.820000,13.350000,13.470000,12117175
13.113057,13.980000,2016-04-11,14.080000,13.600000,13.720000,13190352
12.916081,13.770000,2016-04-12,14.100000,13.580000,13.900000,9127529
13.497634,14.390000,2016-04-13,14.700000,13.790000,13.880000,20976900
13.497634,14.390000,2016-04-14,14.590000,14.270000,14.540000,12383107
13.582051,14.480000,2016-04-15,14.690000,14.300000,14.300000,10907339
13.919727,14.840000,2016-04-18,15.070000,14.280000,14.470000,18030733
13.685230,14.590000,2016-04-19,15.050000,14.450000,14.800000,11047742
12.737864,13.580000,2016-04-20,14.780000,13.150000,14.590000,17601759
12.859801,13.710000,2016-04-21,14.180000,13.310000,13.480000,13079022
12.644065,13.480000,2016-04-22,13.670000,13.200000,13.630000,9494405
12.662826,13.500000,2016-04-25,13.700000,13.130000,13.450000,6864543
13.113057,13.980000,2016-04-26,14.040000,13.380000,13.500000,9530566
13.009879,13.870000,2016-04-27,14.350000,13.790000,13.960000,10473012
12.944221,13.800000,2016-04-28,14.000000,13.450000,13.870000,6871796
13.319415,14.200000,2016-04-29,14.490000,13.810000,13.910000,11984166
13.694611,14.600000,2016-05-03,14.690000,14.080000,14.160000,10636619
13.572673,14.470000,2016-05-04,14.770000,14.370000,14.490000,7953527
13.854069,14.770000,2016-05-05,14.860000,14.350000,14.490000,11162999
13.000499,13.860000,2016-05-06,14.880000,13.840000,14.700000,14029852
13.000499,13.860000,2016-05-09,13.860000,13.860000,13.860000,0
13.000499,13.860000,2016-05-10,13.860000,13.860000,13.860000,0
13.000499,13.860000,2016-05-11,13.860000,13.860000,13.860000,0
13.000499,13.860000,2016-05-12,13.860000,13.860000,13.860000,0
13.000499,13.860000,2016-05-13,13.860000,13.860000,13.860000,0
13.000499,13.860000,2016-05-16,13.860000,13.860000,13.860000,0
13.000499,13.860000,2016-05-17,13.860000,13.860000,13.860000,0
13.000499,13.860000,2016-05-18,13.860000,13.860000,13.860000,0
13.000499,13.860000,2016-05-19,13.860000,13.860000,13.860000,0
13.000499,13.860000,2016-05-20,13.860000,13.860000,13.860000,0
13.000499,13.860000,2016-05-23,13.860000,13.860000,13.860000,0
13.000499,13.860000,2016-05-24,13.860000,13.860000,13.860000,0
13.000499,13.860000,2016-05-25,13.860000,13.860000,13.860000,0
13.000499,13.860000,2016-05-26,13.860000,13.860000,13.860000,0
13.000499,13.860000,2016-05-27,13.860000,13.860000,13.860000,0
13.000499,13.860000,2016-05-30,13.860000,13.860000,13.860000,0
13.000499,13.860000,2016-05-31,13.860000,13.860000,13.860000,0
13.000499,13.860000,2016-06-01,13.860000,13.860000,13.860000,0
13.000499,13.860000,2016-06-02,13.860000,13.860000,13.860000,0
13.000499,13.860000,2016-06-03,13.860000,13.860000,13.860000,0
13.000499,13.860000,2016-06-06,13.860000,13.860000,13.860000,0
13.000499,13.860000,2016-06-07,13.860000,13.860000,13.860000,0
13.000499,13.860000,2016-06-08,13.860000,13.860000,13.860000,0
13.000499,13.860000,2016-06-13,13.860000,13.860000,13.860000,0
13.000499,13.860000,2016-06-14,13.860000,13.860000,13.860000,0
13.000499,13.860000,2016-06-15,13.860000,13.860000,13.860000,0
13.000499,13.860000,2016-06-16,13.860000,13.860000,13.860000,0
13.000499,13.860000,2016-06-17,13.860000,13.860000,13.860000,0
13.000499,13.860000,2016-06-20,13.860000,13.860000,13.860000,0
13.000499,13.860000,2016-06-21,13.860000,13.860000,13.860000,0
13.000499,13.860000,2016-06-22,13.860000,13.860000,13.860000,0
13.000499,13.860000,2016-06-23,13.860000,13.860000,13.860000,0
13.000499,13.860000,2016-06-24,13.860000,13.860000,13.860000,0
13.000499,13.860000,2016-06-27,13.860000,13.860000,13.860000,0
13.000499,13.860000,2016-06-28,13.860000,13.860000,13.860000,0
13.000499,13.860000,2016-06-29,13.860000,13.860000,13.860000,0
13.000499,13.860000,2016-06-30,13.860000,13.860000,13.860000,0
13.000499,13.860000,2016-07-01,13.860000,13.860000,13.860000,0
13.000499,13.860000,2016-07-04,13.860000,13.860000,13.860000,0
13.000499,13.860000,2016-07-05,13.860000,13.860000,13.860000,0
13.000499,13.860000,2016-07-06,13.860000,13.860000,13.860000,0
13.000499,13.860000,2016-07-07,13.860000,13.860000,13.860000,0
13.000499,13.860000,2016-07-08,13.860000,13.860000,13.860000,0
13.000499,13.860000,2016-07-11,13.860000,13.860000,13.860000,0
13.000499,13.860000,2016-07-12,13.860000,13.860000,13.860000,0
13.000499,13.860000,2016-07-13,13.860000,13.860000,13.860000,0
13.000499,13.860000,2016-07-14,13.860000,13.860000,13.860000,0
13.000499,13.860000,2016-07-15,13.860000,13.860000,13.860000,0
13.000499,13.860000,2016-07-18,13.860000,13.860000,13.860000,0
13.000499,13.860000,2016-07-19,13.860000,13.860000,13.860000,0
13.000499,13.860000,2016-07-20,13.860000,13.860000,13.860000,0
13.000499,13.860000,2016-07-21,13.860000,13.860000,13.860000,0
13.000499,13.860000,2016-07-22,13.860000,13.860000,13.860000,0
13.000499,13.860000,2016-07-25,13.860000,13.860000,13.860000,0
13.000499,13.860000,2016-07-26,13.860000,13.860000,13.860000,0
13.000499,13.860000,2016-07-27,13.860000,13.860000,13.860000,0
13.000499,13.860000,2016-07-28,13.860000,13.860000,13.860000,0
13.000499,13.860000,2016-07-29,13.860000,13.860000,13.860000,0
13.000499,13.860000,2016-08-01,13.860000,13.860000,13.860000,0
13.000499,13.860000,2016-08-02,13.860000,13.860000,13.860000,0
13.000499,13.860000,2016-08-03,13.860000,13.860000,13.860000,0
13.000499,13.860000,2016-08-04,13.860000,13.860000,13.860000,0
13.000499,13.860000,2016-08-05,13.860000,13.860000,13.860000,0
13.000499,13.860000,2016-08-08,13.860000,13.860000,13.860000,0
13.000499,13.860000,2016-08-09,13.860000,13.860000,13.860000,0
13.000499,13.860000,2016-08-10,13.860000,13.860000,13.860000,0
13.000499,13.860000,2016-08-11,13.860000,13.860000,13.860000,0
13.000499,13.860000,2016-08-12,13.860000,13.860000,13.860000,0
13.000499,13.860000,2016-08-15,13.860000,13.860000,13.860000,0
13.000499,13.860000,2016-08-16,13.860000,13.860000,13.860000,0
13.000499,13.860000,2016-08-17,13.860000,13.860000,13.860000,0
13.000499,13.860000,2016-08-18,13.860000,13.860000,13.860000,0
13.000499,13.860000,2016-08-19,13.860000,13.860000,13.860000,0
13.000499,13.860000,2016-08-22,13.860000,13.860000,13.860000,0
13.000499,13.860000,2016-08-23,13.860000,13.860000,13.860000,0
13.000499,13.860000,2016-08-24,13.860000,13.860000,13.860000,0
13.000499,13.860000,2016-08-25,13.860000,13.860000,13.860000,0
13.000499,13.860000,2016-08-26,13.860000,13.860000,13.860000,0
13.000499,13.860000,2016-08-29,13.860000,13.860000,13.860000,0
13.000499,13.860000,2016-08-30,13.860000,13.860000,13.860000,0
13.000499,13.860000,2016-08-31,13.860000,13.860000,13.860000,0
13.000499,13.860000,2016-09-01,13.860000,13.860000,13.860000,0
13.000499,13.860000,2016-09-02,13.860000,13.860000,13.860000,0
13.000499,13.860000,2016-09-05,13.860000,13.860000,13.860000,0
13.000499,13.860000,2016-09-06,13.860000,13.860000,13.860000,0
13.000499,13.860000,2016-09-07,13.860000,13.860000,13.860000,0
13.000499,13.860000,2016-09-08,13.860000,13.860000,13.860000,0
13.000499,13.860000,2016-09-09,13.860000,13.860000,13.860000,0
13.000499,13.860000,2016-09-12,13.860000,13.860000,13.860000,0
13.000499,13.860000,2016-09-13,13.860000,13.860000,13.860000,0
13.000499,13.860000,2016-09-14,13.860000,13.860000,13.860000,0
13.000499,13.860000,2016-09-19,13.860000,13.860000,13.860000,0
13.000499,13.860000,2016-09-20,13.860000,13.860000,13.860000,0
13.000499,13.860000,2016-09-21,13.860000,13.860000,13.860000,0
13.000499,13.860000,2016-09-22,13.860000,13.860000,13.860000,0
13.000499,13.860000,2016-09-23,13.860000,13.860000,13.860000,0
13.000499,13.860000,2016-09-26,13.860000,13.860000,13.860000,0
13.000499,13.860000,2016-09-27,13.860000,13.860000,13.860000,0
13.000499,13.860000,2016-09-28,13.860000,13.860000,13.860000,0
13.000499,13.860000,2016-09-29,13.860000,13.860000,13.860000,0
13.000499,13.860000,2016-09-30,13.860000,13.860000,13.860000,0
13.000499,13.860000,2016-10-10,13.860000,13.860000,13.860000,0
13.000499,13.860000,2016-10-11,13.860000,13.860000,13.860000,0
13.000499,13.860000,2016-10-12,13.860000,13.860000,13.860000,0
13.000499,13.860000,2016-10-13,13.860000,13.860000,13.860000,0
13.000499,13.860000,2016-10-14,13.860000,13.860000,13.860000,0
13.000499,13.860000,2016-10-17,13.860000,13.860000,13.860000,0
13.000499,13.860000,2016-10-18,13.860000,13.860000,13.860000,0
13.000499,13.860000,2016-10-19,13.860000,13.860000,13.860000,0
13.000499,13.860000,2016-10-20,13.860000,13.860000,13.860000,0
13.000499,13.860000,2016-10-21,13.860000,13.860000,13.860000,0
13.000499,13.860000,2016-10-24,13.860000,13.860000,13.860000,0
13.000499,13.860000,2016-10-25,13.860000,13.860000,13.860000,0
13.000499,13.860000,2016-10-26,13.860000,13.860000,13.860000,0
13.000499,13.860000,2016-10-27,13.860000,13.860000,13.860000,0
13.000499,13.860000,2016-10-28,13.860000,13.860000,13.860000,0
13.000499,13.860000,2016-10-31,13.860000,13.860000,13.860000,0
13.000499,13.860000,2016-11-01,13.860000,13.860000,13.860000,0
13.000499,13.860000,2016-11-02,13.860000,13.860000,13.860000,0
13.000499,13.860000,2016-11-03,13.860000,13.860000,13.860000,0
13.000499,13.860000,2016-11-04,13.860000,13.860000,13.860000,0
13.000499,13.860000,2016-11-07,13.860000,13.860000,13.860000,0
13.000499,13.860000,2016-11-08,13.860000,13.860000,13.860000,0
13.000499,13.860000,2016-11-09,13.860000,13.860000,13.860000,0
13.000499,13.860000,2016-11-10,13.860000,13.860000,13.860000,0
13.000499,13.860000,2016-11-11,13.860000,13.860000,13.860000,0
13.000499,13.860000,2016-11-14,13.860000,13.860000,13.860000,0
13.000499,13.860000,2016-11-15,13.860000,13.860000,13.860000,0
13.000499,13.860000,2016-11-16,13.860000,13.860000,13.860000,0
13.000499,13.860000,2016-11-17,13.860000,13.860000,13.860000,0
13.000499,13.860000,2016-11-18,13.860000,13.860000,13.860000,0
13.000499,13.860000,2016-11-21,13.860000,13.860000,13.860000,0
13.000499,13.860000,2016-11-22,13.860000,13.860000,13.860000,0
13.000499,13.860000,2016-11-23,13.860000,13.860000,13.860000,0
13.000499,13.860000,2016-11-24,13.860000,13.860000,13.860000,0
13.000499,13.860000,2016-11-25,13.860000,13.860000,13.860000,0
13.000499,13.860000,2016-11-28,13.860000,13.860000,13.860000,0
13.000499,13.860000,2016-11-29,13.860000,13.860000,13.860000,0
13.000499,13.860000,2016-11-30,13.860000,13.860000,13.860000,0
13.000499,13.860000,2016-12-01,13.860000,13.860000,13.860000,0
13.000499,13.860000,2016-12-02,13.860000,13.860000,13.860000,0
13.000499,13.860000,2016-12-05,13.860000,13.860000,13.860000,0
13.000499,13.860000,2016-12-06,13.860000,13.860000,13.860000,0
13.000499,13.860000,2016-12-07,13.860000,13.860000,13.860000,0
13.000499,13.860000,2016-12-08,13.860000,13.860000,13.860000,0
13.000499,13.860000,2016-12-09,13.860000,13.860000,13.860000,0
13.000499,13.860000,2016-12-12,13.860000,13.860000,13.860000,0
13.000499,13.860000,2016-12-13,13.860000,13.860000,13.860000,0
13.000499,13.860000,2016-12-14,13.860000,13.860000,13.860000,0
13.000499,13.860000,2016-12-15,13.860000,13.860000,13.860000,0
13.000499,13.860000,2016-12-16,13.860000,13.860000,13.860000,0
13.000499,13.860000,2016-12-19,13.860000,13.860000,13.860000,0
13.000499,13.860000,2016-12-20,13.860000,13.860000,13.860000,0
13.000499,13.860000,2016-12-21,13.860000,13.860000,13.860000,0
13.000499,13.860000,2016-12-22,13.860000,13.860000,13.860000,0
13.000499,13.860000,2016-12-23,13.860000,13.860000,13.860000,0
13.000499,13.860000,2016-12-26,13.860000,13.860000,13.860000,0
13.000499,13.860000,2016-12-27,13.860000,13.860000,13.860000,0
13.000499,13.860000,2016-12-28,13.860000,13.860000,13.860000,0
13.000499,13.860000,2016-12-29,13.860000,13.860000,13.860000,0
13.000499,13.860000,2016-12-30,13.860000,13.860000,13.860000,0
13.000499,13.860000,2017-01-03,13.860000,13.860000,13.860000,0
13.000499,13.860000,2017-01-04,13.860000,13.860000,13.860000,0
13.000499,13.860000,2017-01-05,13.860000,13.860000,13.860000,0
13.000499,13.860000,2017-01-06,13.860000,13.860000,13.860000,0
13.000499,13.860000,2017-01-09,13.860000,13.860000,13.860000,0
13.000499,13.860000,2017-01-10,13.860000,13.860000,13.860000,0
13.000499,13.860000,2017-01-11,13.860000,13.860000,13.860000,0
13.000499,13.860000,2017-01-12,13.860000,13.860000,13.860000,0
13.000499,13.860000,2017-01-13,13.860000,13.860000,13.860000,0
13.000499,13.860000,2017-01-16,13.860000,13.860000,13.860000,0
13.000499,13.860000,2017-01-17,13.860000,13.860000,13.860000,0
13.000499,13.860000,2017-01-18,13.860000,13.860000,13.860000,0
13.000499,13.860000,2017-01-19,13.860000,13.860000,13.860000,0
13.000499,13.860000,2017-01-20,13.860000,13.860000,13.860000,0
13.000499,13.860000,2017-01-23,13.860000,13.860000,13.860000,0
13.000499,13.860000,2017-01-24,13.860000,13.860000,13.860000,0
13.000499,13.860000,2017-01-25,13.860000,13.860000,13.860000,0
13.000499,13.860000,2017-01-26,13.860000,13.860000,13.860000,0
13.000499,13.860000,2017-02-03,13.860000,13.860000,13.860000,0
13.000499,13.860000,2017-02-06,13.860000,13.860000,13.860000,0
13.000499,13.860000,2017-02-07,13.860000,13.860000,13.860000,0
13.000499,13.860000,2017-02-08,13.860000,13.860000,13.860000,0
13.000499,13.860000,2017-02-09,13.860000,13.860000,13.860000,0
13.000499,13.860000,2017-02-10,13.860000,13.860000,13.860000,0
13.000499,13.860000,2017-02-13,13.860000,13.860000,13.860000,0
13.000499,13.860000,2017-02-14,13.860000,13.860000,13.860000,0
13.000499,13.860000,2017-02-15,13.860000,13.860000,13.860000,0
13.000499,13.860000,2017-02-16,13.860000,13.860000,13.860000,0
13.000499,13.860000,2017-02-17,13.860000,13.860000,13.860000,0
13.000499,13.860000,2017-02-20,13.860000,13.860000,13.860000,0
13.000499,13.860000,2017-02-21,13.860000,13.860000,13.860000,0
13.000499,13.860000,2017-02-22,13.860000,13.860000,13.860000,0
13.000499,13.860000,2017-02-23,13.860000,13.860000,13.860000,0
13.000499,13.860000,2017-02-24,13.860000,13.860000,13.860000,0
13.000499,13.860000,2017-02-27,13.860000,13.860000,13.860000,0
13.000499,13.860000,2017-02-28,13.860000,13.860000,13.860000,0
13.000499,13.860000,2017-03-01,13.860000,13.860000,13.860000,0
13.000499,13.860000,2017-03-02,13.860000,13.860000,13.860000,0
13.000499,13.860000,2017-03-03,13.860000,13.860000,13.860000,0
13.000499,13.860000,2017-03-06,13.860000,13.860000,13.860000,0
13.000499,13.860000,2017-03-07,13.860000,13.860000,13.860000,0
13.000499,13.860000,2017-03-08,13.860000,13.860000,13.860000,0
13.000499,13.860000,2017-03-09,13.860000,13.860000,13.860000,0
13.000499,13.860000,2017-03-10,13.860000,13.860000,13.860000,0
13.000499,13.860000,2017-03-13,13.860000,13.860000,13.860000,0
13.000499,13.860000,2017-03-14,13.860000,13.860000,13.860000,0
13.000499,13.860000,2017-03-15,13.860000,13.860000,13.860000,0
13.000499,13.860000,2017-03-16,13.860000,13.860000,13.860000,0
13.000499,13.860000,2017-03-17,13.860000,13.860000,13.860000,0
13.000499,13.860000,2017-03-20,13.860000,13.860000,13.860000,0
13.000499,13.860000,2017-03-21,13.860000,13.860000,13.860000,0
13.000499,13.860000,2017-03-22,13.860000,13.860000,13.860000,0
13.000499,13.860000,2017-03-23,13.860000,13.860000,13.860000,0
13.000499,13.860000,2017-03-24,13.860000,13.860000,13.860000,0
13.000499,13.860000,2017-03-27,13.860000,13.860000,13.860000,0
13.000499,13.860000,2017-03-28,13.860000,13.860000,13.860000,0
13.000499,13.860000,2017-03-29,13.860000,13.860000,13.860000,0
13.000499,13.860000,2017-03-30,13.860000,13.860000,13.860000,0
13.000499,13.860000,2017-03-31,13.860000,13.860000,13.860000,0
13.000499,13.860000,2017-04-05,13.860000,13.860000,13.860000,0
13.000499,13.860000,2017-04-06,13.860000,13.860000,13.860000,0
13.000499,13.860000,2017-04-07,13.860000,13.860000,13.860000,0
13.000499,13.860000,2017-04-10,13.860000,13.860000,13.860000,0
13.000499,13.860000,2017-04-11,13.860000,13.860000,13.860000,0
13.000499,13.860000,2017-04-12,13.860000,13.860000,13.860000,0
13.000499,13.860000,2017-04-13,13.860000,13.860000,13.860000,0
13.000499,13.860000,2017-04-14,13.860000,13.860000,13.860000,0
13.000499,13.860000,2017-04-17,13.860000,13.860000,13.860000,0
13.000499,13.860000,2017-04-18,13.860000,13.860000,13.860000,0
13.000499,13.860000,2017-04-19,13.860000,13.860000,13.860000,0
13.000499,13.860000,2017-04-20,13.860000,13.860000,13.860000,0
13.000499,13.860000,2017-04-21,13.860000,13.860000,13.860000,0
13.000499,13.860000,2017-04-24,13.860000,13.860000,13.860000,0
13.000499,13.860000,2017-04-25,13.860000,13.860000,13.860000,0
13.000499,13.860000,2017-04-26,13.860000,13.860000,13.860000,0
13.000499,13.860000,2017-04-27,13.860000,13.860000,13.860000,0
13.000499,13.860000,2017-04-28,13.860000,13.860000,13.860000,0
13.000499,13.860000,2017-05-02,13.860000,13.860000,13.860000,0
13.000499,13.860000,2017-05-03,13.860000,13.860000,13.860000,0
13.000499,13.860000,2017-05-04,13.860000,13.860000,13.860000,0
13.000499,13.860000,2017-05-05,13.860000,13.860000,13.860000,0
13.000499,13.860000,2017-05-08,13.860000,13.860000,13.860000,0
13.000499,13.860000,2017-05-09,13.860000,13.860000,13.860000,0
13.000499,13.860000,2017-05-10,13.860000,13.860000,13.860000,0
13.000499,13.860000,2017-05-11,13.860000,13.860000,13.860000,0
13.000499,13.860000,2017-05-12,13.860000,13.860000,13.860000,0
13.000499,13.860000,2017-05-15,13.860000,13.860000,13.860000,0
13.000499,13.860000,2017-05-16,13.860000,13.860000,13.860000,0
13.000499,13.860000,2017-05-17,13.860000,13.860000,13.860000,0
13.000499,13.860000,2017-05-18,13.860000,13.860000,13.860000,0
13.000499,13.860000,2017-05-19,13.860000,13.860000,13.860000,0
13.000499,13.860000,2017-05-22,13.860000,13.860000,13.860000,0
13.000499,13.860000,2017-05-23,13.860000,13.860000,13.860000,0
13.000499,13.860000,2017-05-24,13.860000,13.860000,13.860000,0
13.000499,13.860000,2017-05-25,13.860000,13.860000,13.860000,0
13.000499,13.860000,2017-05-26,13.860000,13.860000,13.860000,0
13.000499,13.860000,2017-05-31,13.860000,13.860000,13.860000,0
13.000499,13.860000,2017-06-01,13.860000,13.860000,13.860000,0
13.000499,13.860000,2017-06-02,13.860000,13.860000,13.860000,0
13.000499,13.860000,2017-06-05,13.860000,13.860000,13.860000,0
13.000499,13.860000,2017-06-06,13.860000,13.860000,13.860000,0
13.000499,13.860000,2017-06-07,13.860000,13.860000,13.860000,0
13.000499,13.860000,2017-06-08,13.860000,13.860000,13.860000,0
13.000499,13.860000,2017-06-09,13.860000,13.860000,13.860000,0
13.000499,13.860000,2017-06-12,13.860000,13.860000,13.860000,0
13.000499,13.860000,2017-06-13,13.860000,13.860000,13.860000,0
13.000499,13.860000,2017-06-14,13.860000,13.860000,13.860000,0
13.000499,13.860000,2017-06-15,13.860000,13.860000,13.860000,0
13.000499,13.860000,2017-06-16,13.860000,13.860000,13.860000,0
13.000499,13.860000,2017-06-19,13.860000,13.860000,13.860000,0
13.000499,13.860000,2017-06-20,13.860000,13.860000,13.860000,0
13.000499,13.860000,2017-06-21,13.860000,13.860000,13.860000,0
13.000499,13.860000,2017-06-22,13.860000,13.860000,13.860000,0
13.000499,13.860000,2017-06-23,13.860000,13.860000,13.860000,0
13.000499,13.860000,2017-06-26,13.860000,13.860000,13.860000,0
13.000499,13.860000,2017-06-27,13.860000,13.860000,13.860000,0
13.000499,13.860000,2017-06-28,13.860000,13.860000,13.860000,0
13.000499,13.860000,2017-06-29,13.860000,13.860000,13.860000,0
13.000499,13.860000,2017-06-30,13.860000,13.860000,13.860000,0
13.000499,13.860000,2017-07-03,13.860000,13.860000,13.860000,0
13.000499,13.860000,2017-07-04,13.860000,13.860000,13.860000,0
13.000499,13.860000,2017-07-05,13.860000,13.860000,13.860000,0
13.000499,13.860000,2017-07-06,13.860000,13.860000,13.860000,0
13.000499,13.860000,2017-07-07,13.860000,13.860000,13.860000,0
13.000499,13.860000,2017-07-10,13.860000,13.860000,13.860000,0
13.000499,13.860000,2017-07-11,13.860000,13.860000,13.860000,0
13.000499,13.860000,2017-07-12,13.860000,13.860000,13.860000,0
13.000499,13.860000,2017-07-13,13.860000,13.860000,13.860000,0
13.000499,13.860000,2017-07-14,13.860000,13.860000,13.860000,0
13.000499,13.860000,2017-07-17,13.860000,13.860000,13.860000,0
13.000499,13.860000,2017-07-18,13.860000,13.860000,13.860000,0
13.000499,13.860000,2017-07-19,13.860000,13.860000,13.860000,0
13.000499,13.860000,2017-07-20,13.860000,13.860000,13.860000,0
13.000499,13.860000,2017-07-21,13.860000,13.860000,13.860000,0
13.000499,13.860000,2017-07-24,13.860000,13.860000,13.860000,0
13.000499,13.860000,2017-07-25,13.860000,13.860000,13.860000,0
13.000499,13.860000,2017-07-26,13.860000,13.860000,13.860000,0
13.000499,13.860000,2017-07-27,13.860000,13.860000,13.860000,0
13.000499,13.860000,2017-07-28,13.860000,13.860000,13.860000,0
13.000499,13.860000,2017-07-31,13.860000,13.860000,13.860000,0
13.000499,13.860000,2017-08-01,13.860000,13.860000,13.860000,0
13.000499,13.860000,2017-08-02,13.860000,13.860000,13.860000,0
13.000499,13.860000,2017-08-03,13.860000,13.860000,13.860000,0
13.647711,14.550000,2017-08-04,14.550000,14.550000,14.550000,2258124
12.962979,13.820000,2017-08-07,15.250000,13.820000,15.250000,22708004
13.291275,14.170000,2017-08-08,14.240000,13.370000,13.500000,19421312
13.957248,14.880000,2017-08-09,14.880000,14.080000,14.170000,11379702
14.651357,15.620000,2017-08-10,15.620000,15.010000,15.200000,7864078
14.688875,15.660000,2017-08-11,16.400000,15.550000,16.400000,20837421
14.707636,15.680000,2017-08-14,16.200001,15.420000,15.980000,10309355
13.985386,14.910000,2017-08-15,15.750000,14.900000,15.560000,17229280
13.816548,14.730000,2017-08-16,15.170000,14.530000,14.890000,9895491
14.051044,14.980000,2017-08-17,15.080000,14.630000,14.800000,8638167
14.004145,14.930000,2017-08-18,15.290000,14.810000,14.810000,7069399
13.994765,14.920000,2017-08-21,15.190000,14.900000,15.050000,5571302
13.628951,14.530000,2017-08-22,15.000000,14.500000,14.940000,6534912
13.169336,14.040000,2017-08-23,14.550000,13.910000,14.530000,8450315
13.300656,14.180000,2017-08-24,14.580000,13.920000,14.000000,5286562
13.356934,14.240000,2017-08-25,14.450000,14.110000,14.290000,4026817
13.478873,14.370000,2017-08-28,14.450000,14.120000,14.220000,4935418
13.488253,14.380000,2017-08-29,14.540000,14.290000,14.290000,4031485
13.647711,14.550000,2017-08-30,14.660000,14.430000,14.560000,6393715
13.507012,14.400000,2017-08-31,14.530000,14.210000,14.490000,5086942
13.385075,14.270000,2017-09-01,14.390000,14.250000,14.380000,4274375
13.169336,14.040000,2017-09-04,14.270000,13.990000,14.180000,5734276
13.291275,14.170000,2017-09-05,14.260000,14.020000,14.050000,3985554
13.403834,14.290000,2017-09-06,14.490000,14.120000,14.150000,4531216
13.234996,14.110000,2017-09-07,14.350000,14.080000,14.250000,3812686
13.244376,14.120000,2017-09-08,14.180000,14.060000,14.110000,3242964
13.497634,14.390000,2017-09-11,14.460000,14.110000,14.140000,4489244
13.450734,14.340000,2017-09-12,14.630000,14.300000,14.340000,5177556
13.497634,14.390000,2017-09-13,14.450000,14.250000,14.350000,2701287
13.478873,14.370000,2017-09-14,14.470000,14.290000,14.360000,3314511
13.478873,14.370000,2017-09-15,14.510000,14.320000,14.320000,3164209
13.488253,14.380000,2017-09-18,14.470000,14.340000,14.400000,3080514
13.375695,14.260000,2017-09-19,14.430000,14.240000,14.380000,3159169
13.169336,14.040000,2017-09-20,14.260000,14.000000,14.260000,4586585
13.178719,14.050000,2017-09-21,14.210000,13.980000,14.040000,4252927
13.206857,14.080000,2017-09-22,14.100000,13.970000,14.070000,2062944
12.953601,13.810000,2017-09-25,14.110000,13.800000,14.100000,2741870
13.169336,14.040000,2017-09-26,14.160000,13.830000,13.860000,2270788
13.169336,14.040000,2017-09-27,14.150000,14.000000,14.000000,1321906
13.169336,14.040000,2017-09-28,14.180000,14.000000,14.090000,2963612
13.413213,14.300000,2017-09-29,14.330000,14.010000,14.050000,3339642
13.525774,14.420000,2017-10-09,14.480000,14.290000,14.470000,3939056
13.544532,14.440000,2017-10-10,14.470000,14.310000,14.390000,2500828
13.600811,14.500000,2017-10-11,14.530000,14.380000,14.440000,2958125
13.929108,14.850000,2017-10-12,15.190000,14.430000,14.510000,7588189
13.994765,14.920000,2017-10-13,14.960000,14.720000,14.750000,3062012
13.713370,14.620000,2017-10-16,15.010000,14.610000,14.830000,4489875
13.591431,14.490000,2017-10-17,14.760000,14.480000,14.640000,4144753
13.582051,14.480000,2017-10-18,14.750000,14.430000,14.550000,2555094
13.394453,14.280000,2017-10-19,14.520000,14.270000,14.520000,2861741
13.685230,14.590000,2017-10-20,14.650000,14.290000,14.300000,2759255
13.694611,14.600000,2017-10-23,14.630000,14.480000,14.510000,2255546
13.788407,14.700000,2017-10-24,14.760000,14.520000,14.520000,2889234
13.610191,14.510000,2017-10-25,14.580000,14.400000,14.570000,3685325
13.338175,14.220000,2017-10-26,14.580000,14.150000,14.540000,5720963
13.366314,14.250000,2017-10-27,14.360000,14.180000,14.280000,2178981
12.709724,13.550000,2017-10-30,14.250000,13.540000,14.250000,6572725
12.812902,13.660000,2017-10-31,13.760000,13.500000,13.560000,2703320
12.831662,13.680000,2017-11-01,13.770000,13.520000,13.660000,2360799
12.709724,13.550000,2017-11-02,13.670000,13.520000,13.660000,1722256
12.212591,13.020000,2017-11-03,13.590000,12.870000,13.530000,4569689
12.184450,12.990000,2017-11-06,13.050000,12.720000,13.050000,2236336
12.231351,13.040000,2017-11-07,13.110000,12.840000,12.980000,2192856
12.503366,13.330000,2017-11-08,13.550000,12.990000,13.000000,3820529
12.512747,13.340000,2017-11-09,13.450000,13.220000,13.250000,1623880
12.362669,13.180000,2017-11-10,13.350000,13.170000,13.300000,2166036
12.981740,13.840000,2017-11-13,13.840000,13.660000,13.840000,9283745
12.700343,13.540000,2017-11-14,13.940000,13.510000,13.840000,6268108
12.400188,13.220000,2017-11-15,13.600000,13.170000,13.580000,3964405
12.409567,13.230000,2017-11-16,13.330000,13.040000,13.170000,2145031
12.043753,12.840000,2017-11-17,13.280000,12.800000,13.260000,3444432
11.856156,12.640000,2017-11-20,12.780000,12.220000,12.780000,3492327
11.828016,12.610000,2017-11-21,12.710000,12.500000,12.550000,2285620
12.109412,12.910000,2017-11-22,13.240000,12.570000,12.610000,4756276
11.640418,12.410000,2017-11-23,12.880000,12.370000,12.830000,3660087
11.696698,12.470000,2017-11-24,12.620000,12.380000,12.380000,1535829
11.781117,12.560000,2017-11-27,12.770000,12.430000,12.470000,2103182
11.884295,12.670000,2017-11-28,12.750000,12.580000,12.580000,1268444
12.212591,13.020000,2017-11-29,13.170000,12.610000,12.700000,2845719
12.137550,12.940000,2017-11-30,13.090000,12.900000,13.050000,1350034
12.334529,13.150000,2017-12-01,13.180000,12.870000,12.990000,2538403
12.522126,13.350000,2017-12-04,13.470000,13.090000,13.160000,3270866
12.024994,12.820000,2017-12-05,13.550000,12.680000,13.330000,3819252
12.231351,13.040000,2017-12-06,13.180000,12.730000,12.810000,2159116
12.306390,13.120000,2017-12-07,13.150000,12.940000,13.060000,1471533
12.569025,13.400000,2017-12-08,13.440000,13.090000,13.130000,2088652
12.522126,13.350000,2017-12-11,13.550000,13.240000,13.410000,2305075
12.644065,13.480000,2017-12-12,13.990000,13.360000,13.660000,5262197
12.972360,13.830000,2017-12-13,13.860000,13.350000,13.450000,2935601
13.319415,14.200000,2017-12-14,14.450000,13.900000,14.380000,7803555
13.338175,14.220000,2017-12-15,14.350000,14.070000,14.260000,3685859
13.188097,14.060000,2017-12-18,14.300000,14.020000,14.100000,2175799
13.150578,14.020000,2017-12-19,14.090000,13.900000,14.070000,2308474
13.113057,13.980000,2017-12-20,14.230000,13.940000,14.070000,2938302
13.178719,14.050000,2017-12-21,14.110000,13.900000,14.000000,1659730
13.300656,14.180000,2017-12-22,14.290000,14.010000,14.050000,1748754
13.610191,14.510000,2017-12-25,14.600000,14.200000,14.200000,4136683
13.797789,14.710000,2017-12-26,14.800000,14.400000,14.510000,4028293
13.816548,14.730000,2017-12-27,15.100000,14.650000,14.720000,5359974
13.403834,14.290000,2017-12-28,14.790000,14.260000,14.760000,4926067
13.957248,14.880000,2017-12-29,14.980000,14.190000,14.300000,5539055
14.041666,14.970000,2018-01-02,15.210000,14.810000,14.950000,4190570
13.797789,14.710000,2018-01-03,15.080000,14.580000,14.960000,4401110
13.797789,14.710000,2018-01-04,14.880000,14.600000,14.600000,2189430
13.769650,14.680000,2018-01-05,14.850000,14.590000,14.720000,2380455
13.375695,14.260000,2018-01-08,14.660000,14.240000,14.640000,3678484
13.328795,14.210000,2018-01-09,14.490000,14.170000,14.210000,2486785
13.188097,14.060000,2018-01-10,14.290000,13.950000,14.220000,3245539
13.403834,14.290000,2018-01-11,14.300000,13.990000,14.060000,1844483
13.188097,14.060000,2018-01-12,14.350000,14.040000,14.290000,1800544
13.019259,13.880000,2018-01-15,14.340000,13.760000,14.140000,2876486
12.953601,13.810000,2018-01-16,13.940000,13.720000,13.890000,2034416
12.775382,13.620000,2018-01-17,13.810000,13.440000,13.810000,2623716
12.878560,13.730000,2018-01-18,13.760000,13.560000,13.650000,1216246
12.775382,13.620000,2018-01-19,13.870000,13.610000,13.800000,1605221
12.756622,13.600000,2018-01-22,13.790000,13.280000,13.710000,2208742
12.869182,13.720000,2018-01-23,13.850000,13.550000,13.680000,2065064
12.709724,13.550000,2018-01-24,13.780000,13.490000,13.780000,2200818
13.178719,14.050000,2018-01-25,14.230000,13.660000,13.710000,4962700
13.197477,14.070000,2018-01-26,14.120000,13.930000,13.930000,1232602
13.000499,13.860000,2018-01-29,14.120000,13.840000,14.030000,2286112
13.225618,14.100000,2018-01-30,14.350000,13.800000,13.850000,4528947
13.638330,14.540000,2018-01-31,14.680000,14.330000,14.490000,6165942
13.722750,14.630000,2018-02-01,15.070000,14.460000,14.470000,7055077
13.882208,14.800000,2018-02-02,14.840000,14.450000,14.700000,4086674
13.891587,14.810000,2018-02-05,14.990000,14.590000,14.630000,3748020
13.403834,14.290000,2018-02-06,14.970000,14.280000,14.690000,7823105
13.544532,14.440000,2018-02-07,14.630000,14.230000,14.550000,4981046
13.788407,14.700000,2018-02-08,14.750000,14.350000,14.470000,3236049
13.413213,14.300000,2018-02-09,14.630000,14.110000,14.500000,6027755
13.732130,14.640000,2018-02-12,14.670000,14.310000,14.310000,3064350
14.051044,14.980000,2018-02-13,15.030000,14.660000,14.710000,3913553
14.060425,14.990000,2018-02-14,15.150000,14.880000,14.980000,2712608
14.172983,15.110000,2018-02-22,15.190000,14.910000,15.030000,2808800
14.060425,14.990000,2018-02-23,15.180000,14.930000,15.180000,2558217
14.022905,14.950000,2018-02-26,14.980000,14.810000,14.980000,3613036
14.191743,15.130000,2018-02-27,15.170000,14.890000,14.950000,3344614
14.266783,15.210000,2018-02-28,15.460000,15.050000,15.070000,4623434
14.360582,15.310000,2018-03-01,15.420000,15.100000,15.160000,3141235
14.154223,15.090000,2018-03-02,15.380000,15.010000,15.220000,2823841
14.060425,14.990000,2018-03-05,15.280000,14.890000,15.100000,2625849
14.126084,15.060000,2018-03-06,15.090000,14.950000,15.010000,2142554
13.994765,14.920000,2018-03-07,15.150000,14.880000,15.080000,2599821
13.938487,14.860000,2018-03-08,14.990000,14.750000,14.940000,2846914
14.257402,15.200000,2018-03-09,15.210000,14.860000,14.880000,3525560
14.238643,15.180000,2018-03-12,15.270000,15.060000,15.200000,2960088
14.229262,15.170000,2018-03-13,15.380000,15.140000,15.190000,2446378
14.304301,15.250000,2018-03-14,15.330000,15.110000,15.150000,2435813
14.285542,15.230000,2018-03-15,15.390000,15.120000,15.230000,3036510
14.679496,15.650000,2018-03-16,15.960000,15.120000,15.150000,7198100
14.557559,15.520000,2018-03-19,15.700000,15.420000,15.490000,3946919
14.313683,15.260000,2018-03-20,15.520000,15.170000,15.400000,3631294
14.154223,15.090000,2018-03-21,15.380000,15.080000,15.260000,2673259
13.797789,14.710000,2018-03-22,15.140000,14.680000,15.080000,4491605
13.103679,13.970000,2018-03-23,14.520000,13.970000,14.400000,5456406
13.178719,14.050000,2018-03-26,14.130000,13.590000,13.590000,2685937
13.347555,14.230000,2018-03-27,14.300000,13.990000,13.990000,2464067
13.178719,14.050000,2018-03-28,14.160000,13.970000,14.140000,1847334
13.413213,14.300000,2018-03-29,14.410000,14.050000,14.050000,1981631
13.469493,14.360000,2018-03-30,14.470000,14.220000,14.320000,1717407
13.413213,14.300000,2018-04-02,14.490000,14.230000,14.380000,1791065
13.178719,14.050000,2018-04-03,14.250000,13.930000,14.250000,2254123
13.347555,14.230000,2018-04-04,14.380000,14.090000,14.100000,1793980
13.328795,14.210000,2018-04-09,14.370000,14.010000,14.190000,1465426
13.638330,14.540000,2018-04-10,14.610000,14.200000,14.250000,2713785
13.769650,14.680000,2018-04-11,14.730000,14.490000,14.600000,1848584
13.929108,14.850000,2018-04-12,14.950000,14.620000,14.680000,2547729
14.088565,15.020000,2018-04-13,15.240000,14.800000,14.850000,3649380
14.154223,15.090000,2018-04-16,15.160000,14.900000,15.000000,3151705
14.088565,15.020000,2018-04-17,15.200000,14.950000,15.090000,2521011
14.323061,15.270000,2018-04-18,15.280000,14.800000,15.100000,3351723
14.848335,15.830000,2018-04-19,15.960000,15.240000,15.300000,5419689
14.107325,15.040000,2018-04-20,15.870000,15.040000,15.600000,7475137
14.079185,15.010000,2018-04-23,15.100000,14.600000,14.880000,4006320
14.641977,15.610000,2018-04-24,15.690000,15.000000,15.000000,4138742
14.913992,15.900000,2018-04-25,15.950000,15.560000,15.600000,4867875
14.838954,15.820000,2018-04-26,15.990000,15.780000,15.900000,4146759
14.838954,15.820000,2018-04-27,15.820000,15.820000,15.820000,0
13.807168,14.720000,2018-05-02,15.670000,14.350000,15.670000,11089140
14.191743,15.130000,2018-05-03,15.270000,14.600000,14.600000,4329124
14.989032,15.980000,2018-05-04,16.389999,15.000000,15.020000,10285858
15.336089,16.350000,2018-05-07,16.650000,15.730000,16.000000,11033261
15.186010,16.190001,2018-05-08,16.500000,16.030001,16.150000,8061951
15.317327,16.330000,2018-05-09,16.580000,16.150000,16.150000,6316787
15.157869,16.160000,2018-05-10,16.459999,16.020000,16.350000,5620295
15.242289,16.250000,2018-05-11,16.420000,16.040001,16.270000,4254837
14.867093,15.850000,2018-05-14,16.200001,15.800000,16.150000,7547410
15.298567,16.309999,2018-05-15,16.340000,15.770000,15.770000,4712100
15.139110,16.139999,2018-05-16,16.469999,16.059999,16.299999,4890130
15.139110,16.139999,2018-05-17,16.299999,15.920000,16.139999,4099522
14.989032,15.980000,2018-05-18,16.270000,15.940000,16.139999,4252492
15.064071,16.059999,2018-05-21,16.240000,15.910000,16.100000,7181194
14.970272,15.960000,2018-05-22,16.070000,15.850000,15.990000,5144108
14.717016,15.690000,2018-05-23,15.900000,15.630000,15.890000,4437062
14.773294,15.750000,2018-05-24,15.840000,15.660000,15.720000,2840217
14.501279,15.460000,2018-05-25,15.740000,15.390000,15.710000,3839857
14.548178,15.510000,2018-05-28,15.600000,15.370000,15.380000,2300551
14.510659,15.470000,2018-05-29,15.780000,15.400000,15.400000,3488550
14.257402,15.200000,2018-05-30,15.580000,15.160000,15.220000,4631080
15.007792,16.000000,2018-05-31,16.090000,15.240000,15.240000,5245739
15.026552,16.020000,2018-06-01,16.120001,15.770000,15.950000,4837445
15.035933,16.030001,2018-06-04,16.209999,15.890000,16.100000,3254006
15.054690,16.049999,2018-06-05,16.190001,15.950000,15.980000,3832319
14.998412,15.990000,2018-06-06,16.150000,15.890000,16.000000,4089907
15.326707,16.340000,2018-06-07,16.379999,15.990000,15.990000,6162424
14.998412,15.990000,2018-06-08,16.299999,15.930000,16.299999,4757747
14.679496,15.650000,2018-06-11,15.990000,15.560000,15.950000,3413212
15.120351,16.120001,2018-06-12,16.160000,15.600000,15.600000,3496913
14.923373,15.910000,2018-06-13,16.160000,15.850000,16.160000,3576938
14.407480,15.360000,2018-06-14,16.230000,15.300000,15.870000,6137394
14.013526,14.940000,2018-06-15,15.600000,14.720000,15.460000,6635131
13.188097,14.060000,2018-06-19,14.910000,13.570000,14.600000,6260250
13.356934,14.240000,2018-06-20,14.350000,13.850000,13.950000,3357812
13.038019,13.900000,2018-06-21,14.350000,13.850000,14.270000,3480809
13.291275,14.170000,2018-06-22,14.250000,13.670000,13.750000,2693126
13.366314,14.250000,2018-06-25,14.570000,14.170000,14.200000,2541426
13.563291,14.460000,2018-06-26,14.500000,14.010000,14.050000,1786201
13.600811,14.500000,2018-06-27,14.680000,14.380000,14.470000,2001872
13.619572,14.520000,2018-06-28,14.680000,14.430000,14.530000,1859840
13.900967,14.820000,2018-06-29,14.890000,14.490000,14.490000,2437501
13.900967,14.820000,2018-07-02,15.020000,14.680000,14.680000,2497031
13.891587,14.810000,2018-07-03,14.950000,14.600000,14.820000,2637690
13.722750,14.630000,2018-07-04,14.950000,14.580000,14.740000,2754402
13.188097,14.060000,2018-07-05,14.790000,14.050000,14.620000,3119869
13.150578,14.020000,2018-07-06,14.380000,13.650000,14.090000,2733377
13.750890,14.660000,2018-07-09,14.720000,13.980000,14.100000,2830257
13.769650,14.680000,2018-07-10,14.790000,14.550000,14.550000,1726572
13.413213,14.300000,2018-07-11,14.670000,13.970000,14.500000,3007701
13.647711,14.550000,2018-07-12,14.680000,14.210000,14.210000,1804804
13.460113,14.350000,2018-07-13,14.630000,14.220000,14.500000,1825614
13.535152,14.430000,2018-07-16,14.450000,14.230000,14.370000,1330990
13.169336,14.040000,2018-07-17,14.500000,13.750000,14.370000,3382144
12.869182,13.720000,2018-07-18,14.060000,13.680000,14.000000,2915308
12.024994,12.820000,2018-07-19,13.790000,12.570000,13.720000,6021084
12.118793,12.920000,2018-07-20,12.980000,12.530000,12.790000,2340738
12.175071,12.980000,2018-07-23,13.130000,12.680000,12.890000,2314437
12.240730,13.050000,2018-07-24,13.150000,12.880000,12.980000,2046054
12.681582,13.520000,2018-07-25,13.670000,13.250000,13.250000,3661292
12.559647,13.390000,2018-07-26,13.450000,13.240000,13.450000,1838487
12.559647,13.390000,2018-07-27,13.500000,13.330000,13.390000,1367173
12.306390,13.120000,2018-07-30,13.440000,13.030000,13.390000,1666228
12.184450,12.990000,2018-07-31,13.300000,12.970000,13.170000,1209849
12.418948,13.240000,2018-08-01,13.690000,12.980000,12.980000,2848637
12.334529,13.150000,2018-08-02,13.450000,12.580000,13.290000,3042852
12.475226,13.300000,2018-08-03,13.340000,12.820000,13.170000,2273902
12.287629,13.100000,2018-08-06,13.370000,12.890000,13.200000,1859540
12.597165,13.430000,2018-08-07,13.440000,13.000000,13.000000,2100436
12.634686,13.470000,2018-08-08,13.730000,13.300000,13.400000,2916576
12.812902,13.660000,2018-08-09,13.750000,13.380000,13.470000,2649468
12.719104,13.560000,2018-08-10,13.810000,13.430000,13.710000,1954135
12.803521,13.650000,2018-08-13,13.790000,13.320000,13.350000,1694083
12.887942,13.740000,2018-08-14,13.750000,13.320000,13.600000,2561452
12.109412,12.910000,2018-08-15,13.500000,12.900000,13.330000,4294374
11.265224,12.010000,2018-08-16,12.650000,11.710000,12.240000,4774400
10.542974,11.240000,2018-08-17,12.230000,11.080000,12.010000,4654629
10.158400,10.830000,2018-08-20,11.430000,10.470000,11.230000,5013361
10.336617,11.020000,2018-08-21,11.110000,10.570000,10.770000,2811376
10.233438,10.910000,2018-08-22,11.020000,10.850000,11.020000,1483000
10.195918,10.870000,2018-08-23,10.960000,10.750000,10.880000,1538775
9.830104,10.480000,2018-08-24,10.900000,10.480000,10.900000,3197042
10.814990,11.530000,2018-08-27,11.530000,10.580000,10.590000,6414267
11.030726,11.760000,2018-08-28,12.380000,11.520000,11.660000,8345898
10.890029,11.610000,2018-08-29,11.950000,11.580000,11.740000,3952540
10.627392,11.330000,2018-08-30,11.800000,11.260000,11.760000,3419369
10.693052,11.400000,2018-08-31,11.480000,11.160000,11.390000,2468404
10.777470,11.490000,2018-09-03,11.590000,10.880000,11.370000,3548656
10.730571,11.440000,2018-09-04,11.530000,11.250000,11.340000,2085144
10.364757,11.050000,2018-09-05,11.360000,11.000000,11.360000,2336219
10.524214,11.220000,2018-09-06,11.450000,11.010000,11.010000,2558380
10.439795,11.130000,2018-09-07,11.360000,11.030000,11.330000,1743781
10.261578,10.940000,2018-09-10,11.150000,10.880000,11.100000,1507861
10.392896,11.080000,2018-09-11,11.130000,10.890000,10.900000,1415375
10.364757,11.050000,2018-09-12,11.230000,10.990000,11.020000,1488280
10.721191,11.430000,2018-09-13,11.550000,11.100000,11.100000,2928601
10.533593,11.230000,2018-09-14,11.450000,11.180000,11.410000,2089401
10.186538,10.860000,2018-09-17,11.220000,10.790000,11.220000,2349809
10.458554,11.150000,2018-09-18,11.180000,10.820000,10.860000,1758541
10.693052,11.400000,2018-09-19,11.500000,11.080000,11.150000,2685104
10.486695,11.180000,2018-09-20,11.400000,11.170000,11.400000,1540110
10.683672,11.390000,2018-09-21,11.480000,11.210000,11.210000,2188386
10.664911,11.370000,2018-09-25,11.600000,11.330000,11.400000,1667324
10.702431,11.410000,2018-09-26,11.550000,11.370000,11.410000,1628902
10.421035,11.110000,2018-09-27,11.460000,11.110000,11.460000,1992411
11.462200,12.220000,2018-09-28,12.220000,11.160000,11.180000,9583899
11.321503,12.070000,2018-10-08,12.370000,11.920000,12.160000,7970840
11.565379,12.330000,2018-10-09,12.580000,11.730000,12.010000,8699298
11.452822,12.210000,2018-10-10,12.330000,12.030000,12.200000,4378942
10.524214,11.220000,2018-10-11,11.890000,11.000000,11.690000,5228562
10.205299,10.880000,2018-10-12,11.300000,10.380000,11.180000,4336874
10.252198,10.930000,2018-10-15,11.480000,10.910000,11.020000,2859966
9.942662,10.600000,2018-10-16,11.010000,10.490000,10.980000,2395621
10.073980,10.740000,2018-10-17,10.880000,10.320000,10.780000,2553300
9.670647,10.310000,2018-10-18,10.740000,10.280000,10.740000,1983151
9.952043,10.610000,2018-10-19,10.750000,10.030000,10.200000,2284475
10.327237,11.010000,2018-10-22,11.200000,10.650000,10.700000,3940355
10.158400,10.830000,2018-10-23,11.250000,10.750000,10.970000,2788083
9.980182,10.640000,2018-10-24,10.880000,10.510000,10.720000,2301860
9.783204,10.430000,2018-10-25,10.640000,10.050000,10.350000,2081432
9.801964,10.450000,2018-10-26,10.680000,10.370000,10.550000,1729517
9.633127,10.270000,2018-10-29,10.440000,10.260000,10.400000,1247010
10.111499,10.780000,2018-10-30,11.100000,10.620000,10.620000,3880531
10.514833,11.210000,2018-10-31,11.500000,10.700000,10.700000,4868300
10.430415,11.120000,2018-11-01,11.380000,11.110000,11.240000,2964630
10.636773,11.340000,2018-11-02,11.410000,11.160000,11.220000,3448174
10.514833,11.210000,2018-11-05,11.400000,11.000000,11.390000,3943563
10.908789,11.630000,2018-11-06,11.880000,11.110000,11.220000,5332744
10.711812,11.420000,2018-11-07,11.780000,11.360000,11.750000,3263770
10.514833,11.210000,2018-11-08,11.590000,11.210000,11.430000,2553790
10.608634,11.310000,2018-11-09,11.570000,11.160000,11.280000,2180874
10.983829,11.710000,2018-11-12,11.730000,11.210000,11.320000,3541315
11.040109,11.770000,2018-11-13,11.850000,11.500000,11.510000,4271679
10.965068,11.690000,2018-11-14,11.960000,11.630000,11.770000,3545261
11.171426,11.910000,2018-11-15,11.920000,11.650000,11.750000,3513214
11.387161,12.140000,2018-11-16,12.460000,11.900000,11.910000,5983563
11.556000,12.320000,2018-11-19,12.690000,12.020000,12.170000,5098724
11.049486,11.780000,2018-11-20,12.360000,11.740000,12.140000,4894043
11.162045,11.900000,2018-11-21,11.950000,11.590000,11.710000,2651640
11.143286,11.880000,2018-11-22,12.110000,11.740000,11.940000,2666720
10.693052,11.400000,2018-11-23,11.880000,11.300000,11.810000,3740250
10.721191,11.430000,2018-11-26,11.500000,11.200000,11.320000,2034238
10.683672,11.390000,2018-11-27,11.560000,11.320000,11.440000,1632850
10.955688,11.680000,2018-11-28,11.780000,11.330000,11.410000,3282532
10.458554,11.150000,2018-11-29,11.800000,11.130000,11.750000,3045784
10.721191,11.430000,2018-11-30,11.460000,11.080000,11.200000,2538335
10.974447,11.700000,2018-12-03,11.820000,11.620000,11.680000,3098430
11.087007,11.820000,2018-12-04,12.070000,11.660000,11.660000,3389165
11.077626,11.810000,2018-12-05,11.990000,11.560000,11.610000,3152826
10.890029,11.610000,2018-12-06,11.890000,11.570000,11.750000,2294554
10.908789,11.630000,2018-12-07,11.740000,11.530000,11.660000,1593975
10.814990,11.530000,2018-12-10,11.660000,11.510000,11.530000,1618214
10.955688,11.680000,2018-12-11,11.680000,11.530000,11.540000,1480065
10.946308,11.670000,2018-12-12,11.800000,11.570000,11.690000,1290635
10.983829,11.710000,2018-12-13,11.840000,11.480000,11.670000,2056891
10.693052,11.400000,2018-12-14,11.790000,11.330000,11.790000,2017160
10.683672,11.390000,2018-12-17,11.460000,11.260000,11.400000,1351566
10.496075,11.190000,2018-12-18,11.370000,11.150000,11.320000,1286154
10.374137,11.060000,2018-12-19,11.270000,11.030000,11.230000,925993
10.336617,11.020000,2018-12-20,11.120000,10.930000,11.110000,1181441
10.374137,11.060000,2018-12-21,11.150000,10.860000,11.000000,1589390
10.411655,11.100000,2018-12-24,11.150000,10.970000,11.000000,821532
10.252198,10.930000,2018-12-25,11.070000,10.650000,10.980000,1387962
10.252198,10.930000,2018-12-26,11.040000,10.900000,10.990000,814300
10.064600,10.730000,2018-12-27,11.110000,10.650000,11.040000,987212
10.120880,10.790000,2018-12-28,10.900000,10.700000,10.780000,870601
10.167778,10.840000,2019-01-02,11.000000,10.750000,10.840000,1803201
10.242818,10.920000,2019-01-03,11.030000,10.800000,10.800000,1097114
10.430415,11.120000,2019-01-04,11.170000,10.660000,10.890000,1736943
10.805611,11.520000,2019-01-07,11.680000,10.660000,10.890000,3459219
10.936930,11.660000,2019-01-08,11.850000,11.430000,11.430000,2894001
10.965068,11.690000,2019-01-09,11.800000,11.600000,11.680000,2809060
11.021347,11.750000,2019-01-10,11.850000,11.620000,11.670000,2190601
11.237084,11.980000,2019-01-11,12.020000,11.710000,11.750000,3679233
11.162045,11.900000,2019-01-14,12.120000,11.700000,12.000000,2542164
11.255844,12.000000,2019-01-15,12.060000,11.800000,11.910000,1985122
11.255844,12.000000,2019-01-16,12.060000,11.900000,12.040000,1929454
11.115146,11.850000,2019-01-17,12.000000,11.620000,11.950000,2294542
11.199564,11.940000,2019-01-18,12.050000,11.840000,11.840000,2299055
11.396542,12.150000,2019-01-21,12.460000,12.010000,12.010000,4193249
11.255844,12.000000,2019-01-22,12.320000,11.960000,12.180000,2097041
11.405921,12.160000,2019-01-23,12.340000,11.980000,12.070000,2427854
11.349643,12.100000,2019-01-24,12.250000,12.070000,12.110000,1583666
11.443441,12.200000,2019-01-25,12.450000,12.070000,12.200000,2760730
11.283983,12.030000,2019-01-28,12.300000,11.950000,12.200000,2567210
11.021347,11.750000,2019-01-29,12.070000,11.670000,12.020000,2652221
11.434061,12.190000,2019-01-30,12.570000,11.830000,11.880000,5867856
11.077626,11.810000,2019-01-31,12.380000,11.760000,12.290000,4660791
11.537240,12.300000,2019-02-01,12.310000,11.780000,11.810000,4624570
11.659180,12.430000,2019-02-11,12.460000,12.130000,12.300000,4654493
11.846776,12.630000,2019-02-12,12.630000,12.220000,12.430000,6369831
11.921814,12.710000,2019-02-13,12.870000,12.460000,12.630000,5934013
11.912435,12.700000,2019-02-14,12.960000,12.580000,12.630000,4568910
11.640418,12.410000,2019-02-15,12.790000,12.410000,12.790000,3250893
12.175071,12.980000,2019-02-18,13.100000,12.430000,12.430000,5420420
12.015614,12.810000,2019-02-19,13.160000,12.700000,12.980000,4268063
11.931195,12.720000,2019-02-20,12.890000,12.580000,12.810000,2527565
11.771737,12.550000,2019-02-21,12.890000,12.450000,12.690000,4803738
11.996853,12.790000,2019-02-22,12.810000,12.480000,12.550000,3245169
13.084918,13.950000,2019-02-25,14.070000,13.070000,13.440000,13033615
13.206857,14.080000,2019-02-26,14.600000,13.600000,13.900000,12079438
13.056779,13.920000,2019-02-27,14.280000,13.800000,14.170000,5550981
12.972360,13.830000,2019-02-28,14.180000,13.800000,13.950000,4935675
13.038019,13.900000,2019-03-01,14.200000,13.650000,13.910000,5418151
13.272515,14.150000,2019-03-04,14.700000,13.920000,13.920000,9935688
13.497634,14.390000,2019-03-05,14.480000,14.050000,14.160000,7278078
13.460113,14.350000,2019-03-06,14.650000,14.130000,14.570000,7786857
13.882208,14.800000,2019-03-07,14.840000,14.120000,14.440000,11318348
13.253757,14.130000,2019-03-08,14.630000,14.130000,14.480000,7380420
13.525774,14.420000,2019-03-11,14.450000,14.020000,14.150000,5172044
13.572673,14.470000,2019-03-12,14.760000,14.320000,14.600000,6984677
14.407480,15.360000,2019-03-13,15.920000,14.470000,14.470000,20997017
14.717016,15.690000,2019-03-14,15.860000,14.650000,15.120000,13980792
15.683143,16.719999,2019-03-15,17.180000,15.510000,15.580000,16981312
15.458025,16.480000,2019-03-18,16.600000,16.030001,16.590000,9804632
15.439265,16.459999,2019-03-19,17.360001,16.200001,16.350000,11490985
14.998412,15.990000,2019-03-20,16.350000,15.710000,16.320000,8744552
14.923373,15.910000,2019-03-21,16.110001,15.720000,15.850000,7344339
15.317327,16.330000,2019-03-22,16.430000,15.770000,15.910000,7998611
14.904614,15.890000,2019-03-25,16.200001,15.810000,15.810000,6403586
14.248021,15.190000,2019-03-26,15.960000,15.190000,15.870000,8937494
14.426239,15.380000,2019-03-27,15.680000,15.240000,15.290000,5335089
14.510659,15.470000,2019-03-28,15.830000,15.300000,15.380000,5080860
14.867093,15.850000,2019-03-29,15.880000,14.880000,15.490000,7701368
15.167249,16.170000,2019-04-01,16.270000,15.710000,15.800000,11026583
14.923373,15.910000,2019-04-02,16.240000,15.790000,16.150000,11534952
14.829575,15.810000,2019-04-03,15.930000,15.490000,15.800000,7622491
15.429888,16.450001,2019-04-04,16.549999,15.670000,15.850000,16286887
15.326707,16.340000,2019-04-08,17.510000,16.299999,16.990000,22715939
14.773294,15.750000,2019-04-09,16.000000,15.410000,16.000000,13049319
14.454380,15.410000,2019-04-10,15.630000,15.350000,15.540000,10280741
13.976006,14.900000,2019-04-11,15.470000,14.900000,15.430000,8170392
14.051044,14.980000,2019-04-12,15.110000,14.780000,14.840000,3878073
13.929108,14.850000,2019-04-15,15.270000,14.800000,15.160000,5588536
14.088565,15.020000,2019-04-16,15.030000,14.360000,14.740000,5302822
14.294921,15.240000,2019-04-17,15.300000,14.950000,15.020000,6503402
14.079185,15.010000,2019-04-18,15.220000,14.900000,15.220000,4220309
14.248021,15.190000,2019-04-19,15.280000,14.820000,15.000000,5349904
14.097943,15.030000,2019-04-22,15.420000,15.000000,15.190000,5293755
14.585697,15.550000,2019-04-23,15.550000,14.970000,15.050000,9006683
14.989032,15.980000,2019-04-24,16.680000,15.760000,16.270000,19332946
13.488253,14.380000,2019-04-25,14.990000,14.380000,14.660000,18125300
12.503366,13.330000,2019-04-26,14.050000,13.330000,13.950000,10545545
11.424682,12.180000,2019-05-06,13.120000,12.180000,13.120000,5999684
11.265224,12.010000,2019-05-07,12.450000,11.690000,12.240000,4420945
11.115146,11.850000,2019-05-08,12.100000,11.640000,11.800000,2541802
10.918169,11.640000,2019-05-09,11.900000,11.630000,11.800000,2647771
11.237084,11.980000,2019-05-10,12.030000,11.460000,11.730000,4053025
11.162045,11.900000,2019-05-13,12.070000,11.830000,11.880000,2152708
11.115146,11.850000,2019-05-14,11.980000,11.650000,11.690000,1722895
11.574759,12.340000,2019-05-15,12.480000,11.900000,11.920000,4362667
11.518480,12.280000,2019-05-16,12.360000,12.210000,12.360000,1952241
11.133905,11.870000,2019-05-17,12.310000,11.730000,12.280000,2679385
10.833751,11.550000,2019-05-20,11.890000,11.260000,11.870000,2394496
11.068247,11.800000,2019-05-21,11.850000,11.500000,11.600000,1892827
10.965068,11.690000,2019-05-22,11.880000,11.580000,11.780000,1638955
10.908789,11.630000,2019-05-23,11.890000,11.570000,11.700000,1811683
10.749331,11.460000,2019-05-24,11.690000,11.310000,11.600000,1492945
10.843130,11.560000,2019-05-27,11.650000,10.980000,11.480000,4788187
10.768090,11.480000,2019-05-28,11.650000,11.440000,11.470000,2117687
10.702431,11.410000,2019-05-29,11.520000,11.280000,11.450000,2109182
10.571114,11.270000,2019-05-30,11.410000,11.100000,11.360000,1933015
10.514833,11.210000,2019-05-31,11.400000,11.120000,11.280000,2128832
10.299097,10.980000,2019-06-03,11.250000,10.970000,11.220000,2782395
10.083360,10.750000,2019-06-04,11.050000,10.690000,10.950000,2315987
10.055222,10.720000,2019-06-05,10.940000,10.720000,10.860000,1556853
9.970801,10.630000,2019-06-06,10.830000,10.550000,10.730000,1675156
9.670647,10.310000,2019-06-10,10.630000,10.100000,10.610000,3401841
10.130260,10.800000,2019-06-11,10.850000,10.220000,10.330000,3620350
9.933283,10.590000,2019-06-12,10.920000,10.500000,10.800000,3001005
10.073980,10.740000,2019-06-13,10.820000,10.470000,10.590000,2282092
9.773825,10.420000,2019-06-14,10.860000,10.400000,10.800000,2233568
9.783204,10.430000,2019-06-17,10.560000,10.370000,10.400000,1257852
9.811344,10.460000,2019-06-18,10.510000,10.320000,10.430000,1015727
9.923902,10.580000,2019-06-19,10.740000,10.560000,10.640000,2170249
10.008321,10.670000,2019-06-20,10.730000,10.430000,10.590000,3341993
10.233438,10.910000,2019-06-21,11.040000,10.680000,10.780000,5163222
10.289717,10.970000,2019-06-24,11.010000,10.860000,10.880000,2191396
10.120880,10.790000,2019-06-25,10.990000,10.620000,10.910000,2854000
10.345997,11.030000,2019-06-26,11.070000,10.700000,10.700000,2626782
10.852509,11.570000,2019-06-27,11.590000,11.020000,11.060000,5265517
10.629646,10.970000,2019-06-28,11.250000,10.840000,11.100000,5452597
11.036615,11.390000,2019-07-01,11.650000,10.890000,11.080000,8078127
10.804060,11.150000,2019-07-02,11.340000,11.110000,11.300000,4219131
10.619956,10.960000,2019-07-03,11.050000,10.810000,11.000000,3335542
10.484300,10.820000,2019-07-04,11.040000,10.810000,10.960000,1731491
10.455230,10.790000,2019-07-05,10.860000,10.700000,10.860000,1729674
10.009501,10.330000,2019-07-08,10.780000,10.300000,10.750000,2964999
10.600575,10.940000,2019-07-09,11.050000,10.180000,10.310000,6322779
10.251745,10.580000,2019-07-10,10.880000,10.510000,10.800000,4106703
10.590887,10.930000,2019-07-11,11.050000,10.630000,10.650000,6403819
11.104443,11.460000,2019-07-12,12.020000,10.960000,10.960000,16822875
11.230410,11.590000,2019-07-15,11.980000,11.020000,11.260000,13617790
11.743965,12.120000,2019-07-16,12.350000,11.090000,11.360000,20439797
11.521102,11.890000,2019-07-17,12.190000,11.720000,11.950000,16181804
11.036615,11.390000,2019-07-18,11.750000,11.380000,11.680000,10129754
11.026925,11.380000,2019-07-19,11.630000,11.320000,11.410000,7679960
10.154848,10.480000,2019-07-22,11.390000,10.400000,11.390000,8858453
10.222676,10.550000,2019-07-23,10.600000,10.410000,10.440000,3761717
10.464920,10.800000,2019-07-24,10.960000,10.530000,10.530000,5982002
10.222676,10.550000,2019-07-25,10.780000,10.450000,10.710000,5217744
10.183918,10.510000,2019-07-26,10.610000,10.450000,10.600000,2624720
10.135469,10.460000,2019-07-29,10.550000,10.420000,10.520000,2592174
10.261436,10.590000,2019-07-30,10.650000,10.450000,10.470000,3318042
9.999812,10.320000,2019-07-31,10.590000,10.300000,10.590000,3323480
10.077330,10.400000,2019-08-01,10.460000,10.220000,10.350000,2760529
10.009501,10.330000,2019-08-02,10.550000,10.060000,10.180000,3606181
9.786638,10.100000,2019-08-05,10.310000,10.080000,10.220000,3289257
9.050219,9.340000,2019-08-06,9.950000,9.120000,9.950000,7224343
9.059908,9.350000,2019-08-07,9.590000,9.350000,9.440000,3640668
9.059908,9.350000,2019-08-08,9.450000,9.190000,9.350000,3036262
8.875802,9.160000,2019-08-09,9.450000,9.140000,9.390000,2839957
8.982389,9.270000,2019-08-12,9.290000,9.010000,9.190000,2591975
9.059908,9.350000,2019-08-13,9.590000,9.110000,9.180000,4417394
9.011459,9.300000,2019-08-14,9.490000,9.270000,9.410000,3135066
9.030838,9.320000,2019-08-15,9.390000,8.950000,9.050000,4288301
8.914561,9.200000,2019-08-16,9.370000,9.200000,9.320000,2649450
9.166494,9.460000,2019-08-19,9.490000,9.260000,9.270000,3827286
9.147115,9.440000,2019-08-20,9.650000,9.390000,9.480000,3791062
9.369980,9.670000,2019-08-21,9.890000,9.400000,9.430000,5271080
9.273082,9.570000,2019-08-22,9.690000,9.490000,9.690000,3126933
9.147115,9.440000,2019-08-23,9.600000,9.380000,9.570000,3047332
9.069597,9.360000,2019-08-26,9.420000,9.210000,9.320000,2818583
9.282772,9.580000,2019-08-27,9.600000,9.380000,9.400000,2856002
9.360289,9.660000,2019-08-28,9.730000,9.530000,9.620000,2943349
9.321530,9.620000,2019-08-29,9.810000,9.610000,9.730000,3355123
9.214943,9.510000,2019-08-30,9.730000,9.380000,9.630000,2873375
9.360289,9.660000,2019-09-02,9.690000,9.460000,9.500000,2772637
9.466876,9.770000,2019-09-03,9.770000,9.620000,9.680000,3471020
9.466876,9.770000,2019-09-04,9.780000,9.640000,9.750000,3222671
9.525015,9.830000,2019-09-05,9.950000,9.800000,9.810000,4869543
9.825398,10.140000,2019-09-06,10.270000,9.750000,9.850000,9020360
9.931985,10.250000,2019-09-09,10.300000,9.980000,10.180000,6978986
10.251745,10.580000,2019-09-10,10.680000,10.180000,10.250000,9320095
10.135469,10.460000,2019-09-11,10.660000,10.420000,10.600000,5416283
10.261436,10.590000,2019-09-12,10.680000,10.530000,10.530000,4137384
10.445540,10.780000,2019-09-16,10.950000,10.630000,10.630000,5033178
10.067640,10.390000,2019-09-17,10.780000,10.330000,10.780000,6277832
10.154848,10.480000,2019-09-18,10.560000,10.400000,10.500000,3318702
10.290504,10.620000,2019-09-19,10.720000,10.400000,10.480000,4441557
10.755612,11.100000,2019-09-20,11.150000,10.370000,10.580000,12245856
10.329263,10.660000,2019-09-23,10.990000,10.580000,10.990000,7221386
10.183918,10.510000,2019-09-24,10.700000,10.420000,10.660000,4099563
9.922294,10.240000,2019-09-25,10.510000,10.240000,10.510000,3292105
9.583154,9.890000,2019-09-26,10.340000,9.890000,10.310000,3349070
9.786638,10.100000,2019-09-27,10.150000,9.880000,9.880000,1923301
9.854467,10.170000,2019-09-30,10.360000,10.000000,10.050000,1818855
9.699431,10.010000,2019-10-08,10.230000,9.970000,10.200000,2517767
9.728499,10.040000,2019-10-09,10.040000,9.790000,9.930000,2083958
9.757567,10.070000,2019-10-10,10.120000,9.960000,10.050000,1570041
9.728499,10.040000,2019-10-11,10.110000,9.950000,10.110000,1399700
10.019192,10.340000,2019-10-14,10.740000,10.280000,10.320000,4658343
9.912604,10.230000,2019-10-15,10.310000,10.130000,10.260000,2807192
9.738190,10.050000,2019-10-16,10.250000,10.050000,10.230000,2415247
9.747880,10.060000,2019-10-17,10.190000,9.990000,10.050000,1536929
9.670360,9.980000,2019-10-18,10.090000,9.950000,10.030000,1401634
9.525015,9.830000,2019-10-21,9.960000,9.760000,9.960000,1896178
9.554085,9.860000,2019-10-22,9.890000,9.780000,9.870000,1288343
9.495946,9.800000,2019-10-23,9.900000,9.780000,9.900000,1074130
9.515324,9.820000,2019-10-24,9.850000,9.720000,9.730000,716425
9.612223,9.920000,2019-10-25,9.920000,9.820000,9.880000,982907
9.873845,10.190000,2019-10-28,10.210000,9.900000,9.920000,2501890
9.747880,10.060000,2019-10-29,10.200000,10.050000,10.190000,1551221
9.554085,9.860000,2019-10-30,10.060000,9.850000,10.010000,1631868
9.573464,9.880000,2019-10-31,10.090000,9.850000,9.910000,1576459
9.583154,9.890000,2019-11-01,9.950000,9.840000,9.950000,1785198
9.573464,9.880000,2019-11-04,9.950000,9.830000,9.890000,1512373
9.476565,9.780000,2019-11-05,9.900000,9.730000,9.900000,1492620
9.447497,9.750000,2019-11-06,9.840000,9.740000,9.830000,976770
9.408738,9.710000,2019-11-07,9.810000,9.640000,9.750000,1790942
9.379669,9.680000,2019-11-08,9.790000,9.660000,9.710000,1167952
9.137426,9.430000,2019-11-11,9.730000,9.400000,9.720000,1732046
9.108356,9.400000,2019-11-12,9.490000,9.350000,9.470000,932181
9.108356,9.400000,2019-11-13,9.500000,9.360000,9.500000,794800
9.118046,9.410000,2019-11-14,9.470000,9.360000,9.400000,1388148
8.933941,9.220000,2019-11-15,9.420000,9.200000,9.400000,1728336
8.914561,9.200000,2019-11-18,9.310000,9.090000,9.230000,1449605
9.098667,9.390000,2019-11-19,9.390000,9.180000,9.230000,1838318
9.069597,9.360000,2019-11-20,9.440000,9.350000,9.380000,1092920
9.137426,9.430000,2019-11-21,9.510000,9.350000,9.360000,1307328
8.972699,9.260000,2019-11-22,9.510000,9.220000,9.470000,1530513
8.963010,9.250000,2019-11-25,9.350000,9.160000,9.260000,991901
8.953320,9.240000,2019-11-26,9.310000,9.210000,9.240000,910640
8.885492,9.170000,2019-11-27,9.280000,9.170000,9.280000,1150101
8.895183,9.180000,2019-11-28,9.240000,9.130000,9.150000,893606
9.108356,9.400000,2019-11-29,9.560000,9.230000,9.300000,4377827
8.904871,9.190000,2019-12-02,9.280000,9.100000,9.260000,2598611
8.817664,9.100000,2019-12-03,9.190000,9.060000,9.150000,1822445
8.827353,9.110000,2019-12-04,9.160000,9.000000,9.080000,1901574
8.914561,9.200000,2019-12-05,9.320000,9.130000,9.320000,1690773
9.069597,9.360000,2019-12-06,9.390000,9.180000,9.230000,3306751
9.050219,9.340000,2019-12-09,9.410000,9.290000,9.340000,2412672
9.059908,9.350000,2019-12-10,9.400000,9.250000,9.330000,1663497
9.079287,9.370000,2019-12-11,9.430000,9.320000,9.350000,1932159
9.127735,9.420000,2019-12-12,9.490000,9.300000,9.370000,2649690
9.108356,9.400000,2019-12-13,9.470000,9.330000,9.430000,2937364
9.185873,9.480000,2019-12-16,9.490000,9.380000,9.430000,2524841
9.302152,9.600000,2019-12-17,9.680000,9.450000,9.490000,4078215
9.282772,9.580000,2019-12-18,9.690000,9.530000,9.570000,2122352
9.321530,9.620000,2019-12-19,9.660000,9.520000,9.560000,1925878
9.205254,9.500000,2019-12-20,9.640000,9.490000,9.610000,2134494
8.963010,9.250000,2019-12-23,9.530000,9.250000,9.470000,2196623
9.040528,9.330000,2019-12-24,9.350000,9.250000,9.290000,1703861
9.137426,9.430000,2019-12-25,9.510000,9.270000,9.340000,2527625
10.048261,10.370000,2019-12-26,10.370000,9.400000,9.420000,15573832
9.835087,10.150000,2019-12-27,10.480000,10.000000,10.390000,15060320
9.806018,10.120000,2019-12-30,10.420000,10.030000,10.200000,7975319
9.844776,10.160000,2019-12-31,10.190000,10.050000,10.100000,5379225
9.864156,10.180000,2020-01-02,10.260000,10.060000,10.220000,6483965
10.145159,10.470000,2020-01-03,10.770000,10.100000,10.180000,10632629
10.077330,10.400000,2020-01-06,10.530000,10.290000,10.370000,6296826
10.348644,10.680000,2020-01-07,10.750000,10.360000,10.440000,7990152
9.951365,10.270000,2020-01-08,10.270000,10.270000,10.270000,6581636
10.116089,10.440000,2020-01-09,10.540000,10.340000,10.360000,3929312
9.980433,10.300000,2020-01-10,10.600000,10.280000,10.420000,3297738
10.019192,10.340000,2020-01-13,10.340000,10.340000,10.340000,3894525
9.951365,10.270000,2020-01-14,10.270000,10.270000,10.270000,3085800
9.931985,10.250000,2020-01-15,10.330000,10.140000,10.270000,2833436
9.980433,10.300000,2020-01-16,10.350000,10.150000,10.210000,3339840
10.445540,10.780000,2020-01-17,10.980000,10.240000,10.300000,11145379
10.309884,10.640000,2020-01-20,10.720000,10.510000,10.660000,6619090
10.358333,10.690000,2020-01-21,10.980000,10.560000,10.600000,6302017
10.542439,10.880000,2020-01-22,10.900000,10.510000,10.540000,5530605
10.242056,10.570000,2020-01-23,11.020000,10.440000,10.760000,6452276
9.689740,10.000000,2020-02-03,10.370000,9.510000,9.880000,14786614
10.658714,11.000000,2020-02-04,11.000000,10.390000,10.390000,12282190
11.724586,12.100000,2020-02-05,12.100000,11.610000,11.930000,11535976
12.897044,13.310000,2020-02-06,13.310000,13.310000,13.310000,3129517
14.185781,14.640000,2020-02-07,14.640000,14.640000,14.640000,3812172
14.747786,15.220000,2020-02-10,16.100000,13.270000,16.100000,71416335
14.127642,14.580000,2020-02-11,16.660000,14.430000,15.900000,61612714
14.844682,15.320000,2020-02-12,15.980000,14.180000,14.180000,51462621
13.730362,14.170000,2020-02-13,15.220000,13.940000,15.030000,39024792
13.178047,13.600000,2020-02-14,14.300000,13.380000,14.070000,26647320
13.265254,13.690000,2020-02-17,13.850000,13.180000,13.400000,19042230
14.001675,14.450000,2020-02-18,14.630000,13.400000,13.800000,31824553
13.003632,13.420000,2020-02-19,14.500000,13.330000,14.480000,24904827
12.809837,13.220000,2020-02-20,13.560000,12.860000,13.410000,19543850
13.023010,13.440000,2020-02-21,13.500000,12.930000,13.010000,16297357
13.701294,14.140000,2020-02-24,14.490000,13.500000,13.700000,23030207
13.468740,13.900000,2020-02-25,14.560000,13.380000,13.940000,19635964
13.013322,13.430000,2020-02-26,13.980000,13.300000,13.500000,11566942
13.769122,14.210000,2020-02-27,14.390000,13.460000,13.600000,16923416
13.178047,13.600000,2020-02-28,14.630000,13.500000,13.800000,19818691
13.255566,13.680000,2020-03-02,13.900000,13.010000,13.580000,14132469
13.827260,14.270000,2020-03-03,14.800000,13.850000,13.860000,17694933
13.265254,13.690000,2020-03-04,14.400000,13.350000,14.260000,13292714
13.197426,13.620000,2020-03-05,14.000000,13.250000,13.700000,12189479
12.906734,13.320000,2020-03-06,13.570000,13.000000,13.550000,10592415
12.296281,12.690000,2020-03-09,13.430000,12.660000,13.320000,9153069
12.286592,12.680000,2020-03-10,12.740000,12.140000,12.420000,8784232
11.995899,12.380000,2020-03-11,12.920000,12.350000,12.620000,6516228
11.811793,12.190000,2020-03-12,12.350000,11.960000,12.350000,6338052
11.821484,12.200000,2020-03-13,12.320000,11.530000,11.720000,6181096
11.385446,11.750000,2020-03-16,12.430000,11.700000,12.380000,6335402
11.559861,11.930000,2020-03-17,11.940000,11.330000,11.750000,5270926
11.869932,12.250000,2020-03-18,12.810000,12.000000,12.000000,10393765
12.054036,12.440000,2020-03-19,12.570000,11.810000,12.300000,8943742
11.947450,12.330000,2020-03-20,12.750000,12.120000,12.700000,5736370
11.336996,11.700000,2020-03-23,12.240000,11.700000,12.120000,3953005
11.375755,11.740000,2020-03-24,12.060000,11.430000,11.890000,4721516
11.559861,11.930000,2020-03-25,12.100000,11.790000,12.060000,3455288
11.346685,11.710000,2020-03-26,11.910000,11.660000,11.910000,2562061
11.336996,11.700000,2020-03-27,11.930000,11.690000,11.930000,2017103
10.891270,11.240000,2020-03-30,11.590000,11.150000,11.400000,3974521
10.891270,11.240000,2020-03-31,11.480000,11.220000,11.340000,2307300
10.959097,11.310000,2020-04-01,11.470000,11.160000,11.190000,2095141
11.298238,11.660000,2020-04-02,11.690000,11.150000,11.300000,3187194
11.269168,11.630000,2020-04-03,11.790000,11.580000,11.790000,2458944
11.492033,11.860000,2020-04-07,12.280000,11.690000,11.830000,5667130
11.385446,11.750000,2020-04-08,11.860000,11.660000,11.860000,2397934
11.433895,11.800000,2020-04-09,11.920000,11.730000,11.770000,2465439
10.978477,11.330000,2020-04-10,11.880000,11.270000,11.800000,4362561
11.046305,11.400000,2020-04-13,11.460000,11.100000,11.250000,2417072
11.172272,11.530000,2020-04-14,11.580000,11.300000,11.460000,2344701
11.104443,11.460000,2020-04-15,11.660000,11.450000,11.560000,2076569
11.094753,11.450000,2020-04-16,11.510000,11.200000,11.200000,2632081
10.930028,11.280000,2020-04-17,11.610000,11.250000,11.530000,2731299
10.949407,11.300000,2020-04-20,11.380000,11.230000,11.300000,2118695
10.871889,11.220000,2020-04-21,11.380000,11.080000,11.380000,2931541
10.852509,11.200000,2020-04-22,11.280000,11.040000,11.220000,2703611
11.298238,11.660000,2020-04-23,11.720000,11.200000,11.240000,5662600
11.918381,12.300000,2020-04-24,12.630000,11.580000,11.680000,14252520
12.015279,12.400000,2020-04-27,12.620000,12.090000,12.480000,11502371
11.947450,12.330000,2020-04-28,12.590000,11.920000,12.390000,6892182
12.344729,12.740000,2020-04-29,12.930000,12.290000,12.400000,8938152
11.995899,12.380000,2020-04-30,12.880000,12.360000,12.820000,8360074
12.228454,12.620000,2020-05-06,12.680000,12.010000,12.300000,7790323
12.024968,12.410000,2020-05-07,12.670000,12.310000,12.670000,6324188
11.928071,12.310000,2020-05-08,12.480000,12.180000,12.430000,5592612
11.705207,12.080000,2020-05-11,12.390000,12.000000,12.340000,4946008
11.811793,12.190000,2020-05-12,12.240000,11.880000,12.120000,3308940
11.869932,12.250000,2020-05-13,12.290000,12.020000,12.180000,3043170
11.743965,12.120000,2020-05-14,12.330000,12.040000,12.150000,3145398
11.869932,12.250000,2020-05-15,12.330000,12.020000,12.120000,2951928
11.617998,11.990000,2020-05-18,12.250000,11.920000,12.250000,2938637
11.453274,11.820000,2020-05-19,12.100000,11.800000,12.010000,3214202
11.143201,11.500000,2020-05-20,11.860000,11.490000,11.860000,3066045
11.133512,11.490000,2020-05-21,11.690000,11.430000,11.500000,2082163
11.181961,11.540000,2020-05-22,11.580000,11.330000,11.530000,2030384
11.055993,11.410000,2020-05-25,11.580000,11.330000,11.450000,1392090
11.550170,11.920000,2020-05-26,12.440000,11.830000,12.000000,7779193
11.414514,11.780000,2020-05-27,11.980000,11.610000,11.910000,3921656
11.172272,11.530000,2020-05-28,11.740000,11.440000,11.700000,3064021
11.172272,11.530000,2020-05-29,11.600000,11.450000,11.550000,1812902
11.395134,11.760000,2020-06-01,11.910000,11.540000,11.540000,3856076
11.433895,11.800000,2020-06-02,11.850000,11.630000,11.780000,2616024
11.336996,11.700000,2020-06-03,11.830000,11.680000,11.820000,2285970
11.336996,11.700000,2020-06-04,11.790000,11.630000,11.750000,2659606
11.395134,11.760000,2020-06-05,12.110000,11.700000,11.700000,5329774
11.404825,11.770000,2020-06-08,11.850000,11.700000,11.820000,2279158
11.550170,11.920000,2020-06-09,11.920000,11.730000,11.790000,3010201
11.404825,11.770000,2020-06-10,11.930000,11.730000,11.860000,2344544
11.046305,11.400000,2020-06-11,11.790000,11.340000,11.780000,5755283
11.026925,11.380000,2020-06-12,11.530000,11.200000,11.270000,2292433
10.930028,11.280000,2020-06-15,11.480000,11.220000,11.410000,2393790
11.046305,11.400000,2020-06-16,11.420000,11.270000,11.350000,1958953
11.637379,12.010000,2020-06-17,12.060000,11.380000,11.460000,8262344
11.433895,11.800000,2020-06-18,12.190000,11.770000,11.910000,5129908
11.792414,12.170000,2020-06-19,12.400000,11.740000,11.740000,7790146
11.850552,12.230000,2020-06-22,12.450000,12.100000,12.280000,5261647
11.831174,12.210000,2020-06-23,12.430000,12.070000,12.160000,4716660
11.695517,12.070000,2020-06-24,12.260000,12.040000,12.210000,3393364
11.424204,11.790000,2020-06-29,12.130000,11.750000,12.030000,2649602
11.918381,12.300000,2020-06-30,12.520000,11.800000,11.800000,4888100
11.918381,12.300000,2020-07-01,12.390000,12.220000,12.290000,2503217
12.150934,12.540000,2020-07-02,12.750000,12.230000,12.290000,5666043
12.297450,12.590000,2020-07-03,12.840000,12.360000,12.400000,5127012
12.736992,13.040000,2020-07-06,13.140000,12.650000,12.650000,8857216
13.303515,13.620000,2020-07-07,13.860000,12.910000,13.090000,11201047
13.274213,13.590000,2020-07-08,13.670000,13.300000,13.450000,7229623
13.303515,13.620000,2020-07-09,13.970000,13.500000,13.600000,7774874
13.215607,13.530000,2020-07-10,13.870000,13.320000,13.620000,7390047
13.557474,13.880000,2020-07-13,13.970000,13.450000,13.560000,7661667
13.645383,13.970000,2020-07-14,14.400000,13.580000,13.840000,8773931
13.186304,13.500000,2020-07-15,14.050000,13.370000,13.900000,6134107
12.619781,12.920000,2020-07-16,13.760000,12.900000,13.520000,6220774
12.590478,12.890000,2020-07-17,13.090000,12.650000,13.030000,5254030
13.059325,13.370000,2020-07-20,13.780000,12.950000,12.950000,6472553
13.410959,13.730000,2020-07-21,13.930000,13.260000,13.360000,7126564
13.616079,13.940000,2020-07-22,14.090000,13.630000,13.660000,6700202
13.479333,13.800000,2020-07-23,14.070000,13.580000,13.790000,5278373
12.815135,13.120000,2020-07-24,14.030000,13.020000,13.880000,5890117
12.776064,13.080000,2020-07-27,13.300000,12.980000,13.260000,4180547
13.479333,13.800000,2020-07-28,13.880000,13.070000,13.080000,7978148
13.860270,14.190000,2020-07-29,14.330000,13.640000,13.790000,8388184
13.762594,14.090000,2020-07-30,14.550000,14.000000,14.150000,9538692
14.016554,14.350000,2020-07-31,14.400000,13.910000,14.110000,8420464
15.237508,15.600000,2020-08-03,15.790000,14.420000,14.430000,19436717
15.882171,16.260000,2020-08-04,16.469999,15.550000,15.700000,17974057
16.067757,16.450001,2020-08-05,16.549999,15.940000,16.299999,13077286
16.761259,17.160000,2020-08-06,17.430000,16.330000,16.440001,14437431
16.477997,16.870001,2020-08-07,17.520000,16.549999,17.170000,13358588
16.751488,17.150000,2020-08-10,17.469999,16.700001,16.740000,9361560
16.116594,16.500000,2020-08-11,17.360001,16.400000,17.200001,10710378
16.224039,16.610001,2020-08-12,16.760000,16.059999,16.270000,8784757
16.790560,17.190001,2020-08-13,17.430000,16.540001,16.639999,7952762
16.575672,16.969999,2020-08-14,17.340000,16.700001,17.150000,7396256
16.946842,17.350000,2020-08-17,17.770000,16.830000,17.129999,11007648
17.122660,17.530001,2020-08-18,17.700001,17.209999,17.299999,6162335
16.771025,17.170000,2020-08-19,17.780001,16.969999,17.500000,7117798
16.360785,16.750000,2020-08-20,17.290001,16.670000,16.830000,6192004
16.253340,16.639999,2020-08-21,17.070000,16.480000,16.959999,7048363
16.351015,16.740000,2020-08-24,16.930000,16.440001,16.660000,3912458
16.653812,17.049999,2020-08-25,17.480000,16.760000,16.910000,7314030
16.165432,16.549999,2020-08-26,17.190001,16.490000,16.850000,5130300
15.813798,16.190001,2020-08-27,16.719999,16.100000,16.600000,5648242
16.351015,16.740000,2020-08-28,16.799999,16.190001,16.340000,4740444
15.589141,15.960000,2020-08-31,16.889999,15.940000,16.830000,8861543
14.895639,15.250000,2020-09-01,16.080000,15.020000,16.000000,13116811
14.846801,15.200000,2020-09-02,15.760000,15.100000,15.390000,8463471
14.290047,14.630000,2020-09-03,15.250000,14.600000,15.180000,8261213
14.182604,14.520000,2020-09-04,14.790000,14.420000,14.610000,4597851
13.528172,13.850000,2020-09-07,14.700000,13.750000,14.550000,7081748
13.479333,13.800000,2020-09-08,14.120000,13.500000,13.980000,6564401
13.010487,13.320000,2020-09-09,14.000000,13.280000,13.890000,7886407
12.815135,13.120000,2020-09-10,13.600000,13.060000,13.520000,5521897
12.844437,13.150000,2020-09-11,13.190000,13.010000,13.030000,3340402
12.951881,13.260000,2020-09-14,13.760000,13.060000,13.220000,6154163
13.010487,13.320000,2020-09-15,13.640000,13.100000,13.270000,5941006
12.727225,13.030000,2020-09-16,13.500000,12.920000,13.500000,6404920
12.854205,13.160000,2020-09-17,13.230000,12.850000,13.010000,4329855
12.922578,13.230000,2020-09-18,13.230000,12.810000,13.160000,3682205
12.746760,13.050000,2020-09-21,13.270000,12.960000,13.220000,3235721
12.463500,12.760000,2020-09-22,13.030000,12.500000,12.960000,3501826
12.395124,12.690000,2020-09-23,12.900000,12.540000,12.790000,3213087
12.131399,12.420000,2020-09-24,12.620000,12.350000,12.550000,3519079
12.453732,12.750000,2020-09-25,12.790000,12.220000,12.500000,3912146
11.818836,12.100000,2020-09-28,12.840000,12.060000,12.740000,5525606
12.268147,12.560000,2020-09-29,12.920000,12.090000,12.100000,6002221
12.092330,12.380000,2020-09-30,12.780000,12.320000,12.760000,3464800
12.639317,12.940000,2020-10-09,13.050000,12.530000,12.530000,4103474
12.795600,13.100000,2020-10-12,13.250000,12.950000,13.000000,4378451
12.863973,13.170000,2020-10-13,13.300000,12.940000,13.140000,3485123
12.727225,13.030000,2020-10-14,13.240000,12.960000,13.200000,2910161
13.000719,13.310000,2020-10-15,13.400000,12.930000,13.080000,5813189
13.440263,13.760000,2020-10-16,13.830000,13.160000,13.280000,6271677
13.176536,13.490000,2020-10-19,13.770000,13.440000,13.770000,3334660
13.264444,13.580000,2020-10-20,13.650000,13.370000,13.500000,2661658
13.586777,13.910000,2020-10-21,14.530000,13.490000,13.580000,7762066
13.557474,13.880000,2020-10-22,14.050000,13.730000,13.930000,2746145
13.264444,13.580000,2020-10-23,14.290000,13.570000,13.920000,3700197
13.967715,14.300000,2020-10-26,14.400000,13.270000,13.640000,6554492
14.026321,14.360000,2020-10-27,14.580000,14.050000,14.210000,5690498
13.987250,14.320000,2020-10-28,14.540000,14.160000,14.300000,3295861
14.104462,14.440000,2020-10-29,14.500000,14.150000,14.210000,3386809
14.211905,14.550000,2020-10-30,15.190000,14.370000,14.450000,8441710
13.567242,13.890000,2020-11-02,14.900000,13.300000,14.700000,12979764
14.065391,14.400000,2020-11-03,14.550000,13.770000,13.820000,6827882
13.655149,13.980000,2020-11-04,14.520000,13.870000,14.500000,4510129
13.655149,13.980000,2020-11-05,14.200000,13.830000,14.030000,3619540
13.274213,13.590000,2020-11-06,14.080000,13.580000,14.020000,3657348
13.332819,13.650000,2020-11-09,13.980000,13.550000,13.830000,5003809
12.922578,13.230000,2020-11-10,13.740000,13.010000,13.650000,5484512
12.785831,13.090000,2020-11-11,13.480000,13.070000,13.130000,3178283
13.020254,13.330000,2020-11-12,13.360000,13.030000,13.090000,2138388
12.893275,13.200000,2020-11-13,13.250000,13.060000,13.240000,1579542
13.137466,13.450000,2020-11-16,13.550000,13.210000,13.300000,2503134
12.844437,13.150000,2020-11-17,13.430000,12.990000,13.420000,3226266
12.824902,13.130000,2020-11-18,13.270000,13.000000,13.140000,2221646
12.639317,12.940000,2020-11-19,13.130000,12.880000,13.060000,2237157
12.961650,13.270000,2020-11-20,13.330000,12.940000,12.960000,2483265
13.137466,13.450000,2020-11-23,13.680000,13.210000,13.250000,4058600
13.459797,13.780000,2020-11-24,13.970000,13.280000,13.430000,5739891
13.362122,13.680000,2020-11-25,14.100000,13.630000,13.830000,3273175
13.166769,13.480000,2020-11-26,13.750000,13.380000,13.730000,2541754
13.469565,13.790000,2020-11-27,13.900000,13.270000,13.500000,3329873
13.137466,13.450000,2020-11-30,13.950000,13.390000,13.820000,4207848
13.186304,13.500000,2020-12-01,13.590000,13.400000,13.400000,2268966
13.215607,13.530000,2020-12-02,13.700000,13.440000,13.510000,2442888
13.205840,13.520000,2020-12-03,13.700000,13.420000,13.530000,2581380
13.186304,13.500000,2020-12-04,13.750000,13.400000,13.540000,2172292
13.078861,13.390000,2020-12-07,13.530000,13.350000,13.500000,1947920
12.610013,12.910000,2020-12-08,13.440000,12.710000,13.440000,5619501
12.424429,12.720000,2020-12-09,13.000000,12.620000,12.940000,2987911
12.610013,12.910000,2020-12-10,13.220000,12.580000,12.690000,3446894
12.805367,13.110000,2020-12-11,13.210000,12.750000,12.890000,2745929
12.834670,13.140000,2020-12-14,13.250000,12.990000,13.090000,1729830
13.244911,13.560000,2020-12-15,13.880000,13.030000,13.140000,7286169
13.078861,13.390000,2020-12-16,13.610000,13.300000,13.610000,2707480
13.450030,13.770000,2020-12-17,13.880000,13.220000,13.370000,4883691
13.401193,13.720000,2020-12-18,13.830000,13.620000,13.760000,2091490
13.176536,13.490000,2020-12-21,13.850000,13.400000,13.700000,3595464
13.157002,13.470000,2020-12-22,13.920000,13.380000,13.440000,3526818
13.479333,13.800000,2020-12-23,13.950000,13.420000,13.470000,4391709
14.114230,14.450000,2020-12-24,14.650000,13.610000,13.750000,10169778
13.879807,14.210000,2020-12-25,14.450000,14.120000,14.450000,4599869
13.528172,13.850000,2020-12-28,14.440000,13.800000,14.170000,4110211
13.166769,13.480000,2020-12-29,14.080000,13.480000,13.850000,4432802
13.205840,13.520000,2020-12-30,13.770000,13.300000,13.490000,2933421
13.108163,13.420000,2020-12-31,13.680000,13.100000,13.600000,6088166
13.430494,13.750000,2021-01-04,14.050000,13.330000,13.500000,6187173
14.016554,14.350000,2021-01-05,14.410000,13.530000,13.740000,7320299
13.948179,14.280000,2021-01-06,14.430000,14.010000,14.300000,5011654
13.586777,13.910000,2021-01-07,14.300000,13.690000,14.280000,4072661
13.420728,13.740000,2021-01-08,14.180000,13.650000,13.770000,4007138
12.805367,13.110000,2021-01-11,13.700000,13.090000,13.700000,5574174
12.912810,13.220000,2021-01-12,13.370000,12.900000,13.100000,2533786
12.531873,12.830000,2021-01-13,13.300000,12.650000,13.300000,4295093
12.443964,12.740000,2021-01-14,12.910000,12.660000,12.770000,2028640
12.258379,12.550000,2021-01-15,12.930000,12.420000,12.750000,2765918
12.238843,12.530000,2021-01-18,12.670000,12.490000,12.560000,2115212
12.033724,12.320000,2021-01-19,12.560000,12.300000,12.530000,2494090
12.150934,12.440000,2021-01-20,12.440000,12.270000,12.320000,1819305
12.160703,12.450000,2021-01-21,12.530000,12.310000,12.390000,1856350
12.346288,12.640000,2021-01-22,12.930000,12.260000,12.420000,3133965
12.180239,12.470000,2021-01-25,12.840000,12.450000,12.640000,2202725
12.082561,12.370000,2021-01-26,12.780000,12.110000,12.480000,2663971
12.033724,12.320000,2021-01-27,12.490000,12.250000,12.320000,1345089
11.867674,12.150000,2021-01-28,12.440000,12.100000,12.300000,1630531
11.389059,11.660000,2021-01-29,12.250000,11.450000,12.200000,2861400
11.662554,11.940000,2021-02-01,12.060000,11.290000,11.620000,3015606
11.711391,11.990000,2021-02-02,12.160000,11.820000,11.940000,1504491
11.389059,11.660000,2021-02-03,12.040000,11.570000,11.820000,2030152
11.125334,11.390000,2021-02-04,11.650000,11.270000,11.610000,1652850
10.959284,11.220000,2021-02-05,11.590000,11.210000,11.500000,1232141
10.803002,11.060000,2021-02-08,11.350000,11.010000,11.230000,1340190
11.037425,11.300000,2021-02-09,11.330000,11.060000,11.090000,1574257
11.516039,11.790000,2021-02-10,11.930000,11.240000,11.280000,1867183
11.516039,11.790000,2021-02-18,11.990000,11.710000,11.920000,1409190
11.545341,11.820000,2021-02-19,11.890000,11.700000,11.730000,1935222
11.809068,12.090000,2021-02-22,12.430000,11.820000,11.830000,3867574
11.701624,11.980000,2021-02-23,12.190000,11.900000,12.100000,1965794
11.535574,11.810000,2021-02-24,12.270000,11.710000,12.050000,2016027
11.408595,11.680000,2021-02-25,11.930000,11.650000,11.860000,1856494
11.242545,11.510000,2021-02-26,11.690000,11.460000,11.560000,1691862
11.623482,11.900000,2021-03-01,12.060000,11.500000,11.500000,2747781
11.379292,11.650000,2021-03-02,11.900000,11.540000,11.900000,2460176
11.564877,11.840000,2021-03-03,11.860000,11.590000,11.630000,1254101
11.349989,11.620000,2021-03-04,11.990000,11.590000,11.800000,1787033
11.379292,11.650000,2021-03-05,11.750000,11.580000,11.680000,1267602
11.125334,11.390000,2021-03-08,11.760000,11.360000,11.700000,1653561
11.008123,11.270000,2021-03-09,11.530000,10.990000,11.340000,1696805
10.900679,11.160000,2021-03-10,11.350000,11.120000,11.350000,1041600
11.037425,11.300000,2021-03-11,11.480000,11.100000,11.160000,1406059
11.027658,11.290000,2021-03-12,11.380000,11.100000,11.300000,1063500
11.086264,11.350000,2021-03-15,11.510000,11.130000,11.130000,1418885
11.193707,11.460000,2021-03-16,11.550000,11.300000,11.340000,1512175
11.125334,11.390000,2021-03-17,11.540000,11.300000,11.460000,945522
10.851839,11.110000,2021-03-18,11.440000,11.100000,11.310000,2517401
10.822537,11.080000,2021-03-19,11.250000,10.990000,11.140000,1925563
11.154636,11.420000,2021-03-22,11.470000,11.110000,11.120000,2031525
11.105798,11.370000,2021-03-23,11.470000,11.290000,11.430000,1138370
10.929980,11.190000,2021-03-24,11.380000,11.130000,11.290000,1248283
10.939748,11.200000,2021-03-25,11.400000,11.120000,11.370000,1226456
10.949516,11.210000,2021-03-26,11.300000,11.150000,11.260000,1072191
11.056960,11.320000,2021-03-29,11.540000,11.190000,11.210000,1819011
10.812770,11.070000,2021-03-30,11.330000,11.000000,11.330000,2942419
10.822537,11.080000,2021-03-31,11.140000,11.040000,11.050000,807079
10.842072,11.100000,2021-04-01,11.280000,11.050000,11.160000,1215127
10.773699,11.030000,2021-04-02,11.100000,10.970000,11.100000,1468392
10.881144,11.140000,2021-04-06,11.170000,10.990000,11.040000,1264434
10.900679,11.160000,2021-04-07,11.170000,11.000000,11.080000,1467251
10.783466,11.040000,2021-04-08,11.150000,11.030000,11.150000,1139496
10.822537,11.080000,2021-04-09,11.100000,10.980000,11.000000,1044841
10.490438,10.740000,2021-04-12,11.110000,10.720000,11.070000,1868233
10.744396,11.000000,2021-04-13,11.260000,10.680000,10.770000,2784252
10.636953,10.890000,2021-04-14,10.950000,10.720000,10.950000,2060074
10.676023,10.930000,2021-04-15,11.080000,10.800000,10.860000,1189190
10.842072,11.100000,2021-04-16,11.180000,10.900000,11.000000,3823425
10.773699,11.030000,2021-04-19,11.150000,10.990000,11.110000,3819533
10.822537,11.080000,2021-04-20,11.190000,11.000000,11.090000,2560245
10.646720,10.900000,2021-04-21,11.070000,10.840000,11.040000,2665172
10.959284,11.220000,2021-04-22,11.280000,10.880000,10.940000,3951684
10.861608,11.120000,2021-04-23,11.290000,11.030000,11.200000,2071477
11.154636,11.420000,2021-04-26,11.750000,11.030000,11.030000,4314656
10.314621,10.560000,2021-04-27,11.340000,10.490000,11.250000,5359478
10.353690,10.600000,2021-04-28,10.990000,10.380000,10.380000,2725247
10.275550,10.520000,2021-04-29,10.670000,10.420000,10.610000,2293417
10.060661,10.300000,2021-04-30,10.620000,10.280000,10.520000,2006962
10.060661,10.300000,2021-05-06,10.400000,10.250000,10.290000,1843795
9.767633,10.000000,2021-05-07,10.310000,9.960000,10.300000,2338931
9.494140,9.720000,2021-05-10,10.040000,9.680000,9.900000,2549759
9.640654,9.870000,2021-05-11,9.900000,9.690000,9.720000,1207528
9.767633,10.000000,2021-05-12,10.040000,9.690000,9.800000,2033413
9.689492,9.920000,2021-05-13,10.160000,9.850000,9.900000,1959485
9.757865,9.990000,2021-05-14,10.200000,9.940000,9.940000,2024564
9.845774,10.080000,2021-05-17,10.280000,9.990000,10.020000,1823220
9.855542,10.090000,2021-05-18,10.130000,9.950000,10.080000,1215119
9.767633,10.000000,2021-05-19,10.130000,9.930000,10.110000,1310809
9.542977,9.770000,2021-05-20,10.000000,9.750000,10.000000,1714657
9.523442,9.750000,2021-05-21,9.900000,9.720000,9.820000,2377050
9.513675,9.740000,2021-05-24,9.820000,9.670000,9.820000,1517002
10.011824,10.250000,2021-05-25,10.260000,9.720000,9.790000,4699808
11.017889,11.280000,2021-05-26,11.280000,10.400000,10.400000,8268224
11.232778,11.500000,2021-05-27,12.290000,11.180000,12.140000,19536101
10.646720,10.900000,2021-05-28,11.520000,10.850000,11.420000,13537342
10.353690,10.600000,2021-05-31,10.860000,10.500000,10.860000,9477288
10.480669,10.730000,2021-06-01,10.940000,10.580000,10.670000,8493859
10.695558,10.950000,2021-06-02,11.300000,10.590000,10.700000,9104125
10.617417,10.870000,2021-06-03,11.140000,10.730000,10.950000,4799150
10.646720,10.900000,2021-06-04,11.270000,10.750000,10.810000,5125339
10.402529,10.650000,2021-06-07,11.040000,10.600000,10.850000,4578490
10.402529,10.650000,2021-06-08,10.750000,10.510000,10.710000,2914928
10.451366,10.700000,2021-06-09,10.700000,10.580000,10.660000,2301254
10.295085,10.540000,2021-06-10,10.740000,10.450000,10.680000,4544381
10.314621,10.560000,2021-06-11,10.710000,10.490000,10.500000,3347185
10.851839,11.110000,2021-06-15,11.380000,10.560000,10.560000,11642804
10.500204,10.750000,2021-06-16,10.980000,10.620000,10.930000,4737767
10.099732,10.340000,2021-06-17,10.700000,10.250000,10.700000,5626715
10.549044,10.800000,2021-06-18,11.060000,10.200000,10.330000,6350273
10.402529,10.650000,2021-06-21,10.990000,10.590000,10.990000,4225900
10.314621,10.560000,2021-06-22,10.720000,10.500000,10.650000,2852196
10.216944,10.460000,2021-06-23,10.590000,10.380000,10.500000,3636214
10.148570,10.390000,2021-06-24,10.480000,10.310000,10.460000,2270840
10.021591,10.260000,2021-06-25,10.460000,10.230000,10.390000,3633434
10.041126,10.280000,2021-06-28,10.480000,10.220000,10.260000,3382458
9.865310,10.100000,2021-06-29,10.360000,9.970000,10.280000,2854754
9.884845,10.120000,2021-06-30,10.160000,10.000000,10.140000,1756683
9.787169,10.020000,2021-07-01,10.260000,9.940000,10.120000,4153241
9.569895,9.690000,2021-07-02,10.040000,9.600000,10.040000,3451958
9.816795,9.940000,2021-07-05,10.070000,9.630000,9.700000,4054681
10.122953,10.250000,2021-07-06,10.800000,10.050000,10.050000,6639581
10.103202,10.230000,2021-07-07,10.400000,10.080000,10.140000,3621850
9.945185,10.070000,2021-07-08,10.380000,10.010000,10.300000,3660338
10.231590,10.360000,2021-07-09,10.400000,9.890000,9.950000,6356384
10.063697,10.190000,2021-07-12,10.510000,10.110000,10.460000,4610441
10.113077,10.240000,2021-07-13,10.300000,10.080000,10.150000,2466234
9.915557,10.040000,2021-07-14,10.290000,10.000000,10.200000,2829661
10.073573,10.200000,2021-07-15,10.300000,9.920000,10.010000,4090119
9.895804,10.020000,2021-07-16,10.200000,10.020000,10.200000,3295294
10.053823,10.180000,2021-07-19,10.210000,9.840000,9.950000,4199925
9.925432,10.050000,2021-07-20,10.140000,10.000000,10.080000,1630877
9.955061,10.080000,2021-07-21,10.150000,9.970000,10.110000,2770647
9.974813,10.100000,2021-07-22,10.410000,10.050000,10.050000,2962529
9.737787,9.860000,2021-07-23,10.100000,9.860000,10.100000,2994000
10.636509,10.770000,2021-07-26,10.850000,9.650000,9.940000,16005781
9.974813,10.100000,2021-07-27,10.790000,10.070000,10.790000,11449055
9.560019,9.680000,2021-07-28,10.100000,9.640000,10.090000,5164582
9.619275,9.740000,2021-07-29,9.900000,9.600000,9.700000,2528646
9.639028,9.760000,2021-07-30,9.830000,9.600000,9.700000,2158623
9.708159,9.830000,2021-08-02,9.890000,9.680000,9.700000,2651851
9.678531,9.800000,2021-08-03,10.030000,9.780000,9.820000,2822310
9.708159,9.830000,2021-08-04,9.910000,9.710000,9.800000,1573830
9.629150,9.750000,2021-08-05,9.840000,9.680000,9.840000,1945347
9.589647,9.710000,2021-08-06,9.780000,9.660000,9.740000,1353484
9.727912,9.850000,2021-08-09,9.920000,9.640000,9.680000,2596312
9.727912,9.850000,2021-08-10,9.970000,9.780000,9.850000,2474311
10.024193,10.150000,2021-08-11,10.280000,9.730000,9.790000,5930361
10.142706,10.270000,2021-08-12,10.440000,10.080000,10.140000,4172771
10.004441,10.130000,2021-08-13,10.270000,10.080000,10.270000,2490311
9.905681,10.030000,2021-08-16,10.190000,9.990000,10.110000,2224070
10.577252,10.710000,2021-08-17,11.030000,10.010000,10.010000,20346559
11.475973,11.620000,2021-08-18,11.700000,10.550000,10.710000,22289425
11.406840,11.550000,2021-08-19,12.000000,11.360000,11.380000,16123605
12.098165,12.250000,2021-08-20,12.420000,11.280000,11.350000,18093724
12.374693,12.530000,2021-08-23,12.950000,12.110000,12.300000,17048789
12.157420,12.310000,2021-08-24,12.330000,11.580000,12.200000,15836447
12.542586,12.700000,2021-08-25,13.290000,12.150000,12.270000,16930186
12.108040,12.260000,2021-08-26,13.000000,12.190000,12.690000,11214978
12.641347,12.800000,2021-08-27,12.930000,12.120000,12.130000,11264222
12.522835,12.680000,2021-08-30,12.920000,12.430000,12.660000,10620395
12.177173,12.330000,2021-08-31,12.790000,12.150000,12.500000,8687120
11.614239,11.760000,2021-09-01,12.550000,11.620000,12.500000,10021515
11.703122,11.850000,2021-09-02,12.280000,11.670000,11.860000,8183984
11.653742,11.800000,2021-09-03,12.010000,11.500000,11.940000,8892440
11.357460,11.500000,2021-09-06,11.720000,11.330000,11.700000,6922419
11.604362,11.750000,2021-09-07,11.840000,11.370000,11.500000,8085498
12.226553,12.380000,2021-09-08,12.890000,11.520000,11.750000,15961314
12.078411,12.230000,2021-09-09,12.800000,12.100000,12.200000,10356007
11.604362,11.750000,2021-09-10,12.400000,11.680000,12.260000,9223165
11.653742,11.800000,2021-09-13,12.030000,11.400000,11.660000,5780293
11.416718,11.560000,2021-09-14,11.860000,11.420000,11.770000,4517737
11.693247,11.840000,2021-09-15,11.970000,11.430000,11.560000,4758369
11.298203,11.440000,2021-09-16,11.960000,11.380000,11.850000,5700041
11.446345,11.590000,2021-09-17,12.080000,11.300000,11.420000,7997853
11.505601,11.650000,2021-09-22,12.200000,11.400000,11.400000,7092851
11.248824,11.390000,2021-09-23,11.800000,11.310000,11.700000,5829169
10.922915,11.060000,2021-09-24,11.510000,11.040000,11.500000,4694054
10.843904,10.980000,2021-09-27,11.310000,10.940000,11.140000,3697910
10.804401,10.940000,2021-09-28,11.110000,10.760000,11.110000,3709751
10.419235,10.550000,2021-09-29,10.980000,10.450000,10.890000,4074300
10.616756,10.750000,2021-09-30,10.870000,10.480000,10.630000,3518980
11.179691,11.320000,2021-10-08,11.390000,10.720000,10.900000,5361424
11.189567,11.330000,2021-10-11,11.550000,11.230000,11.400000,3843675
10.992046,11.130000,2021-10-12,11.440000,11.030000,11.410000,2215725
10.774774,10.910000,2021-10-13,11.870000,10.840000,11.850000,9875584
11.071055,11.210000,2021-10-14,11.460000,10.300000,10.700000,8514780
10.626633,10.760000,2021-10-15,11.290000,10.750000,11.200000,5038857
10.676013,10.810000,2021-10-18,10.980000,10.700000,10.760000,3761383
10.419235,10.550000,2021-10-19,10.860000,10.500000,10.810000,4166393
10.034069,10.160000,2021-10-20,10.590000,10.100000,10.560000,6278001
9.994565,10.120000,2021-10-21,10.330000,10.100000,10.160000,2941114
10.093326,10.220000,2021-10-22,10.250000,9.990000,10.130000,3539168
10.004441,10.130000,2021-10-25,10.300000,10.110000,10.200000,2210380
9.925432,10.050000,2021-10-26,10.180000,10.040000,10.130000,2023181
9.727912,9.850000,2021-10-27,10.160000,9.750000,10.050000,3007900
9.718036,9.840000,2021-10-28,9.970000,9.700000,9.850000,2069860
9.806921,9.930000,2021-10-29,10.030000,9.750000,9.850000,2864006
9.974813,10.100000,2021-11-01,10.240000,9.960000,10.030000,3411725
9.826672,9.950000,2021-11-02,10.200000,9.890000,10.120000,2098379
9.994565,10.120000,2021-11-03,10.190000,9.920000,9.920000,3465083
9.895804,10.020000,2021-11-04,10.140000,9.800000,10.140000,3083176
10.093326,10.220000,2021-11-05,10.400000,9.950000,10.020000,4769857
10.014318,10.140000,2021-11-08,10.220000,10.000000,10.220000,2639416
9.925432,10.050000,2021-11-09,10.160000,9.900000,10.140000,2886255
9.866176,9.990000,2021-11-10,10.110000,9.800000,10.050000,4834452
9.964937,10.090000,2021-11-11,10.220000,9.910000,9.980000,4181276
9.777291,9.900000,2021-11-12,10.140000,9.800000,10.100000,7225084
9.856300,9.980000,2021-11-15,10.030000,9.850000,9.930000,4793322
9.757541,9.880000,2021-11-16,10.040000,9.860000,10.020000,3339752
9.767416,9.890000,2021-11-17,9.970000,9.840000,9.860000,3153095
9.668655,9.790000,2021-11-18,9.980000,9.770000,9.910000,3912694
9.678531,9.800000,2021-11-19,9.840000,9.660000,9.770000,3866233
9.876052,10.000000,2021-11-22,10.150000,9.790000,9.800000,5891265
9.846424,9.970000,2021-11-23,10.060000,9.910000,9.990000,3759962
9.895804,10.020000,2021-11-24,10.090000,9.950000,9.970000,2451091
10.014318,10.140000,2021-11-25,10.210000,9.970000,10.030000,4919777
9.856300,9.980000,2021-11-26,10.180000,9.960000,10.090000,3268720
9.727912,9.850000,2021-11-29,9.980000,9.760000,9.870000,2601720
9.767416,9.890000,2021-11-30,10.000000,9.850000,9.870000,2987948
10.043945,10.170000,2021-12-01,10.190000,9.900000,9.900000,4903409
9.935309,10.060000,2021-12-02,10.310000,10.010000,10.190000,5026472
9.955061,10.080000,2021-12-03,10.150000,10.010000,10.050000,3177558
9.876052,10.000000,2021-12-06,10.140000,9.990000,10.090000,3481247
9.747663,9.870000,2021-12-07,10.060000,9.750000,10.050000,5909270
9.757541,9.880000,2021-12-08,9.920000,9.800000,9.870000,3048264
9.925432,10.050000,2021-12-09,10.130000,9.880000,9.880000,4440521
9.955061,10.080000,2021-12-10,10.110000,9.940000,10.070000,3372257
10.053823,10.180000,2021-12-13,10.240000,10.030000,10.090000,5466486
10.646384,10.780000,2021-12-14,11.200000,10.120000,10.190000,21011006
10.389607,10.520000,2021-12-15,10.950000,10.520000,10.650000,11089437
10.587129,10.720000,2021-12-16,10.890000,10.430000,10.520000,9242629
10.498244,10.630000,2021-12-17,10.720000,10.510000,10.660000,5127080
10.508121,10.640000,2021-12-20,10.850000,10.610000,10.640000,5736651
10.527872,10.660000,2021-12-21,10.720000,10.510000,10.520000,5404009
10.666137,10.800000,2021-12-22,10.950000,10.560000,10.630000,7100012
10.488367,10.620000,2021-12-23,10.800000,10.600000,10.760000,5627711
10.221714,10.350000,2021-12-24,10.740000,10.350000,10.630000,5228905
10.132831,10.260000,2021-12-27,10.420000,10.180000,10.300000,5080307
10.201962,10.330000,2021-12-28,10.560000,10.210000,10.210000,3953610
10.261219,10.390000,2021-12-29,10.470000,10.190000,10.380000,4074943
10.527872,10.660000,2021-12-30,10.740000,10.340000,10.410000,6167666
10.606880,10.740000,2021-12-31,10.880000,10.610000,10.650000,6430910
10.794525,10.930000,2022-01-04,11.050000,10.700000,10.770000,6620219
10.616756,10.750000,2022-01-05,11.050000,10.600000,10.890000,6430850
10.676013,10.810000,2022-01-06,10.900000,10.600000,10.810000,6698869
10.557500,10.690000,2022-01-07,11.100000,10.660000,10.730000,6232695
10.508121,10.640000,2022-01-10,10.730000,10.490000,10.630000,3525591
10.350103,10.480000,2022-01-11,10.740000,10.460000,10.660000,3905258
10.527872,10.660000,2022-01-12,10.720000,10.410000,10.490000,4119431
10.419235,10.550000,2022-01-13,10.750000,10.510000,10.650000,3223438
10.142706,10.270000,2022-01-14,10.640000,10.230000,10.620000,4484554
10.429112,10.560000,2022-01-17,10.620000,10.210000,10.310000,7142212
10.162457,10.290000,2022-01-18,10.670000,10.260000,10.570000,6584520
10.369855,10.500000,2022-01-19,10.650000,10.250000,10.250000,7361717
9.955061,10.080000,2022-01-20,10.570000,10.080000,10.570000,6582170
9.915557,10.040000,2022-01-21,10.250000,9.980000,10.150000,4255467
9.806921,9.930000,2022-01-24,10.050000,9.870000,10.020000,3102371
9.431630,9.550000,2022-01-25,9.980000,9.530000,9.930000,4955283
9.392126,9.510000,2022-01-26,9.710000,9.330000,9.630000,3730136
9.016836,9.130000,2022-01-27,9.540000,9.110000,9.520000,4219972
9.155101,9.270000,2022-01-28,9.380000,9.120000,9.130000,2738093
8.236628,8.340000,2022-02-07,8.800000,8.340000,8.410000,10973624
8.483529,8.590000,2022-02-08,8.680000,8.220000,8.290000,9954746
8.799562,8.910000,2022-02-09,8.930000,8.630000,8.730000,6589800
8.661298,8.770000,2022-02-10,8.950000,8.710000,8.950000,3374898
8.434149,8.540000,2022-02-11,8.810000,8.490000,8.710000,4956330
8.493405,8.600000,2022-02-14,8.730000,8.500000,8.500000,3662554
9.085968,9.200000,2022-02-15,9.460000,8.480000,8.610000,17859314
8.908199,9.020000,2022-02-16,9.180000,8.860000,9.000000,11916599
8.750182,8.860000,2022-02-17,9.120000,8.830000,8.970000,7255198
8.898323,9.010000,2022-02-18,9.160000,8.780000,8.790000,7238071
9.441506,9.560000,2022-02-21,9.700000,8.940000,9.010000,12374157
9.145225,9.260000,2022-02-22,9.570000,9.200000,9.540000,7169303
9.431630,9.550000,2022-02-23,9.920000,9.160000,9.260000,11021937
9.105721,9.220000,2022-02-24,9.640000,9.110000,9.640000,7481639
9.046464,9.160000,2022-02-25,9.310000,9.010000,9.210000,6570169
8.947704,9.060000,2022-02-28,9.150000,8.810000,9.150000,4894099
8.977332,9.090000,2022-03-01,9.230000,8.990000,9.120000,3636881
8.957579,9.070000,2022-03-02,9.170000,8.950000,9.030000,2935332
8.848943,8.960000,2022-03-03,9.220000,8.910000,9.060000,3946357
8.848943,8.960000,2022-03-04,9.060000,8.890000,8.950000,2643614
8.760058,8.870000,2022-03-07,9.110000,8.760000,8.950000,4218633
8.325513,8.430000,2022-03-08,8.920000,8.430000,8.870000,7556752
8.098363,8.200000,2022-03-09,8.540000,7.920000,8.440000,6259500
8.108239,8.210000,2022-03-10,8.480000,8.180000,8.390000,4134006
8.345264,8.450000,2022-03-11,8.450000,7.980000,8.160000,3784585
8.078611,8.180000,2022-03-14,8.580000,8.170000,8.550000,4354100
7.742826,7.840000,2022-03-15,8.210000,7.810000,8.090000,5202727
7.900842,8.000000,2022-03-16,8.050000,7.670000,7.930000,4890191
8.029231,8.130000,2022-03-17,8.250000,8.020000,8.100000,3687804
8.088487,8.190000,2022-03-18,8.200000,8.050000,8.080000,2353580
8.098363,8.200000,2022-03-21,8.250000,8.030000,8.250000,3955028
8.029231,8.130000,2022-03-22,8.250000,8.030000,8.250000,2953885
7.999603,8.100000,2022-03-23,8.180000,8.070000,8.140000,2969681
7.871213,7.970000,2022-03-24,8.060000,7.940000,8.030000,2600863
7.920595,8.020000,2022-03-25,8.150000,7.960000,8.020000,3368804
7.950222,8.050000,2022-03-28,8.140000,7.830000,7.990000,2855447
7.841586,7.940000,2022-03-29,8.140000,7.900000,8.100000,2324000
7.920595,8.020000,2022-03-30,8.030000,7.850000,7.960000,1855904
7.910718,8.010000,2022-03-31,8.110000,7.960000,7.970000,2334632
7.950222,8.050000,2022-04-01,8.060000,7.910000,8.060000,2216221
8.197124,8.300000,2022-04-06,8.550000,7.980000,8.000000,7948811
7.950222,8.050000,2022-04-07,8.400000,8.000000,8.290000,5869220
7.703321,7.800000,2022-04-08,8.050000,7.700000,8.000000,5607713
7.476172,7.570000,2022-04-11,8.010000,7.470000,7.760000,4816746
7.713197,7.810000,2022-04-12,7.850000,7.510000,7.640000,4365057
7.466295,7.560000,2022-04-13,7.820000,7.540000,7.820000,3351654
7.505800,7.600000,2022-04-14,7.660000,7.530000,7.550000,2526786
7.258899,7.350000,2022-04-15,7.580000,7.330000,7.580000,3910311
7.298403,7.390000,2022-04-18,7.420000,7.150000,7.300000,2429401
7.298403,7.390000,2022-04-19,7.500000,7.300000,7.450000,1967785
7.357659,7.450000,2022-04-20,7.580000,7.360000,7.410000,2940230
7.140386,7.230000,2022-04-21,7.710000,7.190000,7.370000,4285599
6.982369,7.070000,2022-04-22,7.270000,7.030000,7.230000,3322957
6.291046,6.370000,2022-04-25,7.070000,6.360000,7.070000,8362671
6.044144,6.120000,2022-04-26,6.480000,6.000000,6.400000,4921759
6.202161,6.280000,2022-04-27,6.280000,5.900000,6.140000,4691406
6.103400,6.180000,2022-04-28,6.340000,6.080000,6.280000,4312965
6.478691,6.560000,2022-04-29,6.670000,6.200000,6.250000,4275474
6.587327,6.670000,2022-05-05,6.710000,6.380000,6.630000,4261230
6.468814,6.550000,2022-05-06,6.640000,6.400000,6.540000,1850655
6.597203,6.680000,2022-05-09,6.750000,6.540000,6.570000,2787863
6.656459,6.740000,2022-05-10,6.860000,6.560000,6.580000,2481100
6.745344,6.830000,2022-05-11,7.020000,6.720000,6.820000,3639441
6.834228,6.920000,2022-05-12,6.930000,6.750000,6.830000,1939950
6.794724,6.880000,2022-05-13,6.950000,6.730000,6.870000,2403063
6.844104,6.930000,2022-05-16,7.020000,6.690000,6.950000,2897173
6.656459,6.740000,2022-05-17,6.890000,6.700000,6.880000,2468200
6.774972,6.860000,2022-05-18,6.940000,6.730000,6.740000,3020033
6.834228,6.920000,2022-05-19,6.960000,6.700000,6.750000,3235950
6.844104,6.930000,2022-05-20,6.970000,6.870000,6.940000,2418196
7.525552,7.620000,2022-05-23,7.620000,7.070000,7.080000,4608965
7.100882,7.190000,2022-05-24,7.690000,7.020000,7.690000,13585607
7.130509,7.220000,2022-05-25,7.350000,6.950000,7.220000,11115166
6.942865,7.030000,2022-05-26,7.270000,7.000000,7.210000,8945404
7.634189,7.730000,2022-05-27,7.730000,7.020000,7.120000,12102185
8.394645,8.500000,2022-05-30,8.500000,8.200000,8.420000,9306112
8.444025,8.550000,2022-05-31,9.350000,8.500000,8.980000,45755613
7.900842,8.000000,2022-06-01,8.350000,7.750000,8.030000,30094191
7.644064,7.740000,2022-06-02,8.020000,7.740000,7.940000,17217848
7.871213,7.970000,2022-06-06,8.290000,7.810000,7.850000,18488767
7.742826,7.840000,2022-06-07,8.170000,7.730000,7.960000,14788685
7.693445,7.790000,2022-06-08,8.020000,7.600000,7.750000,12891019
7.653941,7.750000,2022-06-09,8.060000,7.670000,7.700000,11169904
7.584808,7.680000,2022-06-10,7.870000,7.600000,7.630000,12131580
7.772453,7.870000,2022-06-13,8.010000,7.630000,7.680000,14045521
7.644064,7.740000,2022-06-14,7.830000,7.460000,7.780000,11149213
7.663817,7.760000,2022-06-15,8.050000,7.710000,7.740000,12794256
8.108239,8.210000,2022-06-16,8.390000,7.760000,7.760000,22255439
7.673693,7.770000,2022-06-17,8.120000,7.670000,8.120000,15870629
8.197124,8.300000,2022-06-20,8.550000,7.730000,7.730000,24639198
7.792205,7.890000,2022-06-21,8.130000,7.810000,8.070000,17578378
7.416915,7.510000,2022-06-22,7.900000,7.510000,7.850000,12312255
7.456420,7.550000,2022-06-23,7.560000,7.340000,7.490000,7188995
7.387287,7.480000,2022-06-24,7.550000,7.420000,7.490000,4926100
7.357659,7.450000,2022-06-27,7.530000,7.350000,7.480000,5270501
7.397163,7.490000,2022-06-28,7.510000,7.350000,7.410000,5070053
7.238298,7.290000,2022-06-29,7.570000,7.250000,7.480000,5138691
7.307802,7.360000,2022-06-30,7.430000,7.240000,7.240000,3897094
7.327660,7.380000,2022-07-01,7.440000,7.260000,7.360000,3449614
7.347518,7.400000,2022-07-04,7.410000,7.290000,7.380000,2311077
7.158865,7.210000,2022-07-05,7.410000,7.150000,7.400000,5323317
7.069504,7.120000,2022-07-06,7.230000,7.080000,7.210000,3300410
7.168794,7.220000,2022-07-07,7.300000,7.100000,7.120000,3183032
7.307802,7.360000,2022-07-08,7.420000,7.200000,7.220000,3505535
7.168794,7.220000,2022-07-11,7.350000,7.150000,7.330000,1954673
7.039717,7.090000,2022-07-12,7.230000,7.060000,7.220000,2306647
7.119149,7.170000,2022-07-13,7.240000,7.100000,7.120000,1903734
7.119149,7.170000,2022-07-14,7.210000,7.100000,7.210000,1730500
6.980142,7.030000,2022-07-15,7.180000,7.020000,7.140000,2366886
7.119149,7.170000,2022-07-18,7.190000,7.010000,7.010000,2864124
7.238298,7.290000,2022-07-19,7.360000,7.200000,7.210000,2757202
7.297873,7.350000,2022-07-20,7.360000,7.280000,7.320000,2225360
7.337589,7.390000,2022-07-21,7.470000,7.300000,7.360000,3326545
7.297873,7.350000,2022-07-22,7.460000,7.270000,7.450000,2722116
7.188653,7.240000,2022-07-25,7.390000,7.190000,7.280000,1727501
7.238298,7.290000,2022-07-26,7.320000,7.160000,7.230000,2096326
7.258156,7.310000,2022-07-27,7.340000,7.250000,7.290000,1682720
7.258156,7.310000,2022-07-28,7.360000,7.280000,7.320000,2047986
7.268085,7.320000,2022-07-29,7.400000,7.260000,7.350000,3078595
7.228369,7.280000,2022-08-01,7.350000,7.270000,7.310000,2198366
6.950355,7.000000,2022-08-02,7.280000,6.920000,7.280000,4005243
6.980142,7.030000,2022-08-03,7.180000,6.770000,6.770000,2812500
6.980142,7.030000,2022-08-04,7.120000,6.910000,7.030000,2736513
7.188653,7.240000,2022-08-05,7.250000,7.020000,7.030000,3121750
7.317730,7.370000,2022-08-08,7.370000,7.220000,7.240000,2528373
7.287943,7.340000,2022-08-09,7.410000,7.300000,7.380000,1393696
7.317730,7.370000,2022-08-10,7.400000,7.310000,7.320000,1453185
7.397163,7.450000,2022-08-11,7.450000,7.330000,7.360000,1989491
7.337589,7.390000,2022-08-12,7.480000,7.390000,7.480000,2034917
7.347518,7.400000,2022-08-15,7.430000,7.310000,7.420000,3024838
7.337589,7.390000,2022-08-16,7.420000,7.350000,7.360000,1429091
7.377305,7.430000,2022-08-17,7.460000,7.350000,7.380000,2440802
7.317730,7.370000,2022-08-18,7.430000,7.300000,7.410000,1882930
7.347518,7.400000,2022-08-19,7.650000,7.320000,7.320000,5486646
7.377305,7.430000,2022-08-22,7.480000,7.300000,7.360000,3783983
7.476596,7.530000,2022-08-23,7.550000,7.390000,7.390000,3842846
7.228369,7.280000,2022-08-24,7.570000,7.260000,7.570000,3713671
7.258156,7.310000,2022-08-25,7.330000,7.130000,7.280000,3160931
7.387234,7.440000,2022-08-26,7.540000,7.280000,7.320000,3211039
7.526241,7.580000,2022-08-29,7.600000,7.300000,7.350000,3879288
7.645390,7.700000,2022-08-30,7.750000,7.520000,7.600000,5624958
7.536170,7.590000,2022-08-31,7.720000,7.520000,7.660000,4976244
7.357447,7.410000,2022-09-01,7.660000,7.370000,7.550000,5373476
7.466667,7.520000,2022-09-02,7.560000,7.390000,7.460000,3912239
7.436879,7.490000,2022-09-05,7.620000,7.410000,7.550000,3586501
7.506383,7.560000,2022-09-06,7.590000,7.450000,7.540000,3527751
7.337589,7.390000,2022-09-07,7.550000,7.340000,7.550000,3673617
7.228369,7.280000,2022-09-08,7.420000,7.260000,7.320000,2715090
7.198582,7.250000,2022-09-09,7.340000,7.220000,7.250000,2389824
7.248227,7.300000,2022-09-13,7.370000,7.270000,7.290000,2510941
7.129078,7.180000,2022-09-14,7.250000,7.100000,7.220000,2891510
7.099291,7.150000,2022-09-15,7.220000,7.090000,7.210000,2797187
6.910638,6.960000,2022-09-16,7.180000,6.950000,7.050000,2736675
6.791490,6.840000,2022-09-19,6.980000,6.810000,6.970000,2877074
6.860993,6.910000,2022-09-20,7.000000,6.840000,6.840000,1882801
7.039717,7.090000,2022-09-21,7.150000,6.730000,6.880000,3654910
7.089362,7.140000,2022-09-22,7.220000,7.030000,7.050000,3257700
6.890780,6.940000,2022-09-23,7.160000,6.920000,7.160000,2529061
6.632624,6.680000,2022-09-26,6.920000,6.660000,6.900000,2764741
6.930497,6.980000,2022-09-27,6.990000,6.650000,6.750000,3131677
6.791490,6.840000,2022-09-28,7.050000,6.820000,6.950000,1760700
6.573050,6.620000,2022-09-29,6.940000,6.590000,6.940000,2568900
6.503546,6.550000,2022-09-30,6.680000,6.500000,6.680000,2449800
6.314894,6.360000,2022-10-10,6.580000,6.340000,6.570000,1933051
6.652482,6.700000,2022-10-11,6.790000,6.330000,6.370000,3823521
6.731915,6.780000,2022-10-12,6.780000,6.400000,6.660000,3852529
6.860993,6.910000,2022-10-13,6.980000,6.660000,6.660000,3900829
7.546099,7.600000,2022-10-14,7.600000,6.880000,6.920000,10456252
8.300709,8.360000,2022-10-17,8.360000,7.860000,7.960000,10682350
8.548936,8.610000,2022-10-18,9.200000,8.360000,9.200000,47737015
9.402838,9.470000,2022-10-19,9.470000,8.630000,8.700000,42161433
9.531916,9.600000,2022-10-20,10.420000,9.600000,9.800000,64348182
10.485107,10.560000,2022-10-21,10.560000,9.900000,9.900000,58205002
9.651064,9.720000,2022-10-24,11.200000,9.670000,11.010000,67130447
9.055319,9.120000,2022-10-25,10.180000,9.100000,9.570000,49135820
9.958865,10.030000,2022-10-26,10.030000,9.300000,9.300000,19492684
10.068086,10.140000,2022-10-27,10.720000,9.920000,10.400000,49589418
10.346100,10.420000,2022-10-28,10.880000,9.910000,10.180000,46933717
10.624113,10.700000,2022-10-31,10.830000,9.750000,10.340000,45642679
10.544681,10.620000,2022-11-01,11.770000,10.460000,10.600000,65941351
10.276596,10.350000,2022-11-02,10.900000,9.950000,10.630000,50595990
9.303546,9.370000,2022-11-03,9.950000,9.320000,9.840000,38319123
9.829787,9.900000,2022-11-04,10.300000,9.500000,9.580000,33476740
10.028369,10.100000,2022-11-07,10.370000,9.710000,9.800000,28456377
10.524823,10.600000,2022-11-08,10.960000,9.940000,10.170000,34620877
10.306383,10.380000,2022-11-09,10.660000,10.110000,10.400000,21157552
9.919148,9.990000,2022-11-10,10.870000,9.860000,10.250000,28992616
9.521986,9.590000,2022-11-11,10.100000,9.350000,10.040000,30241393
9.114894,9.180000,2022-11-14,9.550000,9.040000,9.410000,27826517
8.926241,8.990000,2022-11-15,9.340000,8.940000,9.060000,25644268
9.104965,9.170000,2022-11-16,9.240000,8.890000,8.930000,23584594
9.482270,9.550000,2022-11-17,9.600000,8.750000,9.020000,36897267
10.435461,10.510000,2022-11-18,10.510000,9.440000,9.550000,56706431
9.392908,9.460000,2022-11-21,10.100000,9.460000,10.100000,43562568
9.919148,9.990000,2022-11-22,10.410000,9.470000,9.600000,61426743
9.343263,9.410000,2022-11-23,9.990000,9.110000,9.990000,42522711
10.276596,10.350000,2022-11-24,10.350000,9.420000,9.580000,45370008
10.504965,10.580000,2022-11-25,10.840000,10.080000,10.300000,56631270
9.869503,9.940000,2022-11-28,10.340000,9.680000,10.330000,46047492
9.660993,9.730000,2022-11-29,10.020000,9.620000,9.900000,37079048
9.502128,9.570000,2022-11-30,9.890000,9.270000,9.680000,29764514
10.455319,10.530000,2022-12-01,10.530000,9.490000,9.640000,46921243
10.594327,10.670000,2022-12-02,11.070000,10.430000,10.770000,63131915
11.517731,11.600000,2022-12-05,11.680000,10.380000,10.620000,60627433
11.597163,11.680000,2022-12-06,12.180000,10.880000,11.500000,51106060
11.229788,11.310000,2022-12-07,11.710000,10.820000,11.680000,40205899
10.475178,10.550000,2022-12-08,11.000000,10.310000,11.000000,33063463
10.356029,10.430000,2022-12-09,10.700000,10.210000,10.530000,21371515
10.475178,10.550000,2022-12-12,10.560000,10.250000,10.310000,19133250
9.899291,9.970000,2022-12-13,10.760000,9.750000,10.430000,23929834
9.939008,10.010000,2022-12-14,10.280000,9.700000,9.970000,18439669
9.730496,9.800000,2022-12-15,10.080000,9.660000,9.870000,16574064
9.849646,9.920000,2022-12-16,10.480000,9.880000,9.900000,20618129
10.226951,10.300000,2022-12-19,10.410000,9.600000,10.030000,27809725
9.313476,9.380000,2022-12-20,10.050000,9.280000,10.020000,22764875
9.045390,9.110000,2022-12-21,9.430000,9.050000,9.350000,12803496
9.948936,10.020000,2022-12-22,10.020000,8.850000,9.200000,32091302
10.246808,10.320000,2022-12-23,10.890000,10.020000,10.160000,48639388
9.919148,9.990000,2022-12-26,10.650000,9.860000,10.370000,37053275
9.978724,10.050000,2022-12-27,10.150000,9.650000,10.040000,25489636
9.720568,9.790000,2022-12-28,9.990000,9.660000,9.980000,15723050
9.422695,9.490000,2022-12-29,9.800000,9.450000,9.610000,13150697
9.392908,9.460000,2022-12-30,9.730000,9.260000,9.500000,12151640
9.670922,9.740000,2023-01-03,9.760000,9.310000,9.400000,15190510
9.978724,10.050000,2023-01-04,10.250000,9.610000,9.760000,24976802
9.760283,9.830000,2023-01-05,10.180000,9.780000,9.960000,18251031
9.571631,9.640000,2023-01-06,9.880000,9.620000,9.800000,11310029
10.177305,10.250000,2023-01-09,10.310000,9.560000,9.560000,26707989
9.859575,9.930000,2023-01-10,10.160000,9.750000,10.130000,18539231
9.730496,9.800000,2023-01-11,10.040000,9.730000,9.930000,14476436
9.631206,9.700000,2023-01-12,9.910000,9.500000,9.710000,12765141
9.710638,9.780000,2023-01-13,9.860000,9.560000,9.700000,11812702
9.720568,9.790000,2023-01-16,9.970000,9.710000,9.770000,9678710
9.512057,9.580000,2023-01-17,9.830000,9.510000,9.710000,9086870
9.482270,9.550000,2023-01-18,9.700000,9.550000,9.600000,5427687
9.720568,9.790000,2023-01-19,10.180000,9.740000,9.860000,13546812
10.018440,10.090000,2023-01-20,10.550000,9.780000,9.820000,22534834
10.356029,10.430000,2023-01-30,10.560000,9.980000,10.090000,26149271
10.564540,10.640000,2023-01-31,10.810000,10.310000,10.430000,25337931
10.723405,10.800000,2023-02-01,10.820000,10.500000,10.540000,18318312
10.425532,10.500000,2023-02-02,10.740000,10.430000,10.720000,17569449
10.346100,10.420000,2023-02-03,10.550000,10.310000,10.470000,10288986
10.356029,10.430000,2023-02-06,10.530000,10.290000,10.370000,9997472
10.594327,10.670000,2023-02-07,10.770000,10.380000,10.530000,17056470
10.435461,10.510000,2023-02-08,10.970000,10.440000,10.900000,11922550
10.782979,10.860000,2023-02-09,10.950000,10.410000,10.420000,18649592
10.862411,10.940000,2023-02-10,11.350000,10.830000,10.930000,22793752
10.892200,10.970000,2023-02-13,11.100000,10.780000,10.870000,14791501
10.683688,10.760000,2023-02-14,10.930000,10.710000,10.910000,12451313
10.524823,10.600000,2023-02-15,10.880000,10.570000,10.730000,10059930
10.157447,10.230000,2023-02-16,10.730000,10.150000,10.650000,11483702
10.187235,10.260000,2023-02-17,10.500000,10.210000,10.240000,8034068
10.326241,10.400000,2023-02-20,10.400000,10.130000,10.200000,6726400
10.504965,10.580000,2023-02-21,10.590000,10.310000,10.340000,7683043
10.713475,10.790000,2023-02-22,10.840000,10.340000,10.460000,16028342
10.534752,10.610000,2023-02-23,10.820000,10.550000,10.790000,9358278
10.415603,10.490000,2023-02-24,10.650000,10.400000,10.570000,5306673
10.197164,10.270000,2023-02-27,10.510000,10.250000,10.390000,5835978
10.395745,10.470000,2023-02-28,10.500000,10.280000,10.340000,4955807
10.574468,10.650000,2023-03-01,10.780000,10.400000,10.450000,7120640
10.614184,10.690000,2023-03-02,10.920000,10.550000,10.670000,9877307
10.832624,10.910000,2023-03-03,11.090000,10.690000,10.700000,15704529
10.425532,10.500000,2023-03-06,10.870000,10.350000,10.790000,12481399
10.226951,10.300000,2023-03-07,10.610000,10.290000,10.570000,7717935
10.356029,10.430000,2023-03-08,10.480000,10.300000,10.330000,5395467
10.286525,10.360000,2023-03-09,10.480000,10.110000,10.460000,7337448
10.058156,10.130000,2023-03-10,10.370000,10.070000,10.270000,5219213
10.097873,10.170000,2023-03-13,10.230000,9.910000,9.950000,6703249
9.770213,9.840000,2023-03-14,10.110000,9.620000,10.080000,9894500
9.641135,9.710000,2023-03-15,9.980000,9.670000,9.850000,6898567
9.541843,9.610000,2023-03-16,9.770000,9.560000,9.630000,5252998
9.879433,9.950000,2023-03-17,10.040000,9.680000,9.700000,7855738
9.760283,9.830000,2023-03-20,10.250000,9.820000,9.950000,8006707
10.733334,10.810000,2023-03-21,10.810000,9.770000,9.930000,15340598
11.269505,11.350000,2023-03-22,11.520000,11.110000,11.110000,45110764
11.090780,11.170000,2023-03-23,11.830000,11.010000,11.440000,28852500
11.160284,11.240000,2023-03-24,11.540000,11.090000,11.170000,19536101
11.200000,11.280000,2023-03-27,11.440000,11.030000,11.230000,15978570
11.041135,11.120000,2023-03-28,11.330000,11.020000,11.230000,11297659
10.951773,11.030000,2023-03-29,11.200000,10.870000,11.160000,10552569
10.802837,10.880000,2023-03-30,11.020000,10.750000,10.860000,9244990
11.140426,11.220000,2023-03-31,11.280000,10.860000,10.970000,12049610
11.309220,11.390000,2023-04-03,11.440000,11.000000,11.160000,19855915
11.100710,11.180000,2023-04-04,11.490000,11.150000,11.300000,13211419
10.802837,10.880000,2023-04-06,11.140000,10.750000,11.140000,13511517
11.041135,11.120000,2023-04-07,11.250000,10.780000,10.870000,10222357
10.792908,10.870000,2023-04-10,11.320000,10.850000,11.050000,10486264
11.070922,11.150000,2023-04-11,11.350000,10.800000,10.870000,12816726
11.209929,11.290000,2023-04-12,11.420000,11.110000,11.240000,15486802
11.815602,11.900000,2023-04-13,12.080000,11.210000,11.340000,41601873
11.289362,11.370000,2023-04-14,11.940000,10.850000,11.940000,31202907
10.832624,10.910000,2023-04-17,11.280000,10.700000,11.230000,17361420
10.514894,10.590000,2023-04-18,10.930000,10.490000,10.910000,14407814
10.544681,10.620000,2023-04-19,10.830000,10.500000,10.560000,11029264
10.842553,10.920000,2023-04-20,11.140000,10.320000,10.530000,17541997
10.226951,10.300000,2023-04-21,10.970000,10.280000,10.850000,14056837
10.485107,10.560000,2023-04-24,10.670000,10.110000,10.180000,11598863
10.842553,10.920000,2023-04-25,11.030000,10.350000,10.360000,21283290
11.160284,11.240000,2023-04-26,11.760000,10.820000,10.970000,30854304
11.438298,11.520000,2023-04-27,12.040000,11.180000,11.180000,40345799
11.815602,11.900000,2023-04-28,12.050000,11.550000,11.650000,31897242
12.123405,12.210000,2023-05-04,12.480000,11.680000,11.800000,47013495
13.334752,13.430000,2023-05-05,13.430000,11.800000,12.140000,43167864
14.665249,14.770000,2023-05-08,14.770000,14.770000,14.770000,3079842
16.134752,16.250000,2023-05-09,16.250000,16.250000,16.250000,2268999
16.978724,17.100000,2023-05-10,17.879999,15.410000,16.200001,111829935
18.676596,18.809999,2023-05-11,18.809999,17.059999,17.059999,91517092
18.676596,18.809999,2023-05-12,19.959999,16.930000,16.930000,114182907
17.177305,17.299999,2023-05-15,20.000000,17.110001,18.809999,111369870
15.459575,15.570000,2023-05-16,16.299999,15.570000,15.970000,67274467
13.910639,14.010000,2023-05-17,14.590000,14.010000,14.310000,60868989
13.970213,14.070000,2023-05-18,14.250000,13.560000,13.900000,63395741
13.185816,13.280000,2023-05-19,14.050000,13.230000,14.040000,51053660
13.096454,13.190000,2023-05-22,13.400000,12.890000,13.280000,32972468
12.947518,13.040000,2023-05-23,13.500000,13.020000,13.130000,39155424
12.828369,12.920000,2023-05-24,13.090000,12.560000,12.890000,34729866
12.937589,13.030000,2023-05-25,13.070000,12.570000,12.800000,31654243
13.682269,13.780000,2023-05-26,13.960000,12.870000,13.020000,66737335
14.605674,14.710000,2023-05-29,14.960000,13.390000,13.500000,65178185
14.436880,14.540000,2023-05-30,14.930000,13.800000,14.300000,67340572
13.741844,13.840000,2023-05-31,14.480000,13.710000,14.110000,49096035
14.139008,14.240000,2023-06-01,14.600000,13.520000,13.600000,43166410
13.821277,13.920000,2023-06-02,14.500000,13.880000,14.250000,30802214
14.357447,14.460000,2023-06-05,14.660000,13.700000,13.880000,45763061
15.002837,15.110000,2023-06-06,15.480000,14.300000,14.440000,64538848
15.727660,15.840000,2023-06-07,16.000000,14.650000,14.780000,62247781
14.506383,14.610000,2023-06-08,15.700000,14.310000,15.600000,48620916
14.595745,14.700000,2023-06-09,14.860000,14.180000,14.300000,29974213
14.893618,15.000000,2023-06-12,15.350000,14.430000,14.740000,36779293
15.072341,15.180000,2023-06-13,15.490000,14.430000,14.730000,49501240
14.893618,15.000000,2023-06-14,15.850000,14.940000,15.300000,46909721
14.327661,14.430000,2023-06-15,15.400000,14.280000,15.150000,41873123
14.426950,14.530000,2023-06-16,14.800000,14.130000,14.430000,28940019
14.327661,14.430000,2023-06-19,14.730000,14.300000,14.360000,26081233
14.000001,14.100000,2023-06-20,14.520000,14.050000,14.420000,25128937
13.180000,13.180000,2023-06-21,13.930000,13.100000,13.920000,23930823
12.210000,12.210000,2023-06-26,13.200000,12.180000,13.010000,23446004
12.490000,12.490000,2023-06-27,12.560000,12.160000,12.210000,13748346
12.260000,12.260000,2023-06-28,12.490000,11.890000,12.490000,16821088
12.220000,12.220000,2023-06-29,12.360000,12.150000,12.320000,10310249
12.280000,12.280000,2023-06-30,12.370000,12.100000,12.230000,10719626
12.170000,12.170000,2023-07-03,12.360000,11.950000,12.340000,12968854
12.090000,12.090000,2023-07-04,12.190000,11.970000,12.190000,10801335
11.850000,11.850000,2023-07-05,12.120000,11.830000,12.080000,10580210
11.850000,11.850000,2023-07-06,12.000000,11.780000,11.840000,9229190
11.700000,11.700000,2023-07-07,11.830000,11.500000,11.830000,9664507
11.830000,11.830000,2023-07-10,11.870000,11.670000,11.770000,8088930
11.730000,11.730000,2023-07-11,11.890000,11.680000,11.840000,7561438
11.500000,11.500000,2023-07-12,11.960000,11.450000,11.730000,13008565
11.780000,11.780000,2023-07-13,11.790000,11.460000,11.490000,10807539
11.890000,11.890000,2023-07-14,12.120000,11.730000,11.730000,13989732
11.710000,11.710000,2023-07-17,11.850000,11.560000,11.800000,8832190
11.560000,11.560000,2023-07-18,11.730000,11.510000,11.710000,6962858
11.700000,11.700000,2023-07-19,11.750000,11.520000,11.550000,7237536
11.590000,11.590000,2023-07-20,11.940000,11.470000,11.710000,13199938
11.540000,11.540000,2023-07-21,11.650000,11.420000,11.430000,7341271
11.490000,11.490000,2023-07-24,11.630000,11.400000,11.500000,5060421
11.780000,11.780000,2023-07-25,11.920000,11.540000,11.590000,11213228
11.390000,11.390000,2023-07-26,11.790000,11.300000,11.790000,13311106
11.230000,11.230000,2023-07-27,11.510000,11.200000,11.320000,7758629
11.350000,11.350000,2023-07-28,11.400000,11.110000,11.250000,7457892
11.540000,11.540000,2023-07-31,11.690000,11.310000,11.390000,9461927
11.680000,11.680000,2023-08-01,11.810000,11.500000,11.530000,11801084
11.380000,11.380000,2023-08-02,11.660000,11.320000,11.600000,10046158
11.310000,11.310000,2023-08-03,11.380000,11.250000,11.320000,5218311
11.420000,11.420000,2023-08-04,11.550000,11.300000,11.320000,7859983
11.460000,11.460000,2023-08-07,11.640000,11.350000,11.430000,8419687
11.610000,11.610000,2023-08-08,11.850000,11.420000,11.490000,16064795
11.160000,11.160000,2023-08-09,11.560000,11.150000,11.560000,13144611
11.220000,11.220000,2023-08-10,11.340000,11.120000,11.170000,6488702
10.950000,10.950000,2023-08-11,11.250000,10.940000,11.200000,7342671
11.170000,11.170000,2023-08-14,11.190000,10.700000,10.710000,7363792
10.880000,10.880000,2023-08-15,11.180000,10.820000,11.170000,6404653
10.680000,10.680000,2023-08-16,10.850000,10.630000,10.850000,6000500
10.880000,10.880000,2023-08-17,10.900000,10.570000,10.660000,5810524
10.540000,10.540000,2023-08-18,10.980000,10.540000,10.800000,6410130
10.520000,10.520000,2023-08-21,10.740000,10.510000,10.550000,4617572
10.740000,10.740000,2023-08-22,10.760000,10.500000,10.520000,8682636
10.600000,10.600000,2023-08-23,10.750000,10.530000,10.690000,6038935
10.650000,10.650000,2023-08-24,10.790000,10.510000,10.610000,7813843
10.270000,10.270000,2023-08-25,10.640000,10.210000,10.640000,8857184
10.340000,10.340000,2023-08-28,10.830000,10.280000,10.830000,8181181
10.690000,10.690000,2023-08-29,10.710000,10.290000,10.360000,8363789
10.730000,10.730000,2023-08-30,10.820000,10.530000,10.640000,8942859
10.520000,10.520000,2023-08-31,10.730000,10.500000,10.620000,6610030
10.420000,10.420000,2023-09-01,10.640000,10.390000,10.570000,5150900
10.780000,10.780000,2023-09-04,10.780000,10.440000,10.440000,9845658
10.450000,10.450000,2023-09-05,10.750000,10.370000,10.750000,10592521
10.420000,10.420000,2023-09-06,10.520000,10.240000,10.370000,4874434
10.350000,10.350000,2023-09-07,10.730000,10.330000,10.400000,11583468
10.250000,10.250000,2023-09-08,10.430000,10.130000,10.240000,8766973
10.400000,10.400000,2023-09-11,10.450000,10.140000,10.190000,8057114
10.330000,10.330000,2023-09-12,10.450000,10.320000,10.390000,3910910
10.130000,10.130000,2023-09-13,10.300000,10.020000,10.300000,6773903
10.020000,10.020000,2023-09-14,10.120000,9.960000,10.070000,4589210
10.040000,10.040000,2023-09-15,10.140000,10.000000,10.020000,2925381
10.160000,10.160000,2023-09-18,10.180000,10.010000,10.120000,4458985
9.950000,9.950000,2023-09-19,10.170000,9.920000,10.120000,4965000
9.890000,9.890000,2023-09-20,9.980000,9.800000,9.920000,4235938
9.750000,9.750000,2023-09-21,9.920000,9.720000,9.820000,4872670
10.050000,10.050000,2023-09-22,10.070000,9.710000,9.710000,8319066
9.950000,9.950000,2023-09-25,10.580000,9.880000,10.300000,13097551
10.010000,10.010000,2023-09-26,10.140000,9.890000,9.890000,6895749
10.040000,10.040000,2023-09-27,10.120000,9.920000,10.000000,5114715
10.240000,10.240000,2023-09-28,10.320000,10.080000,10.080000,7228200
10.030000,10.030000,2023-10-09,10.230000,9.990000,10.230000,7279730
10.250000,10.250000,2023-10-10,10.530000,10.050000,10.060000,12209863
10.520000,10.520000,2023-10-11,10.700000,10.100000,10.250000,17603991
10.470000,10.470000,2023-10-12,10.730000,10.400000,10.580000,10085981
10.270000,10.270000,2023-10-13,10.410000,10.180000,10.400000,8483866
10.060000,10.060000,2023-10-16,10.280000,10.000000,10.230000,6391085
9.930000,9.930000,2023-10-17,10.170000,9.850000,10.070000,6440600
9.640000,9.640000,2023-10-18,9.890000,9.560000,9.890000,7865172
9.630000,9.630000,2023-10-19,9.890000,9.560000,9.600000,6627347
9.360000,9.360000,2023-10-20,9.620000,9.320000,9.520000,6425000
9.030000,9.030000,2023-10-23,9.400000,8.990000,9.280000,6057420
9.270000,9.270000,2023-10-24,9.380000,9.010000,9.090000,5675901
9.560000,9.560000,2023-10-25,9.620000,9.290000,9.300000,7070087
9.460000,9.460000,2023-10-26,9.630000,9.390000,9.520000,5108200
9.360000,9.360000,2023-10-27,9.440000,9.160000,9.400000,6010887
9.410000,9.410000,2023-10-30,9.440000,9.210000,9.380000,5269235
9.460000,9.460000,2023-10-31,9.620000,9.390000,9.390000,6175100
9.580000,9.580000,2023-11-01,9.670000,9.440000,9.500000,5337884
9.570000,9.570000,2023-11-02,9.780000,9.520000,9.520000,6119631
9.700000,9.700000,2023-11-03,9.730000,9.470000,9.640000,5608461
10.440000,10.440000,2023-11-06,10.670000,9.700000,9.730000,33455331
10.480000,10.480000,2023-11-07,10.620000,10.320000,10.500000,26839314
10.640000,10.640000,2023-11-08,10.820000,10.540000,10.540000,24956199
10.420000,10.420000,2023-11-09,10.850000,10.370000,10.740000,14987880
10.250000,10.250000,2023-11-10,10.480000,10.180000,10.440000,10014294
10.460000,10.460000,2023-11-13,10.500000,10.330000,10.340000,10744978
10.540000,10.540000,2023-11-14,10.600000,10.310000,10.430000,11476491
10.520000,10.520000,2023-11-15,10.690000,10.470000,10.590000,8532191
10.580000,10.580000,2023-11-16,10.730000,10.390000,10.500000,10057401
10.570000,10.570000,2023-11-17,10.670000,10.500000,10.650000,7149031
10.750000,10.750000,2023-11-20,10.840000,10.520000,10.520000,12043800
10.930000,10.930000,2023-11-21,11.390000,10.720000,10.750000,20686345
10.610000,10.610000,2023-11-22,11.090000,10.600000,10.980000,13357003
10.610000,10.610000,2023-11-23,10.690000,10.450000,10.600000,10327269
10.430000,10.430000,2023-11-24,10.750000,10.400000,10.600000,7833310
10.330000,10.330000,2023-11-27,10.480000,10.230000,10.420000,7547400
10.390000,10.390000,2023-11-28,10.440000,10.210000,10.310000,4652212
10.370000,10.370000,2023-11-29,10.560000,10.360000,10.380000,5548170
10.350000,10.350000,2023-11-30,10.450000,10.240000,10.350000,4017833
10.810000,10.810000,2023-12-01,10.880000,10.340000,10.380000,17861252
11.270000,11.270000,2023-12-04,11.880000,11.210000,11.380000,41414061
10.910000,10.910000,2023-12-05,11.270000,10.690000,11.120000,24253393
10.940000,10.940000,2023-12-06,11.060000,10.400000,10.990000,21618701
11.050000,11.050000,2023-12-07,11.190000,10.800000,10.880000,21226700
10.680000,10.680000,2023-12-08,11.040000,10.660000,10.980000,16101173
11.270000,11.270000,2023-12-11,11.280000,10.520000,10.580000,25164514
12.400000,12.400000,2023-12-12,12.400000,11.390000,11.500000,42846629
13.090000,13.090000,2023-12-13,13.640000,12.540000,12.990000,105574202
12.630000,12.630000,2023-12-14,13.380000,12.600000,12.760000,66284349
12.880000,12.880000,2023-12-15,13.310000,12.290000,12.630000,62576515
13.390000,13.390000,2023-12-18,13.490000,12.750000,12.880000,59891634
12.710000,12.710000,2023-12-19,13.200000,12.440000,13.030000,45221053
11.710000,11.710000,2023-12-20,12.950000,11.600000,12.890000,48174337
11.660000,11.660000,2023-12-21,11.840000,11.400000,11.600000,27581362
11.040000,11.040000,2023-12-22,12.090000,10.900000,11.660000,37268219
10.680000,10.680000,2023-12-25,11.170000,10.580000,11.070000,22620620
10.160000,10.160000,2023-12-26,10.730000,10.080000,10.680000,20676785
10.150000,10.150000,2023-12-27,10.260000,10.020000,10.220000,13962201
10.250000,10.250000,2023-12-28,10.360000,9.960000,10.190000,15289759
10.540000,10.540000,2023-12-29,10.630000,10.210000,10.250000,17279001
10.470000,10.470000,2024-01-02,10.770000,10.440000,10.550000,14261619
10.900000,10.900000,2024-01-03,11.050000,10.380000,10.480000,30734170
10.610000,10.610000,2024-01-04,10.840000,10.520000,10.840000,18910381
10.370000,10.370000,2024-01-05,10.750000,10.300000,10.680000,15839701
10.210000,10.210000,2024-01-08,10.440000,10.170000,10.420000,11343885
10.210000,10.210000,2024-01-09,10.380000,10.090000,10.200000,9154080
10.050000,10.050000,2024-01-10,10.200000,9.900000,10.150000,10233663
10.370000,10.370000,2024-01-11,10.390000,9.930000,9.970000,10397287
9.970000,9.970000,2024-01-12,10.390000,9.970000,10.300000,10917947
9.930000,9.930000,2024-01-15,10.040000,9.840000,9.970000,7887800
9.790000,9.790000,2024-01-16,9.950000,9.640000,9.950000,10469839
9.540000,9.540000,2024-01-17,9.850000,9.530000,9.790000,7009900
9.400000,9.400000,2024-01-18,9.540000,9.070000,9.440000,11441700
9.270000,9.270000,2024-01-19,9.530000,9.270000,9.350000,6887501
8.650000,8.650000,2024-01-22,9.310000,8.550000,9.310000,10979178
8.810000,8.810000,2024-01-23,8.850000,8.480000,8.640000,10032276
9.150000,9.150000,2024-01-24,9.180000,8.660000,8.850000,15652770
10.070000,10.070000,2024-01-25,10.070000,9.120000,9.160000,24095713
11.080000,11.080000,2024-01-26,11.080000,11.080000,11.080000,5142582
10.620000,10.620000,2024-01-29,11.630000,10.560000,11.630000,59831510
9.880000,9.880000,2024-01-30,10.480000,9.850000,10.150000,35047957
10.870000,10.870000,2024-01-31,10.870000,9.400000,9.460000,48282697
10.460000,10.460000,2024-02-01,10.660000,9.960000,10.360000,42022229
10.750000,10.750000,2024-02-02,11.300000,10.400000,10.530000,52317026
9.680000,9.680000,2024-02-05,10.840000,9.680000,10.560000,27162359
8.710000,8.710000,2024-02-06,9.490000,8.710000,8.800000,44531509
8.100000,8.100000,2024-02-07,8.700000,7.840000,8.700000,34404828
8.640000,8.640000,2024-02-08,8.650000,7.910000,8.010000,27742579
9.500000,9.500000,2024-02-19,9.500000,8.880000,9.000000,16403984
10.000000,10.000000,2024-02-20,10.400000,9.370000,9.600000,47326550
10.130000,10.130000,2024-02-21,10.140000,9.720000,9.880000,34986171
10.810000,10.810000,2024-02-22,11.140000,10.380000,10.910000,49305426
11.890000,11.890000,2024-02-23,11.890000,10.810000,10.810000,54430754
11.680000,11.680000,2024-02-26,12.000000,11.380000,12.000000,58316723
11.890000,11.890000,2024-02-27,11.890000,11.190000,11.300000,42335420
10.820000,10.820000,2024-02-28,13.080000,10.700000,12.010000,64076800
11.900000,11.900000,2024-02-29,11.900000,10.500000,10.500000,27369611
12.110000,12.110000,2024-03-01,12.700000,11.890000,12.340000,60703633
12.010000,12.010000,2024-03-04,12.250000,11.500000,12.050000,40376137
12.580000,12.580000,2024-03-05,12.580000,11.790000,11.930000,52313481
12.230000,12.230000,2024-03-06,12.700000,12.180000,12.300000,37135000
12.310000,12.310000,2024-03-07,12.700000,11.920000,12.150000,39958849
11.910000,11.910000,2024-03-08,12.170000,11.600000,12.070000,30171991
11.820000,11.820000,2024-03-11,11.830000,11.530000,11.690000,25730236
11.580000,11.580000,2024-03-12,11.860000,11.420000,11.800000,25289073
11.750000,11.750000,2024-03-13,11.930000,11.470000,11.660000,35063316
11.440000,11.440000,2024-03-14,11.790000,11.240000,11.700000,27136650
11.460000,11.460000,2024-03-15,11.460000,11.130000,11.400000,17201202
11.700000,11.700000,2024-03-18,11.800000,11.300000,11.380000,21760024
11.470000,11.470000,2024-03-19,11.800000,11.450000,11.610000,21108528
11.920000,11.920000,2024-03-20,11.950000,11.390000,11.420000,30011537
11.860000,11.860000,2024-03-21,12.120000,11.720000,11.990000,29586829
12.260000,12.260000,2024-03-22,12.400000,11.500000,11.780000,44176821
11.990000,11.990000,2024-03-25,12.430000,11.770000,12.120000,32731703
11.460000,11.460000,2024-03-26,11.990000,11.310000,11.860000,21673301
10.740000,10.740000,2024-03-27,11.550000,10.740000,11.400000,17573712
11.100000,11.100000,2024-03-28,11.270000,10.700000,10.740000,14411697
10.950000,10.950000,2024-03-29,11.180000,10.770000,11.160000,7009588
