adj_close,close,date,high,low,open,volume
5500.000000,5500.000000,2009-11-13,5500.000000,4791.666504,4791.666504,738784
4687.500000,4687.500000,2009-11-16,6125.000000,4687.500000,5958.333496,1809270
4208.333496,4208.333496,2009-11-17,4500.000000,4129.166504,4354.166504,1565834
4020.833252,4020.833252,2009-11-18,4520.833496,3983.333252,4208.333496,956949
3779.166748,3779.166748,2009-11-19,4079.166748,3754.166748,4058.333252,509373
3795.833252,3795.833252,2009-11-20,3975.000000,3629.166748,3666.666748,635373
3795.833252,3795.833252,2009-11-23,3962.500000,3783.333252,3812.500000,271173
3650.000000,3650.000000,2009-11-24,3891.666748,3645.833252,3816.666748,235427
3545.833252,3545.833252,2009-11-25,3750.000000,3479.166748,3666.666748,175571
3612.500000,3612.500000,2009-11-26,3708.333252,3445.833252,3533.333252,201618
3237.500000,3237.500000,2009-11-27,3625.000000,3225.000000,3541.666748,177107
3291.666748,3291.666748,2009-11-30,3370.833252,3220.833252,3241.666748,133974
3183.333252,3183.333252,2009-12-01,3312.500000,3179.166748,3312.500000,87525
3316.666748,3316.666748,2009-12-02,3458.333252,3229.166748,3229.166748,172866
3416.666748,3416.666748,2009-12-03,3462.500000,3325.000000,3395.833252,108971
3387.500000,3387.500000,2009-12-04,3454.166748,3337.500000,3441.666748,95058
3641.666748,3641.666748,2009-12-07,3833.333252,3370.833252,3395.833252,366558
3658.333252,3658.333252,2009-12-08,3833.333252,3583.333252,3700.000000,184005
3562.500000,3562.500000,2009-12-09,3695.833252,3554.166748,3612.500000,72148
3691.666748,3691.666748,2009-12-10,3750.000000,3595.833252,3645.833252,69093
3758.333252,3758.333252,2009-12-11,3854.166748,3716.666748,3750.000000,140627
3583.333252,3583.333252,2009-12-14,3837.500000,3583.333252,3829.166748,119673
3558.333252,3558.333252,2009-12-15,3637.500000,3520.833252,3583.333252,106266
3466.666748,3466.666748,2009-12-16,3575.000000,3441.666748,3558.333252,89452
3579.166748,3579.166748,2009-12-17,3625.000000,3416.666748,3466.666748,107128
3604.166748,3604.166748,2009-12-18,3666.666748,3512.500000,3520.833252,39002
3587.500000,3587.500000,2009-12-21,3679.166748,3583.333252,3633.333252,68006
3545.833252,3545.833252,2009-12-22,3662.500000,3537.500000,3591.666748,34271
3462.500000,3462.500000,2009-12-23,3575.000000,3429.166748,3566.666748,38668
3425.000000,3425.000000,2009-12-24,3587.500000,3412.500000,3462.500000,51455
3316.666748,3316.666748,2009-12-28,3429.166748,3262.500000,3429.166748,90592
3358.333252,3358.333252,2009-12-29,3358.333252,3250.000000,3333.333252,36446
3416.666748,3416.666748,2009-12-30,3416.666748,3254.166748,3312.500000,30071
3533.333252,3533.333252,2010-01-04,3533.333252,3341.666748,3416.666748,67192
3533.333252,3533.333252,2010-01-05,3587.500000,3504.166748,3533.333252,48266
3504.166748,3504.166748,2010-01-06,3604.166748,3504.166748,3533.333252,47363
3750.000000,3750.000000,2010-01-07,3845.833252,3520.833252,3520.833252,148348
3700.000000,3700.000000,2010-01-08,3850.000000,3670.833252,3750.000000,109019
3925.000000,3925.000000,2010-01-11,4095.833252,3708.333252,3712.500000,247298
4012.500000,4012.500000,2010-01-12,4270.833496,3870.833252,3925.000000,354491
3783.333252,3783.333252,2010-01-13,4087.500000,3779.166748,3995.833252,114496
3954.166748,3954.166748,2010-01-14,3954.166748,3775.000000,3829.166748,94350
4008.333252,4008.333252,2010-01-15,4141.666504,3962.500000,4000.000000,100617
4116.666504,4116.666504,2010-01-18,4116.666504,3945.833252,4008.333252,61230
4270.833496,4270.833496,2010-01-19,4395.833496,4091.666748,4150.000000,205391
4895.833496,4895.833496,2010-01-20,4895.833496,4291.666504,4375.000000,303035
5625.000000,5625.000000,2010-01-21,5625.000000,5083.333496,5104.166504,957038
5583.333496,5583.333496,2010-01-22,5750.000000,5291.666504,5583.333496,621858
5333.333496,5333.333496,2010-01-25,6083.333496,5270.833496,5479.166504,718022
4750.000000,4750.000000,2010-01-26,5500.000000,4604.166504,5437.500000,419171
4250.000000,4250.000000,2010-01-27,4770.833496,4250.000000,4729.166504,348875
4250.000000,4250.000000,2010-01-28,4583.333496,4250.000000,4333.333496,202077
3912.500000,3912.500000,2010-01-29,4166.666504,3783.333252,4108.333496,206363
4075.000000,4075.000000,2010-02-01,4100.000000,3883.333252,3883.333252,62421
4666.666504,4666.666504,2010-02-02,4666.666504,4129.166504,4141.666504,303537
4708.333496,4708.333496,2010-02-03,4916.666504,4479.166504,4791.666504,215958
4625.000000,4625.000000,2010-02-04,4791.666504,4541.666504,4625.000000,110786
4375.000000,4375.000000,2010-02-05,4416.666504,4187.500000,4312.500000,86476
4583.333496,4583.333496,2010-02-08,4875.000000,4208.333496,4416.666504,201796
5270.833496,5270.833496,2010-02-09,5270.833496,4687.500000,4708.333496,305956
5270.833496,5270.833496,2010-02-10,5645.833496,5125.000000,5625.000000,383505
5166.666504,5166.666504,2010-02-11,5750.000000,5145.833496,5270.833496,262881
5395.833496,5395.833496,2010-02-12,5500.000000,5229.166504,5270.833496,98498
5375.000000,5375.000000,2010-02-16,5583.333496,5291.666504,5437.500000,121175
4937.500000,4937.500000,2010-02-17,5500.000000,4937.500000,5500.000000,253041
4854.166504,4854.166504,2010-02-18,5125.000000,4854.166504,4979.166504,101783
4854.166504,4854.166504,2010-02-19,5020.833496,4687.500000,4875.000000,118139
5062.500000,5062.500000,2010-02-22,5145.833496,4875.000000,4875.000000,77471
5020.833496,5020.833496,2010-02-23,5166.666504,4875.000000,5104.166504,48722
4895.833496,4895.833496,2010-02-24,5062.500000,4854.166504,5062.500000,35622
4895.833496,4895.833496,2010-02-25,5041.666504,4750.000000,5000.000000,54568
4916.666504,4916.666504,2010-02-26,5020.833496,4750.000000,4895.833496,30633
4812.500000,4812.500000,2010-03-02,4979.166504,4791.666504,4979.166504,28737
4875.000000,4875.000000,2010-03-03,4937.500000,4625.000000,4895.833496,39945
4875.000000,4875.000000,2010-03-04,4916.666504,4750.000000,4916.666504,29459
5125.000000,5125.000000,2010-03-05,5208.333496,4875.000000,4937.500000,97725
5250.000000,5250.000000,2010-03-08,5375.000000,5000.000000,5125.000000,67259
5375.000000,5375.000000,2010-03-09,5416.666504,5166.666504,5333.333496,67478
6166.666504,6166.666504,2010-03-10,6166.666504,5833.333496,5958.333496,250024
6166.666504,6166.666504,2010-03-11,7062.500000,6041.666504,6250.000000,1223658
5562.500000,5562.500000,2010-03-12,6229.166504,5500.000000,6187.500000,446469
6395.833496,6395.833496,2010-03-15,6395.833496,5541.666504,5625.000000,590553
7354.166504,7354.166504,2010-03-16,7354.166504,6729.166504,6791.666504,809589
7083.333496,7083.333496,2010-03-17,7625.000000,6854.166504,7520.833496,1070200
8145.833496,8145.833496,2010-03-18,8145.833496,6958.333496,7250.000000,966609
7416.666504,7416.666504,2010-03-19,8500.000000,7312.500000,8395.833008,1136008
7083.333496,7083.333496,2010-03-22,7666.666504,7062.500000,7333.333496,543570
7104.166504,7104.166504,2010-03-23,7479.166504,6916.666504,7270.833496,379617
6708.333496,6708.333496,2010-03-24,7291.666504,6583.333496,7291.666504,346017
6750.000000,6750.000000,2010-03-25,6937.500000,6500.000000,6583.333496,201923
7250.000000,7250.000000,2010-03-26,7625.000000,6625.000000,6833.333496,514115
6875.000000,6875.000000,2010-03-29,7479.166504,6875.000000,7083.333496,189957
6916.666504,6916.666504,2010-03-30,7166.666504,6854.166504,7000.000000,110694
7104.166504,7104.166504,2010-03-31,7729.166504,6895.833496,6916.666504,440452
7083.333496,7083.333496,2010-04-01,7437.500000,6875.000000,7125.000000,222066
7166.666504,7166.666504,2010-04-02,7333.333496,6916.666504,7229.166504,127622
7166.666504,7166.666504,2010-04-05,7437.500000,6625.000000,7104.166504,214984
7208.333496,7208.333496,2010-04-06,7333.333496,7104.166504,7333.333496,86706
7000.000000,7000.000000,2010-04-07,7520.833496,6833.333496,7250.000000,182769
6645.833496,6645.833496,2010-04-08,6979.166504,6645.833496,6979.166504,97334
6500.000000,6500.000000,2010-04-09,6833.333496,6312.500000,6729.166504,121840
6875.000000,6875.000000,2010-04-12,6875.000000,6416.666504,6541.666504,84405
6520.833496,6520.833496,2010-04-13,6895.833496,6520.833496,6895.833496,64936
6687.500000,6687.500000,2010-04-14,6937.500000,6541.666504,6541.666504,59289
6833.333496,6833.333496,2010-04-15,6916.666504,6541.666504,6916.666504,69878
7020.833496,7020.833496,2010-04-16,7125.000000,6750.000000,6812.500000,87542
6812.500000,6812.500000,2010-04-19,7041.666504,6687.500000,6958.333496,41296
6875.000000,6875.000000,2010-04-20,7020.833496,6625.000000,6854.166504,70024
6541.666504,6541.666504,2010-04-21,6854.166504,6541.666504,6833.333496,92507
6166.666504,6166.666504,2010-04-22,6645.833496,6041.666504,6541.666504,150018
6229.166504,6229.166504,2010-04-23,6291.666504,6062.500000,6208.333496,39976
6104.166504,6104.166504,2010-04-26,6270.833496,6041.666504,6125.000000,45863
6416.666504,6416.666504,2010-04-27,6416.666504,6104.166504,6104.166504,86368
6437.500000,6437.500000,2010-04-28,6500.000000,6166.666504,6270.833496,39417
6437.500000,6437.500000,2010-04-29,6500.000000,6291.666504,6416.666504,18419
6354.166504,6354.166504,2010-04-30,6645.833496,6354.166504,6437.500000,47001
6020.833496,6020.833496,2010-05-03,6354.166504,5958.333496,6208.333496,56913
5687.500000,5687.500000,2010-05-04,6166.666504,5687.500000,6041.666504,42242
5770.833496,5770.833496,2010-05-06,5770.833496,5375.000000,5520.833496,27801
5458.333496,5458.333496,2010-05-07,5625.000000,5062.500000,5375.000000,24177
5854.166504,5854.166504,2010-05-10,6208.333496,5354.166504,5354.166504,37566
5958.333496,5958.333496,2010-05-11,6062.500000,5666.666504,6062.500000,21515
5812.500000,5812.500000,2010-05-12,6000.000000,5708.333496,6000.000000,24858
5833.333496,5833.333496,2010-05-13,5916.666504,5729.166504,5833.333496,20625
5875.000000,5875.000000,2010-05-14,5916.666504,5666.666504,5833.333496,20579
5437.500000,5437.500000,2010-05-17,5895.833496,5375.000000,5750.000000,47490
5208.333496,5208.333496,2010-05-18,5458.333496,5000.000000,5437.500000,28187
5166.666504,5166.666504,2010-05-19,5250.000000,5083.333496,5104.166504,23740
5041.666504,5041.666504,2010-05-20,5375.000000,5000.000000,5062.500000,31247
4958.333496,4958.333496,2010-05-24,5125.000000,4666.666504,4937.500000,34929
4625.000000,4625.000000,2010-05-25,4958.333496,4375.000000,4750.000000,47826
4916.666504,4916.666504,2010-05-26,5229.166504,4520.833496,4604.166504,32632
5041.666504,5041.666504,2010-05-27,5083.333496,4812.500000,4812.500000,9590
5000.000000,5000.000000,2010-05-28,5166.666504,4895.833496,5041.666504,28852
4895.833496,4895.833496,2010-05-31,5229.166504,4895.833496,5229.166504,6237
5041.666504,5041.666504,2010-06-01,5208.333496,4875.000000,4937.500000,27580
5125.000000,5125.000000,2010-06-03,5187.500000,4979.166504,5062.500000,17819
5125.000000,5125.000000,2010-06-04,5208.333496,5000.000000,5187.500000,6827
4708.333496,4708.333496,2010-06-07,4958.333496,4666.666504,4875.000000,66026
4666.666504,4666.666504,2010-06-08,4833.333496,4625.000000,4708.333496,30563
4562.500000,4562.500000,2010-06-09,4750.000000,4541.666504,4687.500000,34593
4750.000000,4750.000000,2010-06-10,5062.500000,4541.666504,4562.500000,36006
4979.166504,4979.166504,2010-06-11,4979.166504,4750.000000,4750.000000,14296
4979.166504,4979.166504,2010-06-14,5041.666504,4875.000000,5041.666504,17994
4812.500000,4812.500000,2010-06-15,4979.166504,4729.166504,4958.333496,23505
4854.166504,4854.166504,2010-06-16,4937.500000,4666.666504,4916.666504,16866
4958.333496,4958.333496,2010-06-17,5000.000000,4729.166504,4791.666504,30410
4979.166504,4979.166504,2010-06-18,5000.000000,4854.166504,4854.166504,12662
4708.333496,4708.333496,2010-06-21,5000.000000,4708.333496,5000.000000,28926
4916.666504,4916.666504,2010-06-22,4916.666504,4666.666504,4666.666504,24786
4708.333496,4708.333496,2010-06-23,4958.333496,4687.500000,4833.333496,18270
4791.666504,4791.666504,2010-06-24,4812.500000,4583.333496,4645.833496,28912
4791.666504,4791.666504,2010-06-25,5062.500000,4770.833496,5062.500000,47121
4687.500000,4687.500000,2010-06-28,4833.333496,4666.666504,4833.333496,28372
4458.333496,4458.333496,2010-06-29,4833.333496,4375.000000,4666.666504,30083
4312.500000,4312.500000,2010-06-30,4520.833496,4291.666504,4291.666504,22734
4270.833496,4270.833496,2010-07-01,4395.833496,4166.666504,4312.500000,38226
4312.500000,4312.500000,2010-07-02,4375.000000,4208.333496,4291.666504,27292
4312.500000,4312.500000,2010-07-05,4375.000000,4250.000000,4250.000000,17742
4312.500000,4312.500000,2010-07-06,4333.333496,4150.000000,4312.500000,19151
4354.166504,4354.166504,2010-07-07,4375.000000,4250.000000,4375.000000,21374
4354.166504,4354.166504,2010-07-08,4458.333496,4333.333496,4375.000000,16103
4604.166504,4604.166504,2010-07-09,4812.500000,4333.333496,4437.500000,66258
4791.666504,4791.666504,2010-07-12,4833.333496,4583.333496,4666.666504,25151
4645.833496,4645.833496,2010-07-13,4812.500000,4604.166504,4791.666504,19881
4687.500000,4687.500000,2010-07-14,4708.333496,4541.666504,4583.333496,23296
4666.666504,4666.666504,2010-07-15,4791.666504,4500.000000,4687.500000,17841
4645.833496,4645.833496,2010-07-16,4708.333496,4541.666504,4708.333496,11706
4562.500000,4562.500000,2010-07-19,4645.833496,4458.333496,4541.666504,16139
4562.500000,4562.500000,2010-07-20,4666.666504,4479.166504,4625.000000,11236
4416.666504,4416.666504,2010-07-21,4666.666504,4416.666504,4541.666504,29133
4604.166504,4604.166504,2010-07-22,5020.833496,4375.000000,4416.666504,132911
4541.666504,4541.666504,2010-07-23,4833.333496,4479.166504,4604.166504,25350
4583.333496,4583.333496,2010-07-26,4750.000000,4458.333496,4750.000000,14795
4562.500000,4562.500000,2010-07-27,4583.333496,4395.833496,4520.833496,23925
4395.833496,4395.833496,2010-07-28,4541.666504,4333.333496,4541.666504,29841
4375.000000,4375.000000,2010-07-29,4479.166504,4333.333496,4375.000000,17716
4333.333496,4333.333496,2010-07-30,4416.666504,4312.500000,4416.666504,13943
4250.000000,4250.000000,2010-08-02,4395.833496,4208.333496,4354.166504,23440
4162.500000,4162.500000,2010-08-03,4395.833496,4125.000000,4250.000000,44982
4166.666504,4166.666504,2010-08-04,4250.000000,4133.333496,4187.500000,26306
4395.833496,4395.833496,2010-08-05,4583.333496,4162.500000,4166.666504,40115
4458.333496,4458.333496,2010-08-06,4479.166504,4312.500000,4458.333496,11150
4437.500000,4437.500000,2010-08-09,4541.666504,4333.333496,4333.333496,3926
4437.500000,4437.500000,2010-08-10,4666.666504,4437.500000,4437.500000,19828
4562.500000,4562.500000,2010-08-11,4562.500000,4395.833496,4562.500000,27326
4395.833496,4395.833496,2010-08-12,4541.666504,4375.000000,4541.666504,16720
4583.333496,4583.333496,2010-08-13,4583.333496,4333.333496,4500.000000,13036
4791.666504,4791.666504,2010-08-16,5041.666504,4500.000000,4500.000000,71222
4770.833496,4770.833496,2010-08-17,4854.166504,4708.333496,4854.166504,13041
4541.666504,4541.666504,2010-08-18,4770.833496,4479.166504,4770.833496,35051
4875.000000,4875.000000,2010-08-19,4875.000000,4562.500000,4687.500000,20538
4833.333496,4833.333496,2010-08-20,4875.000000,4687.500000,4750.000000,9959
4500.000000,4500.000000,2010-08-23,4812.500000,4416.666504,4687.500000,43175
4645.833496,4645.833496,2010-08-24,4666.666504,4520.833496,4666.666504,12203
4687.500000,4687.500000,2010-08-25,4750.000000,4500.000000,4645.833496,12899
4750.000000,4750.000000,2010-08-26,4833.333496,4562.500000,4833.333496,3688
4666.666504,4666.666504,2010-08-27,4750.000000,4541.666504,4750.000000,6861
4625.000000,4625.000000,2010-08-30,4812.500000,4625.000000,4812.500000,4180
4708.333496,4708.333496,2010-08-31,4791.666504,4645.833496,4666.666504,12861
4666.666504,4666.666504,2010-09-01,4791.666504,4666.666504,4708.333496,9698
4750.000000,4750.000000,2010-09-02,4791.666504,4583.333496,4770.833496,4655
4750.000000,4750.000000,2010-09-03,4791.666504,4666.666504,4791.666504,8296
4791.666504,4791.666504,2010-09-06,4854.166504,4750.000000,4854.166504,9606
4729.166504,4729.166504,2010-09-07,4854.166504,4604.166504,4854.166504,16749
4812.500000,4812.500000,2010-09-08,4812.500000,4625.000000,4812.500000,12858
4812.500000,4812.500000,2010-09-09,4833.333496,4708.333496,4833.333496,20733
4833.333496,4833.333496,2010-09-10,4833.333496,4750.000000,4833.333496,9923
4833.333496,4833.333496,2010-09-13,4916.666504,4791.666504,4916.666504,9078
4791.666504,4791.666504,2010-09-14,4916.666504,4687.500000,4916.666504,14788
4895.833496,4895.833496,2010-09-15,4895.833496,4708.333496,4833.333496,15573
4937.500000,4937.500000,2010-09-16,4979.166504,4854.166504,4958.333496,18909
4875.000000,4875.000000,2010-09-17,5104.166504,4875.000000,4895.833496,15820
4958.333496,4958.333496,2010-09-20,5083.333496,4791.666504,5000.000000,15983
4979.166504,4979.166504,2010-09-24,5041.666504,4895.833496,4916.666504,13802
5437.500000,5437.500000,2010-09-27,5583.333496,5000.000000,5041.666504,67242
6208.333496,6208.333496,2010-09-28,6250.000000,5291.666504,5416.666504,169581
5833.333496,5833.333496,2010-09-29,6083.333496,5666.666504,6020.833496,98188
5708.333496,5708.333496,2010-09-30,6500.000000,5708.333496,5875.000000,94271
5708.333496,5708.333496,2010-10-01,5875.000000,5500.000000,5812.500000,65565
5520.833496,5520.833496,2010-10-04,5770.833496,5375.000000,5770.833496,52919
5291.666504,5291.666504,2010-10-05,5562.500000,5270.833496,5395.833496,34420
5395.833496,5395.833496,2010-10-06,5416.666504,5291.666504,5312.500000,23630
5437.500000,5437.500000,2010-10-07,5458.333496,5250.000000,5458.333496,21369
5520.833496,5520.833496,2010-10-08,5520.833496,5291.666504,5437.500000,18114
5437.500000,5437.500000,2010-10-11,5625.000000,5375.000000,5500.000000,14399
5416.666504,5416.666504,2010-10-12,5479.166504,5291.666504,5479.166504,23942
5687.500000,5687.500000,2010-10-13,5708.333496,5437.500000,5458.333496,14250
5625.000000,5625.000000,2010-10-14,5854.166504,5625.000000,5770.833496,17078
5625.000000,5625.000000,2010-10-15,5750.000000,5520.833496,5750.000000,31079
5812.500000,5812.500000,2010-10-18,6083.333496,5562.500000,5729.166504,21239
6166.666504,6166.666504,2010-10-19,6250.000000,5833.333496,6041.666504,42933
5958.333496,5958.333496,2010-10-20,6250.000000,5958.333496,6166.666504,9045
6166.666504,6166.666504,2010-10-21,6291.666504,5958.333496,6125.000000,23452
5937.500000,5937.500000,2010-10-22,6354.166504,5937.500000,6250.000000,24748
5916.666504,5916.666504,2010-10-25,6083.333496,5833.333496,6083.333496,15801
5958.333496,5958.333496,2010-10-26,6020.833496,5791.666504,6020.833496,14150
5833.333496,5833.333496,2010-10-27,6208.333496,5666.666504,6062.500000,14848
5916.666504,5916.666504,2010-10-28,6000.000000,5729.166504,5916.666504,9244
5854.166504,5854.166504,2010-10-29,6083.333496,5854.166504,5958.333496,8567
5395.833496,5395.833496,2010-11-01,5937.500000,5395.833496,5937.500000,30870
5187.500000,5187.500000,2010-11-02,5458.333496,5000.000000,5437.500000,51882
5270.833496,5270.833496,2010-11-03,5458.333496,5187.500000,5187.500000,13449
5333.333496,5333.333496,2010-11-04,5354.166504,5187.500000,5250.000000,11457
5395.833496,5395.833496,2010-11-05,5479.166504,5270.833496,5333.333496,6446
5291.666504,5291.666504,2010-11-08,5520.833496,5270.833496,5270.833496,3249
5333.333496,5333.333496,2010-11-09,5354.166504,5187.500000,5354.166504,8130
5354.166504,5354.166504,2010-11-10,5666.666504,5291.666504,5666.666504,14010
5208.333496,5208.333496,2010-11-11,5541.666504,5166.666504,5354.166504,14270
5125.000000,5125.000000,2010-11-12,5208.333496,4895.833496,5208.333496,23121
5187.500000,5187.500000,2010-11-15,5187.500000,5062.500000,5125.000000,5963
5229.166504,5229.166504,2010-11-16,5250.000000,5020.833496,5250.000000,9177
5229.166504,5229.166504,2010-11-17,5250.000000,5041.666504,5250.000000,4250
5229.166504,5229.166504,2010-11-18,5250.000000,5104.166504,5250.000000,2853
5208.333496,5208.333496,2010-11-19,5270.833496,5104.166504,5270.833496,9722
5291.666504,5291.666504,2010-11-22,5291.666504,5104.166504,5270.833496,3218
5333.333496,5333.333496,2010-11-23,5395.833496,5125.000000,5333.333496,13031
5333.333496,5333.333496,2010-11-24,5333.333496,4791.666504,4791.666504,20829
5166.666504,5166.666504,2010-11-25,5416.666504,5166.666504,5416.666504,5759
4895.833496,4895.833496,2010-11-26,5333.333496,4895.833496,5333.333496,18798
4833.333496,4833.333496,2010-11-29,5000.000000,4666.666504,4895.833496,11176
4937.500000,4937.500000,2010-11-30,4958.333496,4770.833496,4875.000000,9674
5020.833496,5020.833496,2010-12-01,5020.833496,4854.166504,5000.000000,2111
5000.000000,5000.000000,2010-12-02,5145.833496,4833.333496,5041.666504,16593
5750.000000,5750.000000,2010-12-03,5750.000000,5458.333496,5729.166504,255537
5666.666504,5666.666504,2010-12-06,6041.666504,5500.000000,6041.666504,165650
5250.000000,5250.000000,2010-12-07,5791.666504,5250.000000,5666.666504,44843
5229.166504,5229.166504,2010-12-08,5395.833496,5083.333496,5208.333496,40396
5291.666504,5291.666504,2010-12-09,5666.666504,5250.000000,5250.000000,48784
5291.666504,5291.666504,2010-12-10,5500.000000,5208.333496,5395.833496,19403
5354.166504,5354.166504,2010-12-13,5500.000000,5229.166504,5458.333496,33256
6145.833496,6145.833496,2010-12-14,6145.833496,5395.833496,5395.833496,317620
6416.666504,6416.666504,2010-12-15,6562.500000,5916.666504,6166.666504,165868
6145.833496,6145.833496,2010-12-16,6666.666504,6000.000000,6666.666504,322598
6083.333496,6083.333496,2010-12-17,6229.166504,6062.500000,6166.666504,80778
5645.833496,5645.833496,2010-12-20,6041.666504,5562.500000,6041.666504,72266
5958.333496,5958.333496,2010-12-21,6250.000000,5708.333496,5708.333496,68973
5708.333496,5708.333496,2010-12-22,6083.333496,5687.500000,6020.833496,65776
5791.666504,5791.666504,2010-12-23,5916.666504,5645.833496,5750.000000,65109
5916.666504,5916.666504,2010-12-24,6000.000000,5708.333496,5875.000000,48261
5833.333496,5833.333496,2010-12-27,6083.333496,5791.666504,5854.166504,123093
5750.000000,5750.000000,2010-12-28,5895.833496,5708.333496,5708.333496,62078
5975.000000,5975.000000,2010-12-29,6583.333496,5833.333496,5883.333496,61018
5916.666504,5916.666504,2010-12-30,6125.000000,5916.666504,6008.333496,16250
5833.333496,5833.333496,2011-01-03,6058.333496,5750.000000,6058.333496,21314
5700.000000,5700.000000,2011-01-04,5825.000000,5633.333496,5816.666504,21837
5533.333496,5533.333496,2011-01-05,5716.666504,5500.000000,5675.000000,27256
5416.666504,5416.666504,2011-01-06,5641.666504,5416.666504,5558.333496,10775
5400.000000,5400.000000,2011-01-07,5408.333496,5291.666504,5366.666504,15345
5408.333496,5408.333496,2011-01-10,5433.333496,5266.666504,5383.333496,10840
5466.666504,5466.666504,2011-01-11,5500.000000,5383.333496,5416.666504,7391
5575.000000,5575.000000,2011-01-12,5625.000000,5483.333496,5491.666504,7808
5458.333496,5458.333496,2011-01-13,5666.666504,5458.333496,5591.666504,2506
5633.333496,5633.333496,2011-01-14,5658.333496,5275.000000,5550.000000,27214
5658.333496,5658.333496,2011-01-17,5708.333496,5558.333496,5708.333496,11259
5658.333496,5658.333496,2011-01-18,5708.333496,5591.666504,5708.333496,1385
5575.000000,5575.000000,2011-01-19,5691.666504,5300.000000,5583.333496,3737
5408.333496,5408.333496,2011-01-20,5683.333496,5300.000000,5500.000000,27285
5025.000000,5025.000000,2011-01-21,5333.333496,5000.000000,5166.666504,60708
4891.666504,4891.666504,2011-01-24,5000.000000,4883.333496,4941.666504,36021
4700.000000,4700.000000,2011-01-25,4975.000000,4666.666504,4891.666504,31108
4858.333496,4858.333496,2011-01-26,4866.666504,4608.333496,4666.666504,16721
5041.666504,5041.666504,2011-01-27,5083.333496,4858.333496,4908.333496,21854
5050.000000,5050.000000,2011-01-28,5316.666504,4958.333496,5316.666504,7299
4875.000000,4875.000000,2011-01-31,5141.666504,4850.000000,5050.000000,4088
4991.666504,4991.666504,2011-02-01,5091.666504,4875.000000,4875.000000,14487
5025.000000,5025.000000,2011-02-07,5116.666504,4950.000000,5116.666504,11777
4833.333496,4833.333496,2011-02-08,5025.000000,4708.333496,4875.000000,12393
4675.000000,4675.000000,2011-02-09,4891.666504,4666.666504,4841.666504,20640
4541.666504,4541.666504,2011-02-10,4675.000000,4491.666504,4675.000000,12850
4583.333496,4583.333496,2011-02-11,4750.000000,4541.666504,4541.666504,20576
4583.333496,4583.333496,2011-02-14,4666.666504,4533.333496,4658.333496,19008
4500.000000,4500.000000,2011-02-15,4666.666504,4500.000000,4608.333496,10074
4533.333496,4533.333496,2011-02-16,4566.666504,4425.000000,4466.666504,6779
4400.000000,4400.000000,2011-02-17,4475.000000,4004.166748,4458.333496,42467
4400.000000,4400.000000,2011-02-18,4400.000000,4291.666504,4400.000000,19170
4225.000000,4225.000000,2011-02-21,4391.666504,4225.000000,4391.666504,13985
4208.333496,4208.333496,2011-02-22,4250.000000,4083.333252,4183.333496,15314
4108.333496,4108.333496,2011-02-23,4125.000000,4008.333252,4125.000000,26230
4141.666504,4141.666504,2011-02-24,4141.666504,4000.000000,4041.666748,11247
4233.333496,4233.333496,2011-02-25,4325.000000,4004.166748,4004.166748,1996
4300.000000,4300.000000,2011-02-28,4325.000000,4083.333252,4325.000000,12515
4233.333496,4233.333496,2011-03-02,4283.333496,4083.333252,4283.333496,5108
4150.000000,4150.000000,2011-03-03,4300.000000,4108.333496,4300.000000,12117
3841.666748,3841.666748,2011-03-04,4241.666504,3841.666748,4166.666504,60946
3675.000000,3675.000000,2011-03-07,3870.833252,3675.000000,3870.833252,25217
3683.333252,3683.333252,2011-03-08,3704.166748,3625.000000,3625.000000,13294
3683.333252,3683.333252,2011-03-09,3745.833252,3666.666748,3708.333252,8483
3704.166748,3704.166748,2011-03-10,3712.500000,3633.333252,3666.666748,10929
3675.000000,3675.000000,2011-03-11,3700.000000,3591.666748,3700.000000,5626
3595.833252,3595.833252,2011-03-14,3620.833252,3537.500000,3587.500000,7798
3387.500000,3387.500000,2011-03-15,3633.333252,3383.333252,3629.166748,14555
3329.166748,3329.166748,2011-03-16,3416.666748,3200.000000,3416.666748,31214
3054.166748,3054.166748,2011-03-17,3325.000000,3041.666748,3325.000000,30242
3016.666748,3016.666748,2011-03-18,3108.333252,2995.833252,3083.333252,28758
3466.666748,3466.666748,2011-03-21,3466.666748,3037.500000,3037.500000,96923
3983.333252,3983.333252,2011-03-22,3983.333252,3583.333252,3583.333252,157541
4183.333496,4183.333496,2011-03-23,4566.666504,4008.333252,4050.000000,294778
3925.000000,3925.000000,2011-03-24,4225.000000,3841.666748,4183.333496,95243
4366.666504,4366.666504,2011-03-25,4500.000000,3837.500000,3958.333252,155604
4416.666504,4416.666504,2011-03-28,4908.333496,4183.333496,4366.666504,117885
4350.000000,4350.000000,2011-03-29,4916.666504,4283.333496,4916.666504,45302
4250.000000,4250.000000,2011-03-30,4433.333496,4125.000000,4391.666504,27333
4316.666504,4316.666504,2011-03-31,4391.666504,4091.666748,4250.000000,18080
3962.500000,3962.500000,2011-04-01,4458.333496,3875.000000,4358.333496,41454
4550.000000,4550.000000,2011-04-04,4550.000000,4041.666748,4058.333252,53572
4558.333496,4558.333496,2011-04-05,4750.000000,4291.666504,4658.333496,45728
4516.666504,4516.666504,2011-04-06,4650.000000,4433.333496,4558.333496,26447
4341.666504,4341.666504,2011-04-07,4516.666504,4083.333252,4516.666504,24042
4350.000000,4350.000000,2011-04-08,4375.000000,4250.000000,4300.000000,16568
4458.333496,4458.333496,2011-04-11,4583.333496,4208.333496,4291.666504,27514
4391.666504,4391.666504,2011-04-12,4491.666504,4333.333496,4458.333496,5794
4300.000000,4300.000000,2011-04-13,4425.000000,4091.666748,4333.333496,11634
4541.666504,4541.666504,2011-04-14,4575.000000,4166.666504,4250.000000,19164
4366.666504,4366.666504,2011-04-15,4541.666504,4250.000000,4541.666504,20216
4316.666504,4316.666504,2011-04-18,4500.000000,4300.000000,4391.666504,13767
4291.666504,4291.666504,2011-04-19,4316.666504,4166.666504,4250.000000,7352
4104.166504,4104.166504,2011-04-20,4291.666504,4104.166504,4291.666504,9442
3908.333252,3908.333252,2011-04-21,4091.666748,3908.333252,4091.666748,26711
4029.166748,4029.166748,2011-04-22,4033.333252,3875.000000,3916.666748,14920
4000.000000,4000.000000,2011-04-25,4070.833252,3916.666748,4025.000000,6387
3741.666748,3741.666748,2011-04-26,4033.333252,3708.333252,4033.333252,12737
3533.333252,3533.333252,2011-04-27,3741.666748,3516.666748,3741.666748,25898
3958.333252,3958.333252,2011-04-28,3995.833252,3533.333252,3533.333252,24309
3920.833252,3920.833252,2011-04-29,4166.666504,3750.000000,4091.666748,13720
3966.666748,3966.666748,2011-05-02,4079.166748,3933.333252,3933.333252,2318
3637.500000,3637.500000,2011-05-03,3804.166748,3629.166748,3629.166748,40955
3929.166748,3929.166748,2011-05-04,4041.666748,3625.000000,3645.833252,40781
4016.666748,4016.666748,2011-05-06,4466.666504,3895.833252,3895.833252,18057
4166.666504,4166.666504,2011-05-09,4233.333496,3975.000000,4208.333496,10248
4316.666504,4316.666504,2011-05-11,4316.666504,4058.333252,4166.666504,17440
4141.666504,4141.666504,2011-05-12,4333.333496,4141.666504,4316.666504,4212
4045.833252,4045.833252,2011-05-13,4208.333496,4041.666748,4125.000000,14494
4241.666504,4241.666504,2011-05-16,4308.333496,3987.500000,4308.333496,18756
4316.666504,4316.666504,2011-05-17,4408.333496,4241.666504,4391.666504,27545
4341.666504,4341.666504,2011-05-18,4416.666504,4316.666504,4316.666504,13624
3866.666748,3866.666748,2011-05-19,4491.666504,3833.333252,4491.666504,44754
4391.666504,4391.666504,2011-05-20,4416.666504,3712.500000,3870.833252,73251
4208.333496,4208.333496,2011-05-23,4416.666504,4191.666504,4416.666504,27664
4033.333252,4033.333252,2011-05-24,4233.333496,4000.000000,4233.333496,23423
4058.333252,4058.333252,2011-05-25,4166.666504,4033.333252,4033.333252,16402
4275.000000,4275.000000,2011-05-26,4375.000000,4070.833252,4375.000000,11885
4283.333496,4283.333496,2011-05-27,4283.333496,4020.833252,4283.333496,45660
4075.000000,4075.000000,2011-05-30,4308.333496,4050.000000,4208.333496,13676
4283.333496,4283.333496,2011-05-31,4291.666504,3991.666748,4000.000000,28520
4208.333496,4208.333496,2011-06-01,4408.333496,4091.666748,4400.000000,12174
4191.666504,4191.666504,2011-06-02,4208.333496,4025.000000,4208.333496,9164
4166.666504,4166.666504,2011-06-03,4575.000000,4166.666504,4575.000000,4284
3925.000000,3925.000000,2011-06-07,4191.666504,3858.333252,4091.666748,40456
3929.166748,3929.166748,2011-06-08,4083.333252,3916.666748,3925.000000,7082
3975.000000,3975.000000,2011-06-09,4162.500000,3975.000000,4162.500000,2607
3933.333252,3933.333252,2011-06-10,4150.000000,3933.333252,4150.000000,5806
4000.000000,4000.000000,2011-06-13,4158.333496,3929.166748,4083.333252,1694
4066.666748,4066.666748,2011-06-14,4150.000000,3933.333252,4150.000000,2741
3945.833252,3945.833252,2011-06-15,4125.000000,3941.666748,4125.000000,2828
3879.166748,3879.166748,2011-06-16,3966.666748,3858.333252,3966.666748,2232
3933.333252,3933.333252,2011-06-17,3958.333252,3875.000000,3950.000000,3911
3850.000000,3850.000000,2011-06-20,3983.333252,3833.333252,3983.333252,6101
3837.500000,3837.500000,2011-06-21,3883.333252,3741.666748,3833.333252,5998
3958.333252,3958.333252,2011-06-22,4241.666504,3887.500000,4241.666504,1661
3750.000000,3750.000000,2011-06-23,4075.000000,3750.000000,4075.000000,7049
4000.000000,4000.000000,2011-06-24,4083.333252,3420.833252,3420.833252,35326
3833.333252,3833.333252,2011-06-27,3929.166748,3658.333252,3766.666748,13379
3625.000000,3625.000000,2011-06-28,3833.333252,3620.833252,3833.333252,9568
3483.333252,3483.333252,2011-06-29,3704.166748,3416.666748,3704.166748,19480
3370.833252,3370.833252,2011-06-30,3541.666748,3341.666748,3541.666748,20952
3583.333252,3583.333252,2011-07-01,3633.333252,3404.166748,3404.166748,8048
3829.166748,3829.166748,2011-07-04,3833.333252,3537.500000,3620.833252,8141
3816.666748,3816.666748,2011-07-05,3904.166748,3625.000000,3904.166748,954
3841.666748,3841.666748,2011-07-06,3975.000000,3658.333252,3833.333252,2644
3854.166748,3854.166748,2011-07-07,3991.666748,3750.000000,3991.666748,1371
3650.000000,3650.000000,2011-07-08,3845.833252,3575.000000,3845.833252,4074
3658.333252,3658.333252,2011-07-11,3662.500000,3566.666748,3645.833252,3813
3620.833252,3620.833252,2011-07-12,3658.333252,3516.666748,3658.333252,167
3533.333252,3533.333252,2011-07-13,3658.333252,3525.000000,3633.333252,6069
3650.000000,3650.000000,2011-07-14,3650.000000,3416.666748,3520.833252,689
3500.000000,3500.000000,2011-07-15,3650.000000,3458.333252,3650.000000,5813
3583.333252,3583.333252,2011-07-18,3666.666748,3508.333252,3600.000000,1847
3529.166748,3529.166748,2011-07-19,3820.833252,3508.333252,3820.833252,542
3529.166748,3529.166748,2011-07-20,3650.000000,3458.333252,3650.000000,3184
3583.333252,3583.333252,2011-07-21,3583.333252,3433.333252,3583.333252,6952
3575.000000,3575.000000,2011-07-22,3579.166748,3475.000000,3579.166748,3878
3491.666748,3491.666748,2011-07-25,3600.000000,3458.333252,3591.666748,4690
3425.000000,3425.000000,2011-07-26,3558.333252,3408.333252,3508.333252,5285
3416.666748,3416.666748,2011-07-27,3487.500000,3341.666748,3425.000000,10181
3391.666748,3391.666748,2011-07-28,3566.666748,3333.333252,3366.666748,7498
3450.000000,3450.000000,2011-07-29,3470.833252,3345.833252,3391.666748,5163
3458.333252,3458.333252,2011-08-01,3500.000000,3375.000000,3441.666748,7518
3337.500000,3337.500000,2011-08-02,3516.666748,3337.500000,3516.666748,4541
3300.000000,3300.000000,2011-08-03,3345.833252,3208.333252,3345.833252,9497
3258.333252,3258.333252,2011-08-04,3558.333252,3258.333252,3558.333252,8333
3079.166748,3079.166748,2011-08-05,3125.000000,3000.000000,3000.000000,13005
3083.333252,3083.333252,2011-08-08,3083.333252,2762.500000,3037.500000,19115
2916.666748,2916.666748,2011-08-09,3058.333252,2620.833252,2758.333252,10184
2870.833252,2870.833252,2011-08-10,3041.666748,2870.833252,2916.666748,5058
2758.333252,2758.333252,2011-08-11,2995.833252,2754.166748,2887.500000,4076
2783.333252,2783.333252,2011-08-12,2904.166748,2775.000000,2775.000000,8736
2983.333252,2983.333252,2011-08-16,3125.000000,2825.000000,3125.000000,8339
3008.333252,3008.333252,2011-08-17,3083.333252,2858.333252,3083.333252,4208
3016.666748,3016.666748,2011-08-18,3037.500000,2945.833252,3008.333252,424
2925.000000,2925.000000,2011-08-19,3000.000000,2875.000000,2875.000000,1671
2875.000000,2875.000000,2011-08-22,3250.000000,2875.000000,3250.000000,1155
3058.333252,3058.333252,2011-08-23,3137.500000,2750.000000,2883.333252,3256
2995.833252,2995.833252,2011-08-24,3166.666748,2875.000000,3162.500000,4366
3054.166748,3054.166748,2011-08-25,3116.666748,2900.000000,3116.666748,6287
3041.666748,3041.666748,2011-08-26,3125.000000,2791.666748,3125.000000,15808
2895.833252,2895.833252,2011-08-29,3237.500000,2825.000000,2979.166748,60262
3329.166748,3329.166748,2011-08-30,3329.166748,2895.833252,2895.833252,355664
2875.000000,2875.000000,2011-08-31,3200.000000,2875.000000,3175.000000,327735
2791.666748,2791.666748,2011-09-01,2925.000000,2791.666748,2916.666748,59890
2595.833252,2595.833252,2011-09-02,2858.333252,2583.333252,2858.333252,92433
2600.000000,2600.000000,2011-09-05,2700.000000,2541.666748,2595.833252,24369
2558.333252,2558.333252,2011-09-06,2650.000000,2541.666748,2554.166748,17297
2625.000000,2625.000000,2011-09-07,2666.666748,2562.500000,2587.500000,11566
2604.166748,2604.166748,2011-09-08,2683.333252,2545.833252,2683.333252,15695
2583.333252,2583.333252,2011-09-09,2604.166748,2541.666748,2541.666748,7822
2525.000000,2525.000000,2011-09-14,2604.166748,2441.666748,2604.166748,7426
2420.833252,2420.833252,2011-09-15,2579.166748,2420.833252,2579.166748,14703
2441.666748,2441.666748,2011-09-16,2541.666748,2441.666748,2500.000000,15172
2441.666748,2441.666748,2011-09-19,2495.833252,2400.000000,2470.833252,4958
2433.333252,2433.333252,2011-09-20,2483.333252,2337.500000,2483.333252,3101
2470.833252,2470.833252,2011-09-21,2483.333252,2333.333252,2433.333252,18299
2350.000000,2350.000000,2011-09-22,2441.666748,2329.166748,2420.833252,12381
2166.666748,2166.666748,2011-09-23,2325.000000,2166.666748,2325.000000,19414
1841.666626,1841.666626,2011-09-26,2245.833252,1841.666626,2116.666748,17870
1825.000000,1825.000000,2011-09-27,1979.166626,1787.500000,1795.833374,24160
1908.333374,1908.333374,2011-09-28,1916.666626,1816.666626,1916.666626,10149
1945.833374,1945.833374,2011-09-29,2000.000000,1908.333374,1908.333374,9635
2033.333374,2033.333374,2011-09-30,2033.333374,1975.000000,1979.166626,6987
1883.333374,1883.333374,2011-10-04,1966.666626,1850.000000,1966.666626,7494
2162.500000,2162.500000,2011-10-05,2162.500000,1941.666626,1950.000000,90927
2483.333252,2483.333252,2011-10-06,2483.333252,2375.000000,2458.333252,57642
2558.333252,2558.333252,2011-10-07,2658.333252,2333.333252,2483.333252,158290
2625.000000,2625.000000,2011-10-10,2637.500000,2504.166748,2558.333252,24448
2733.333252,2733.333252,2011-10-11,2775.000000,2341.666748,2516.666748,26223
2716.666748,2716.666748,2011-10-12,2733.333252,2595.833252,2725.000000,7114
2387.500000,2387.500000,2011-10-13,2716.666748,2387.500000,2658.333252,18234
2250.000000,2250.000000,2011-10-14,2483.333252,2170.833252,2454.166748,17738
2308.333252,2308.333252,2011-10-17,2583.333252,2270.833252,2375.000000,22298
2454.166748,2454.166748,2011-10-18,2500.000000,2208.333252,2458.333252,18995
2395.833252,2395.833252,2011-10-19,2666.666748,2395.833252,2666.666748,7785
2300.000000,2300.000000,2011-10-20,2570.833252,2129.166748,2570.833252,23062
2308.333252,2308.333252,2011-10-21,2458.333252,2283.333252,2300.000000,3696
2333.333252,2333.333252,2011-10-24,2458.333252,2233.333252,2458.333252,11300
2366.666748,2366.666748,2011-10-25,2458.333252,2316.666748,2350.000000,1652
2400.000000,2400.000000,2011-10-26,2400.000000,2250.000000,2362.500000,9195
2383.333252,2383.333252,2011-10-27,2483.333252,2329.166748,2416.666748,6730
2300.000000,2300.000000,2011-10-28,2483.333252,2291.666748,2483.333252,27214
2558.333252,2558.333252,2011-10-31,2625.000000,2283.333252,2408.333252,48926
2500.000000,2500.000000,2011-11-01,2608.333252,2333.333252,2608.333252,16890
2516.666748,2516.666748,2011-11-02,2566.666748,2395.833252,2558.333252,13341
2516.666748,2516.666748,2011-11-03,2600.000000,2416.666748,2487.500000,9884
2583.333252,2583.333252,2011-11-04,2687.500000,2425.000000,2425.000000,17498
2583.333252,2583.333252,2011-11-07,2662.500000,2466.666748,2662.500000,7767
2500.000000,2500.000000,2011-11-08,2666.666748,2416.666748,2625.000000,19296
2533.333252,2533.333252,2011-11-09,2650.000000,2433.333252,2650.000000,9708
2533.333252,2533.333252,2011-11-10,2708.333252,2454.166748,2708.333252,10034
2537.500000,2537.500000,2011-11-11,2666.666748,2445.833252,2545.833252,9246
2562.500000,2562.500000,2011-11-14,2650.000000,2500.000000,2537.500000,1755
2562.500000,2562.500000,2011-11-15,2679.166748,2458.333252,2679.166748,2648
2537.500000,2537.500000,2011-11-16,2620.833252,2429.166748,2479.166748,15352
2441.666748,2441.666748,2011-11-17,2575.000000,2416.666748,2562.500000,15278
2454.166748,2454.166748,2011-11-18,2533.333252,2408.333252,2416.666748,15696
2820.833252,2820.833252,2011-11-21,2820.833252,2575.000000,2625.000000,323304
2420.833252,2420.833252,2011-11-22,2875.000000,2400.000000,2829.166748,387458
2058.333252,2058.333252,2011-11-23,2479.166748,2058.333252,2387.500000,135090
2004.166626,2004.166626,2011-11-24,2100.000000,1891.666626,2041.666626,88569
2100.000000,2100.000000,2011-11-25,2141.666748,2016.666626,2016.666626,42959
2112.500000,2112.500000,2011-11-28,2166.666748,2020.833374,2125.000000,36350
1983.333374,1983.333374,2011-11-29,2166.666748,1941.666626,2166.666748,27843
2016.666626,2016.666626,2011-11-30,2058.333252,1916.666626,1958.333374,14134
1979.166626,1979.166626,2011-12-01,2066.666748,1925.000000,2066.666748,14415
1991.666626,1991.666626,2011-12-02,2033.333374,1950.000000,1987.500000,5205
2000.000000,2000.000000,2011-12-05,2050.000000,1941.666626,2016.666626,10600
2091.666748,2091.666748,2011-12-06,2300.000000,1941.666626,2054.166748,104974
2050.000000,2050.000000,2011-12-07,2125.000000,2045.833374,2125.000000,17570
2083.333252,2083.333252,2011-12-08,2208.333252,2050.000000,2091.666748,19065
2054.166748,2054.166748,2011-12-09,2108.333252,2004.166626,2066.666748,11039
2066.666748,2066.666748,2011-12-12,2112.500000,2041.666626,2112.500000,10763
2066.666748,2066.666748,2011-12-13,2095.833252,2016.666626,2083.333252,4060
2045.833374,2045.833374,2011-12-14,2100.000000,2004.166626,2041.666626,6528
2083.333252,2083.333252,2011-12-15,2091.666748,2045.833374,2091.666748,6112
2004.166626,2004.166626,2011-12-16,2116.666748,1995.833374,2083.333252,18441
1962.500000,1962.500000,2011-12-19,2054.166748,1704.166626,2054.166748,19881
2020.833374,2020.833374,2011-12-20,2054.166748,1979.166626,1983.333374,47801
2087.500000,2087.500000,2011-12-21,2120.833252,2029.166626,2029.166626,18346
2108.333252,2108.333252,2011-12-22,2220.833252,2050.000000,2125.000000,43709
2083.333252,2083.333252,2011-12-23,2150.000000,2083.333252,2150.000000,9747
2395.833252,2395.833252,2011-12-26,2395.833252,2083.333252,2083.333252,288238
2145.833252,2145.833252,2011-12-27,2525.000000,2079.166748,2437.500000,344073
2050.000000,2050.000000,2011-12-28,2216.666748,1887.500000,2170.833252,66916
2000.000000,2000.000000,2011-12-29,2083.333252,1929.166626,2083.333252,51996
1991.666626,1991.666626,2012-01-02,2058.333252,1925.000000,2058.333252,36887
1908.333374,1908.333374,2012-01-03,1991.666626,1879.166626,1991.666626,73808
1916.666626,1916.666626,2012-01-04,1966.666626,1887.500000,1916.666626,40829
1912.500000,1912.500000,2012-01-05,1979.166626,1891.666626,1979.166626,44565
1962.500000,1962.500000,2012-01-06,2020.833374,1912.500000,1920.833374,67926
1966.666626,1966.666626,2012-01-09,2116.666748,1925.000000,1970.833374,60998
1987.500000,1987.500000,2012-01-10,2025.000000,1941.666626,2020.833374,51220
2083.333252,2083.333252,2012-01-11,2108.333252,1987.500000,2033.333374,19965
2125.000000,2125.000000,2012-01-12,2137.500000,2050.000000,2050.000000,22444
2083.333252,2083.333252,2012-01-13,2158.333252,2062.500000,2158.333252,36544
2008.333374,2008.333374,2012-01-16,2116.666748,2000.000000,2116.666748,27040
2108.333252,2108.333252,2012-01-17,2308.333252,2041.666626,2041.666626,566256
2033.333374,2033.333374,2012-01-18,2116.666748,2012.500000,2066.666748,69981
2079.166748,2079.166748,2012-01-19,2091.666748,2000.000000,2070.833252,38570
2087.500000,2087.500000,2012-01-20,2141.666748,2054.166748,2054.166748,21120
2091.666748,2091.666748,2012-01-25,2120.833252,2041.666626,2091.666748,24006
2200.000000,2200.000000,2012-01-26,2375.000000,2104.166748,2108.333252,83398
2191.666748,2191.666748,2012-01-27,2237.500000,2108.333252,2191.666748,34751
2166.666748,2166.666748,2012-01-30,2320.833252,2120.833252,2175.000000,17432
2125.000000,2125.000000,2012-01-31,2200.000000,2108.333252,2158.333252,27863
2112.500000,2112.500000,2012-02-01,2166.666748,2079.166748,2158.333252,41387
2066.666748,2066.666748,2012-02-02,2120.833252,2045.833374,2116.666748,51101
2091.666748,2091.666748,2012-02-03,2091.666748,2054.166748,2054.166748,20147
2016.666626,2016.666626,2012-02-06,2104.166748,2016.666626,2091.666748,26991
2070.833252,2070.833252,2012-02-07,2079.166748,2008.333374,2016.666626,17896
2087.500000,2087.500000,2012-02-08,2087.500000,2020.833374,2041.666626,58764
2225.000000,2225.000000,2012-02-09,2379.166748,2087.500000,2116.666748,155487
2275.000000,2275.000000,2012-02-10,2279.166748,2133.333252,2279.166748,38200
2337.500000,2337.500000,2012-02-13,2345.833252,2208.333252,2275.000000,50404
2300.000000,2300.000000,2012-02-14,2391.666748,2250.000000,2391.666748,29444
2183.333252,2183.333252,2012-02-15,2279.166748,2125.000000,2250.000000,58404
2175.000000,2175.000000,2012-02-16,2266.666748,2150.000000,2208.333252,64059
2450.000000,2450.000000,2012-02-17,2500.000000,2187.500000,2233.333252,352646
2441.666748,2441.666748,2012-02-20,2450.000000,2308.333252,2416.666748,103112
2433.333252,2433.333252,2012-02-21,2541.666748,2379.166748,2491.666748,89492
2462.500000,2462.500000,2012-02-22,2795.833252,2333.333252,2408.333252,521218
2520.833252,2520.833252,2012-02-23,2525.000000,2362.500000,2462.500000,63936
2416.666748,2416.666748,2012-02-24,2525.000000,2408.333252,2525.000000,76601
2370.833252,2370.833252,2012-02-27,2425.000000,2333.333252,2416.666748,139181
2400.000000,2400.000000,2012-02-28,2433.333252,2300.000000,2366.666748,31798
2433.333252,2433.333252,2012-02-29,2475.000000,2358.333252,2445.833252,15838
2416.666748,2416.666748,2012-03-02,2475.000000,2358.333252,2400.000000,39758
2416.666748,2416.666748,2012-03-05,2475.000000,2383.333252,2416.666748,12718
2333.333252,2333.333252,2012-03-06,2454.166748,2295.833252,2416.666748,32124
2341.666748,2341.666748,2012-03-07,2358.333252,2233.333252,2266.666748,51870
2229.166748,2229.166748,2012-03-08,2341.666748,2208.333252,2341.666748,93015
2254.166748,2254.166748,2012-03-09,2287.500000,2208.333252,2225.000000,26458
2250.000000,2250.000000,2012-03-12,2320.833252,2208.333252,2254.166748,37720
2275.000000,2275.000000,2012-03-13,2275.000000,1970.833374,2254.166748,12839
2270.833252,2270.833252,2012-03-14,2316.666748,2241.666748,2308.333252,16646
2295.833252,2295.833252,2012-03-15,2308.333252,2254.166748,2275.000000,12902
2412.500000,2412.500000,2012-03-16,2412.500000,2279.166748,2329.166748,44360
2533.333252,2533.333252,2012-03-19,2750.000000,2483.333252,2508.333252,202577
2500.000000,2500.000000,2012-03-20,2600.000000,2445.833252,2600.000000,52460
2495.833252,2495.833252,2012-03-21,2575.000000,2433.333252,2575.000000,12650
2408.333252,2408.333252,2012-03-22,2500.000000,2408.333252,2500.000000,32769
2462.500000,2462.500000,2012-03-23,2462.500000,2379.166748,2395.833252,10936
2458.333252,2458.333252,2012-03-26,2583.333252,2404.166748,2520.833252,21338
2433.333252,2433.333252,2012-03-27,2458.333252,2416.666748,2458.333252,13887
2400.000000,2400.000000,2012-03-28,2462.500000,2383.333252,2425.000000,17499
2325.000000,2325.000000,2012-03-29,2454.166748,2300.000000,2404.166748,17816
2525.000000,2525.000000,2012-03-30,2666.666748,2308.333252,2320.833252,91744
2541.666748,2541.666748,2012-04-02,2629.166748,2508.333252,2583.333252,23751
2458.333252,2458.333252,2012-04-03,2625.000000,2458.333252,2625.000000,10071
2358.333252,2358.333252,2012-04-04,2533.333252,2354.166748,2470.833252,24978
2370.833252,2370.833252,2012-04-05,2379.166748,2329.166748,2358.333252,7328
2350.000000,2350.000000,2012-04-06,2400.000000,2341.666748,2375.000000,6885
2233.333252,2233.333252,2012-04-09,2350.000000,2229.166748,2345.833252,21651
2141.666748,2141.666748,2012-04-10,2212.500000,2108.333252,2125.000000,26950
2158.333252,2158.333252,2012-04-12,2195.833252,2112.500000,2195.833252,9274
2179.166748,2179.166748,2012-04-13,2191.666748,2145.833252,2191.666748,8991
2200.000000,2200.000000,2012-04-16,2225.000000,2158.333252,2204.166748,4240
2166.666748,2166.666748,2012-04-17,2283.333252,2125.000000,2183.333252,17337
2216.666748,2216.666748,2012-04-18,2237.500000,2154.166748,2179.166748,4259
2241.666748,2241.666748,2012-04-19,2250.000000,2166.666748,2250.000000,10043
2250.000000,2250.000000,2012-04-20,2279.166748,2208.333252,2279.166748,1780
2237.500000,2237.500000,2012-04-23,2266.666748,2195.833252,2266.666748,14825
2183.333252,2183.333252,2012-04-24,2333.333252,2166.666748,2333.333252,15993
2195.833252,2195.833252,2012-04-25,2241.666748,2125.000000,2162.500000,16756
2150.000000,2150.000000,2012-04-26,2216.666748,2141.666748,2216.666748,58474
2200.000000,2200.000000,2012-04-27,2337.500000,2108.333252,2141.666748,19844
2529.166748,2529.166748,2012-04-30,2529.166748,2287.500000,2287.500000,606401
2908.333252,2908.333252,2012-05-02,2908.333252,2416.666748,2666.666748,489392
3075.000000,3075.000000,2012-05-03,3333.333252,2754.166748,3108.333252,524072
2875.000000,2875.000000,2012-05-04,3075.000000,2708.333252,2979.166748,235646
2875.000000,2875.000000,2012-05-07,3166.666748,2708.333252,2875.000000,385136
2916.666748,2916.666748,2012-05-08,3208.333252,2791.666748,2958.333252,490766
2833.333252,2833.333252,2012-05-09,2991.666748,2679.166748,2987.500000,167637
2812.500000,2812.500000,2012-05-10,2862.500000,2695.833252,2862.500000,92510
2645.833252,2645.833252,2012-05-11,2850.000000,2516.666748,2850.000000,76755
2404.166748,2404.166748,2012-05-14,2620.833252,2341.666748,2587.500000,116772
2254.166748,2254.166748,2012-05-15,2320.833252,2095.833252,2216.666748,137430
2208.333252,2208.333252,2012-05-16,2254.166748,2150.000000,2154.166748,55245
2208.333252,2208.333252,2012-05-17,2291.666748,2125.000000,2208.333252,61319
2104.166748,2104.166748,2012-05-18,2200.000000,2091.666748,2200.000000,29004
2166.666748,2166.666748,2012-05-21,2208.333252,2083.333252,2129.166748,43552
2250.000000,2250.000000,2012-05-22,2250.000000,2141.666748,2183.333252,19380
2175.000000,2175.000000,2012-05-23,2250.000000,2170.833252,2241.666748,13119
2112.500000,2112.500000,2012-05-24,2191.666748,2104.166748,2116.666748,21678
2191.666748,2191.666748,2012-05-25,2375.000000,2116.666748,2145.833252,97146
2175.000000,2175.000000,2012-05-29,2316.666748,2175.000000,2245.833252,23348
2208.333252,2208.333252,2012-05-30,2208.333252,2116.666748,2175.000000,17908
2179.166748,2179.166748,2012-05-31,2220.833252,2129.166748,2150.000000,29172
2187.500000,2187.500000,2012-06-01,2208.333252,2133.333252,2208.333252,25010
2137.500000,2137.500000,2012-06-04,2158.333252,2091.666748,2091.666748,50931
2454.166748,2454.166748,2012-06-05,2454.166748,2116.666748,2116.666748,289356
2475.000000,2475.000000,2012-06-07,2733.333252,2404.166748,2550.000000,266331
2333.333252,2333.333252,2012-06-08,2500.000000,2175.000000,2475.000000,203532
2375.000000,2375.000000,2012-06-11,2412.500000,2275.000000,2412.500000,53236
2425.000000,2425.000000,2012-06-12,2541.666748,2308.333252,2308.333252,95459
2458.333252,2458.333252,2012-06-13,2641.666748,2429.166748,2433.333252,66005
2479.166748,2479.166748,2012-06-14,2500.000000,2291.666748,2420.833252,39482
2520.833252,2520.833252,2012-06-15,2554.166748,2433.333252,2554.166748,57894
2895.833252,2895.833252,2012-06-18,2895.833252,2500.000000,2520.833252,184498
2737.500000,2737.500000,2012-06-19,2933.333252,2616.666748,2808.333252,294243
3145.833252,3145.833252,2012-06-20,3145.833252,2708.333252,2729.166748,372404
3033.333252,3033.333252,2012-06-21,3358.333252,2933.333252,3333.333252,312940
2833.333252,2833.333252,2012-06-22,3000.000000,2750.000000,2954.166748,157439
2758.333252,2758.333252,2012-06-25,2883.333252,2754.166748,2883.333252,57527
2662.500000,2662.500000,2012-06-26,2791.666748,2600.000000,2791.666748,76330
2683.333252,2683.333252,2012-06-27,2729.166748,2616.666748,2708.333252,33213
2666.666748,2666.666748,2012-06-28,2716.666748,2641.666748,2662.500000,45916
3033.333252,3033.333252,2012-06-29,3066.666748,2654.166748,2708.333252,234551
3087.500000,3087.500000,2012-07-02,3125.000000,2904.166748,2925.000000,112065
3458.333252,3458.333252,2012-07-03,3533.333252,2975.000000,3083.333252,163509
3529.166748,3529.166748,2012-07-04,3666.666748,3366.666748,3650.000000,197214
3333.333252,3333.333252,2012-07-05,3579.166748,3237.500000,3529.166748,110297
3308.333252,3308.333252,2012-07-06,3370.833252,3133.333252,3366.666748,23718
3087.500000,3087.500000,2012-07-09,3220.833252,3070.833252,3145.833252,63312
3291.666748,3291.666748,2012-07-10,3291.666748,2975.000000,2975.000000,90941
3270.833252,3270.833252,2012-07-11,3441.666748,3083.333252,3441.666748,49624
3250.000000,3250.000000,2012-07-12,3270.833252,3100.000000,3208.333252,24795
3245.833252,3245.833252,2012-07-13,3408.333252,3062.500000,3250.000000,40100
3041.666748,3041.666748,2012-07-16,3375.000000,3041.666748,3370.833252,28426
2950.000000,2950.000000,2012-07-17,3079.166748,2870.833252,2983.333252,46935
2866.666748,2866.666748,2012-07-18,3000.000000,2800.000000,3000.000000,18933
2950.000000,2950.000000,2012-07-19,2958.333252,2812.500000,2850.000000,9762
2941.666748,2941.666748,2012-07-20,2991.666748,2862.500000,2916.666748,12814
2708.333252,2708.333252,2012-07-23,2975.000000,2708.333252,2975.000000,20943
2583.333252,2583.333252,2012-07-24,2716.666748,2575.000000,2666.666748,40806
2454.166748,2454.166748,2012-07-25,2620.833252,2416.666748,2566.666748,20476
2541.666748,2541.666748,2012-07-26,2558.333252,2337.500000,2337.500000,18152
2575.000000,2575.000000,2012-07-27,2579.166748,2504.166748,2570.833252,10402
2541.666748,2541.666748,2012-07-30,2654.166748,2541.666748,2654.166748,19832
2695.833252,2695.833252,2012-07-31,2750.000000,2512.500000,2541.666748,39226
2708.333252,2708.333252,2012-08-01,2733.333252,2620.833252,2733.333252,3428
2712.500000,2712.500000,2012-08-02,2750.000000,2641.666748,2708.333252,9680
2712.500000,2712.500000,2012-08-03,2737.500000,2629.166748,2704.166748,1114
2658.333252,2658.333252,2012-08-06,2750.000000,2333.333252,2662.500000,11582
2654.166748,2654.166748,2012-08-07,2687.500000,2566.666748,2625.000000,8750
2604.166748,2604.166748,2012-08-08,2691.666748,2566.666748,2650.000000,5792
2683.333252,2683.333252,2012-08-09,2720.833252,2620.833252,2625.000000,11085
2700.000000,2700.000000,2012-08-10,2741.666748,2625.000000,2733.333252,13106
2625.000000,2625.000000,2012-08-13,2725.000000,2600.000000,2666.666748,9088
2766.666748,2766.666748,2012-08-14,2770.833252,2625.000000,2666.666748,8133
2825.000000,2825.000000,2012-08-16,2858.333252,2666.666748,2766.666748,6578
2750.000000,2750.000000,2012-08-17,2804.166748,2708.333252,2766.666748,8670
2825.000000,2825.000000,2012-08-20,2825.000000,2679.166748,2679.166748,9816
2808.333252,2808.333252,2012-08-21,2883.333252,2750.000000,2825.000000,2476
2787.500000,2787.500000,2012-08-22,2866.666748,2683.333252,2866.666748,7281
2741.666748,2741.666748,2012-08-23,2833.333252,2741.666748,2833.333252,2285
2737.500000,2737.500000,2012-08-24,2754.166748,2625.000000,2754.166748,2120
2641.666748,2641.666748,2012-08-27,2870.833252,2616.666748,2870.833252,8028
2670.833252,2670.833252,2012-08-28,2741.666748,2600.000000,2641.666748,8610
2795.833252,2795.833252,2012-08-29,2820.833252,2633.333252,2725.000000,22158
2825.000000,2825.000000,2012-08-30,3000.000000,2612.500000,2883.333252,30752
2625.000000,2625.000000,2012-08-31,2970.833252,2583.333252,2970.833252,65294
2600.000000,2600.000000,2012-09-03,2729.166748,2550.000000,2625.000000,33430
2475.000000,2475.000000,2012-09-04,2658.333252,2458.333252,2600.000000,22562
2495.833252,2495.833252,2012-09-05,2529.166748,2450.000000,2450.000000,21167
2462.500000,2462.500000,2012-09-06,2550.000000,2445.833252,2495.833252,15556
2516.666748,2516.666748,2012-09-07,2533.333252,2466.666748,2495.833252,3411
2520.833252,2520.833252,2012-09-10,2541.666748,2454.166748,2516.666748,17434
2500.000000,2500.000000,2012-09-11,2520.833252,2429.166748,2500.000000,11610
2612.500000,2612.500000,2012-09-12,2666.666748,2483.333252,2500.000000,36075
3004.166748,3004.166748,2012-09-13,3004.166748,2716.666748,2808.333252,71165
3054.166748,3054.166748,2012-09-14,3454.166748,3012.500000,3350.000000,479074
2879.166748,2879.166748,2012-09-17,3029.166748,2804.166748,3004.166748,147177
2866.666748,2866.666748,2012-09-18,2937.500000,2708.333252,2883.333252,87526
2829.166748,2829.166748,2012-09-19,2891.666748,2741.666748,2891.666748,67353
2958.333252,2958.333252,2012-09-20,3208.333252,2795.833252,2875.000000,167972
2841.666748,2841.666748,2012-09-21,3100.000000,2825.000000,3100.000000,37810
2850.000000,2850.000000,2012-09-24,2850.000000,2737.500000,2850.000000,51125
2795.833252,2795.833252,2012-09-25,2850.000000,2712.500000,2850.000000,20404
2850.000000,2850.000000,2012-09-26,2970.833252,2766.666748,2800.000000,28092
2750.000000,2750.000000,2012-09-27,2908.333252,2708.333252,2850.000000,24969
2750.000000,2750.000000,2012-09-28,2791.666748,2733.333252,2750.000000,7642
2720.833252,2720.833252,2012-10-02,2795.833252,2708.333252,2708.333252,11063
2725.000000,2725.000000,2012-10-04,2775.000000,2675.000000,2733.333252,12668
2700.000000,2700.000000,2012-10-05,2762.500000,2691.666748,2750.000000,8908
2745.833252,2745.833252,2012-10-08,2770.833252,2662.500000,2700.000000,24702
2762.500000,2762.500000,2012-10-09,2787.500000,2708.333252,2733.333252,11051
3175.000000,3175.000000,2012-10-10,3175.000000,2708.333252,2758.333252,326037
2925.000000,2925.000000,2012-10-11,3116.666748,2920.833252,3104.166748,218559
3033.333252,3033.333252,2012-10-12,3158.333252,2929.166748,2958.333252,103482
3266.666748,3266.666748,2012-10-15,3375.000000,3004.166748,3004.166748,176835
3100.000000,3100.000000,2012-10-16,3304.166748,3083.333252,3304.166748,58709
2975.000000,2975.000000,2012-10-17,3100.000000,2916.666748,3058.333252,69860
3016.666748,3016.666748,2012-10-18,3062.500000,2916.666748,3033.333252,16463
2945.833252,2945.833252,2012-10-19,3075.000000,2887.500000,2912.500000,20772
3041.666748,3041.666748,2012-10-22,3058.333252,2783.333252,2812.500000,26914
3041.666748,3041.666748,2012-10-23,3045.833252,2908.333252,2970.833252,26364
2920.833252,2920.833252,2012-10-24,3041.666748,2920.833252,3041.666748,20610
2925.000000,2925.000000,2012-10-25,3004.166748,2875.000000,3004.166748,21453
2850.000000,2850.000000,2012-10-26,2945.833252,2850.000000,2916.666748,7137
2900.000000,2900.000000,2012-10-29,3083.333252,2837.500000,2837.500000,13308
2666.666748,2666.666748,2012-10-30,2891.666748,2645.833252,2845.833252,37077
2741.666748,2741.666748,2012-10-31,2741.666748,2579.166748,2583.333252,46700
2695.833252,2695.833252,2012-11-01,2791.666748,2654.166748,2750.000000,9549
2691.666748,2691.666748,2012-11-02,2766.666748,2683.333252,2695.833252,17086
2708.333252,2708.333252,2012-11-05,2804.166748,2608.333252,2691.666748,4133
2858.333252,2858.333252,2012-11-06,2870.833252,2712.500000,2766.666748,7814
2750.000000,2750.000000,2012-11-07,2916.666748,2683.333252,2916.666748,3227
2829.166748,2829.166748,2012-11-08,2850.000000,2670.833252,2708.333252,2571
2825.000000,2825.000000,2012-11-09,2891.666748,2762.500000,2762.500000,4911
2941.666748,2941.666748,2012-11-12,2941.666748,2808.333252,2825.000000,15260
2900.000000,2900.000000,2012-11-13,2983.333252,2854.166748,2937.500000,23445
2875.000000,2875.000000,2012-11-14,2916.666748,2708.333252,2841.666748,10234
2666.666748,2666.666748,2012-11-15,2875.000000,2595.833252,2833.333252,55468
2745.833252,2745.833252,2012-11-16,2808.333252,2441.666748,2441.666748,28979
2633.333252,2633.333252,2012-11-19,2737.500000,2570.833252,2570.833252,10498
2666.666748,2666.666748,2012-11-20,2683.333252,2625.000000,2633.333252,2147
2516.666748,2516.666748,2012-11-21,2700.000000,2516.666748,2662.500000,20474
2570.833252,2570.833252,2012-11-22,2666.666748,2466.666748,2466.666748,9520
2608.333252,2608.333252,2012-11-23,2700.000000,2508.333252,2570.833252,8759
2616.666748,2616.666748,2012-11-26,2620.833252,2541.666748,2600.000000,4167
2620.833252,2620.833252,2012-11-27,2650.000000,2570.833252,2579.166748,2950
2658.333252,2658.333252,2012-11-28,2658.333252,2533.333252,2558.333252,9808
2637.500000,2637.500000,2012-11-29,2708.333252,2591.666748,2658.333252,9276
2625.000000,2625.000000,2012-11-30,2745.833252,2545.833252,2637.500000,4236
2600.000000,2600.000000,2012-12-03,2687.500000,2533.333252,2625.000000,3898
2525.000000,2525.000000,2012-12-04,2625.000000,2445.833252,2587.500000,18749
2525.000000,2525.000000,2012-12-05,2575.000000,2491.666748,2537.500000,7664
2558.333252,2558.333252,2012-12-06,2575.000000,2416.666748,2429.166748,14586
2750.000000,2750.000000,2012-12-07,2766.666748,2483.333252,2550.000000,12500
2762.500000,2762.500000,2012-12-10,2779.166748,2708.333252,2750.000000,5046
2770.833252,2770.833252,2012-12-11,2795.833252,2654.166748,2758.333252,13691
2866.666748,2866.666748,2012-12-12,2870.833252,2691.666748,2712.500000,11874
2833.333252,2833.333252,2012-12-13,2866.666748,2729.166748,2866.666748,13964
2812.500000,2812.500000,2012-12-14,2870.833252,2766.666748,2870.833252,8050
2812.500000,2812.500000,2012-12-17,2829.166748,2716.666748,2800.000000,6782
2791.666748,2791.666748,2012-12-18,2866.666748,2675.000000,2866.666748,7334
2829.166748,2829.166748,2012-12-20,2870.833252,2733.333252,2750.000000,7764
2825.000000,2825.000000,2012-12-21,2866.666748,2716.666748,2787.500000,11322
2829.166748,2829.166748,2012-12-24,2833.333252,2733.333252,2833.333252,3436
2941.666748,2941.666748,2012-12-26,2954.166748,2775.000000,2775.000000,28655
2941.666748,2941.666748,2012-12-27,3000.000000,2858.333252,2983.333252,4721
2945.833252,2945.833252,2012-12-28,2966.666748,2908.333252,2908.333252,994
2966.666748,2966.666748,2013-01-02,2995.833252,2850.000000,2995.833252,6014
2958.333252,2958.333252,2013-01-03,2991.666748,2862.500000,2950.000000,5132
2945.833252,2945.833252,2013-01-04,2966.666748,2904.166748,2966.666748,5553
2920.833252,2920.833252,2013-01-07,3058.333252,2850.000000,3058.333252,12850
2925.000000,2925.000000,2013-01-08,3008.333252,2833.333252,3008.333252,23170
2925.000000,2925.000000,2013-01-09,3054.166748,2891.666748,2891.666748,8046
2975.000000,2975.000000,2013-01-10,3066.666748,2916.666748,3066.666748,10506
2950.000000,2950.000000,2013-01-11,2983.333252,2916.666748,2954.166748,5517
3000.000000,3000.000000,2013-01-14,3033.333252,2950.000000,3000.000000,15056
3008.333252,3008.333252,2013-01-15,3062.500000,3000.000000,3000.000000,10258
3020.833252,3020.833252,2013-01-16,3104.166748,3000.000000,3000.000000,9378
3025.000000,3025.000000,2013-01-17,3079.166748,2975.000000,2975.000000,4481
3025.000000,3025.000000,2013-01-18,3079.166748,3016.666748,3079.166748,6653
3058.333252,3058.333252,2013-01-21,3083.333252,3012.500000,3016.666748,1619
3075.000000,3075.000000,2013-01-22,3083.333252,3050.000000,3058.333252,4186
3083.333252,3083.333252,2013-01-23,3083.333252,3062.500000,3075.000000,12167
3150.000000,3150.000000,2013-01-24,3191.666748,3037.500000,3070.833252,35150
3366.666748,3366.666748,2013-01-25,3500.000000,3154.166748,3154.166748,67092
3395.833252,3395.833252,2013-01-28,3433.333252,3333.333252,3341.666748,17322
3375.000000,3375.000000,2013-01-29,3408.333252,3250.000000,3308.333252,18915
3333.333252,3333.333252,2013-01-30,3416.666748,3208.333252,3416.666748,28016
3316.666748,3316.666748,2013-01-31,3416.666748,3266.666748,3316.666748,2571
3183.333252,3183.333252,2013-02-01,3275.000000,3137.500000,3179.166748,15689
3162.500000,3162.500000,2013-02-04,3241.666748,3120.833252,3241.666748,3803
3220.833252,3220.833252,2013-02-05,3283.333252,3133.333252,3133.333252,3790
3279.166748,3279.166748,2013-02-06,3291.666748,3170.833252,3266.666748,2822
3175.000000,3175.000000,2013-02-07,3241.666748,3054.166748,3108.333252,38668
3175.000000,3175.000000,2013-02-08,3208.333252,3087.500000,3195.833252,5078
3191.666748,3191.666748,2013-02-12,3208.333252,3150.000000,3175.000000,4152
3100.000000,3100.000000,2013-02-13,3225.000000,3100.000000,3108.333252,25106
3291.666748,3291.666748,2013-02-14,3291.666748,3050.000000,3112.500000,30602
3291.666748,3291.666748,2013-02-15,3341.666748,3250.000000,3341.666748,6819
3279.166748,3279.166748,2013-02-18,3433.333252,3012.500000,3291.666748,20902
3279.166748,3279.166748,2013-02-19,3291.666748,3125.000000,3125.000000,19829
3291.666748,3291.666748,2013-02-20,3316.666748,3195.833252,3245.833252,4707
3312.500000,3312.500000,2013-02-21,3333.333252,3283.333252,3291.666748,9432
3416.666748,3416.666748,2013-02-22,3500.000000,3270.833252,3329.166748,24932
3441.666748,3441.666748,2013-02-25,3566.666748,3358.333252,3487.500000,23036
3470.833252,3470.833252,2013-02-26,3575.000000,3441.666748,3575.000000,47
3479.166748,3479.166748,2013-02-27,3566.666748,3391.666748,3500.000000,5096
3400.000000,3400.000000,2013-02-28,3733.333252,3354.166748,3491.666748,30742
3483.333252,3483.333252,2013-03-04,3537.500000,3391.666748,3391.666748,18740
3579.166748,3579.166748,2013-03-05,3633.333252,3445.833252,3445.833252,7619
3583.333252,3583.333252,2013-03-06,3666.666748,3558.333252,3666.666748,1013
3583.333252,3583.333252,2013-03-07,3591.666748,3437.500000,3583.333252,21302
3608.333252,3608.333252,2013-03-08,3608.333252,3458.333252,3583.333252,14838
3612.500000,3612.500000,2013-03-11,3629.166748,3591.666748,3591.666748,1590
3612.500000,3612.500000,2013-03-12,3733.333252,3541.666748,3733.333252,16983
3583.333252,3583.333252,2013-03-13,3670.833252,3491.666748,3670.833252,11012
3625.000000,3625.000000,2013-03-14,3625.000000,3470.833252,3566.666748,28517
3625.000000,3625.000000,2013-03-15,3625.000000,3537.500000,3625.000000,620
3616.666748,3616.666748,2013-03-18,3625.000000,3525.000000,3625.000000,964
3579.166748,3579.166748,2013-03-19,3616.666748,3512.500000,3616.666748,4618
3754.166748,3754.166748,2013-03-20,3791.666748,3500.000000,3562.500000,4406
3583.333252,3583.333252,2013-03-21,3633.333252,3500.000000,3633.333252,5388
3583.333252,3583.333252,2013-03-22,3600.000000,3533.333252,3600.000000,2770
3583.333252,3583.333252,2013-03-25,3625.000000,3550.000000,3583.333252,11246
3587.500000,3587.500000,2013-03-26,3587.500000,3541.666748,3583.333252,4264
3583.333252,3583.333252,2013-03-27,3600.000000,3512.500000,3583.333252,5628
3583.333252,3583.333252,2013-03-28,3587.500000,3508.333252,3575.000000,13910
3583.333252,3583.333252,2013-03-29,3583.333252,3533.333252,3583.333252,5013
3558.333252,3558.333252,2013-04-01,3583.333252,3487.500000,3583.333252,7340
3483.333252,3483.333252,2013-04-02,3558.333252,3470.833252,3558.333252,3836
3525.000000,3525.000000,2013-04-03,3525.000000,3458.333252,3458.333252,29493
3550.000000,3550.000000,2013-04-04,3808.333252,3541.666748,3541.666748,11772
3575.000000,3575.000000,2013-04-05,3583.333252,3525.000000,3550.000000,10542
3570.833252,3570.833252,2013-04-08,3583.333252,3500.000000,3583.333252,1110
3566.666748,3566.666748,2013-04-09,3620.833252,3470.833252,3620.833252,1390
3566.666748,3566.666748,2013-04-10,3583.333252,3516.666748,3583.333252,4012
3562.500000,3562.500000,2013-04-11,3666.666748,3491.666748,3666.666748,333
3562.500000,3562.500000,2013-04-12,3583.333252,3508.333252,3583.333252,1796
3558.333252,3558.333252,2013-04-15,3583.333252,3491.666748,3579.166748,712
3533.333252,3533.333252,2013-04-16,3566.666748,3387.500000,3462.500000,3698
3516.666748,3516.666748,2013-04-17,3533.333252,3433.333252,3533.333252,1872
3516.666748,3516.666748,2013-04-18,3525.000000,3433.333252,3516.666748,4470
3458.333252,3458.333252,2013-04-19,3516.666748,3350.000000,3516.666748,10934
3441.666748,3441.666748,2013-04-22,3462.500000,3341.666748,3454.166748,9863
3450.000000,3450.000000,2013-04-23,3454.166748,3320.833252,3454.166748,6682
3462.500000,3462.500000,2013-04-24,3495.833252,3250.000000,3379.166748,28712
3504.166748,3504.166748,2013-04-25,3504.166748,3441.666748,3495.833252,6306
3504.166748,3504.166748,2013-04-26,3541.666748,3458.333252,3541.666748,1366
3491.666748,3491.666748,2013-04-29,3508.333252,3433.333252,3504.166748,6987
3500.000000,3500.000000,2013-04-30,3520.833252,3458.333252,3520.833252,9491
3500.000000,3500.000000,2013-05-02,3500.000000,3379.166748,3379.166748,550
3495.833252,3495.833252,2013-05-03,3500.000000,3429.166748,3500.000000,497
3495.833252,3495.833252,2013-05-06,3500.000000,3383.333252,3495.833252,2732
3479.166748,3479.166748,2013-05-07,3495.833252,3437.500000,3491.666748,584
3475.000000,3475.000000,2013-05-08,3479.166748,3400.000000,3458.333252,3182
3408.333252,3408.333252,2013-05-09,3458.333252,2958.333252,3441.666748,70540
3487.500000,3487.500000,2013-05-10,3650.000000,3333.333252,3650.000000,7572
3483.333252,3483.333252,2013-05-13,3487.500000,3437.500000,3483.333252,1958
3479.166748,3479.166748,2013-05-14,3483.333252,3387.500000,3483.333252,6526
3416.666748,3416.666748,2013-05-15,3662.500000,3316.666748,3662.500000,24669
3391.666748,3391.666748,2013-05-16,3466.666748,3300.000000,3466.666748,4737
3354.166748,3354.166748,2013-05-20,3454.166748,3341.666748,3454.166748,6771
3337.500000,3337.500000,2013-05-21,3358.333252,3254.166748,3358.333252,3555
3237.500000,3237.500000,2013-05-22,3337.500000,3229.166748,3304.166748,8033
3125.000000,3125.000000,2013-05-23,3241.666748,3095.833252,3241.666748,22575
3212.500000,3212.500000,2013-05-24,3220.833252,3108.333252,3125.000000,1635
3208.333252,3208.333252,2013-05-27,3229.166748,3166.666748,3191.666748,10268
3237.500000,3237.500000,2013-05-28,3270.833252,3166.666748,3208.333252,15180
3258.333252,3258.333252,2013-05-29,3312.500000,3179.166748,3237.500000,2871
3237.500000,3237.500000,2013-05-30,3254.166748,3212.500000,3237.500000,262
3204.166748,3204.166748,2013-05-31,3237.500000,3154.166748,3237.500000,292
3191.666748,3191.666748,2013-06-03,3200.000000,3087.500000,3200.000000,903
3208.333252,3208.333252,2013-06-04,3208.333252,3162.500000,3191.666748,1919
3158.333252,3158.333252,2013-06-05,3166.666748,3125.000000,3166.666748,2355
3220.833252,3220.833252,2013-06-07,3220.833252,3133.333252,3166.666748,401
3225.000000,3225.000000,2013-06-10,3233.333252,3208.333252,3233.333252,507
3237.500000,3237.500000,2013-06-11,3500.000000,3129.166748,3250.000000,873
3208.333252,3208.333252,2013-06-12,3208.333252,3158.333252,3208.333252,326
3204.166748,3204.166748,2013-06-13,3312.500000,3170.833252,3208.333252,300
3245.833252,3245.833252,2013-06-14,3250.000000,3195.833252,3208.333252,1626
3250.000000,3250.000000,2013-06-17,3558.333252,3208.333252,3558.333252,3101
3258.333252,3258.333252,2013-06-18,3291.666748,3162.500000,3250.000000,3008
3258.333252,3258.333252,2013-06-19,3333.333252,3225.000000,3258.333252,2002
3166.666748,3166.666748,2013-06-20,3320.833252,3095.833252,3095.833252,9752
3166.666748,3166.666748,2013-06-21,3516.666748,3095.833252,3125.000000,3275
3166.666748,3166.666748,2013-06-24,3166.666748,3100.000000,3166.666748,797
3212.500000,3212.500000,2013-06-25,3404.166748,3129.166748,3162.500000,7354
3291.666748,3291.666748,2013-06-26,3291.666748,3158.333252,3200.000000,6096
3333.333252,3333.333252,2013-06-27,3333.333252,3241.666748,3329.166748,2439
3333.333252,3333.333252,2013-06-28,3333.333252,3325.000000,3333.333252,1240
3300.000000,3300.000000,2013-07-01,3333.333252,3250.000000,3333.333252,2524
3208.333252,3208.333252,2013-07-02,3300.000000,3208.333252,3300.000000,1376
3279.166748,3279.166748,2013-07-03,3287.500000,3158.333252,3220.833252,341
3291.666748,3291.666748,2013-07-04,3366.666748,3212.500000,3366.666748,1295
3187.500000,3187.500000,2013-07-05,3408.333252,3145.833252,3408.333252,3692
3250.000000,3250.000000,2013-07-08,3658.333252,3195.833252,3658.333252,7655
3329.166748,3329.166748,2013-07-09,3383.333252,3233.333252,3233.333252,1665
3137.500000,3137.500000,2013-07-10,3404.166748,3137.500000,3404.166748,3314
3191.666748,3191.666748,2013-07-11,3237.500000,3120.833252,3187.500000,1396
3304.166748,3304.166748,2013-07-12,3304.166748,3137.500000,3191.666748,1776
3150.000000,3150.000000,2013-07-15,3241.666748,3095.833252,3183.333252,5103
3150.000000,3150.000000,2013-07-16,3158.333252,3145.833252,3158.333252,246
3141.666748,3141.666748,2013-07-17,3150.000000,3070.833252,3150.000000,4132
3087.500000,3087.500000,2013-07-18,3162.500000,3083.333252,3133.333252,3137
3145.833252,3145.833252,2013-07-19,3166.666748,3087.500000,3087.500000,2230
3141.666748,3141.666748,2013-07-22,3166.666748,3108.333252,3125.000000,140
3170.833252,3170.833252,2013-07-23,3208.333252,3125.000000,3208.333252,38
3141.666748,3141.666748,2013-07-24,3166.666748,3141.666748,3166.666748,214
3162.500000,3162.500000,2013-07-25,3166.666748,3104.166748,3166.666748,27
3166.666748,3166.666748,2013-07-26,3166.666748,3079.166748,3129.166748,3303
3154.166748,3154.166748,2013-07-29,3316.666748,3125.000000,3316.666748,272
3154.166748,3154.166748,2013-07-30,3166.666748,3150.000000,3154.166748,614
3150.000000,3150.000000,2013-07-31,3187.500000,3150.000000,3187.500000,35
3083.333252,3083.333252,2013-08-01,3162.500000,3083.333252,3162.500000,9772
3116.666748,3116.666748,2013-08-02,3125.000000,3079.166748,3083.333252,723
3125.000000,3125.000000,2013-08-05,3125.000000,3100.000000,3100.000000,3
3158.333252,3158.333252,2013-08-06,3158.333252,3095.833252,3125.000000,308
3166.666748,3166.666748,2013-08-07,3250.000000,3158.333252,3250.000000,143
3150.000000,3150.000000,2013-08-08,3150.000000,3100.000000,3116.666748,545
3183.333252,3183.333252,2013-08-09,3379.166748,3150.000000,3208.333252,276
3116.666748,3116.666748,2013-08-12,3166.666748,3016.666748,3158.333252,6010
3125.000000,3125.000000,2013-08-13,3125.000000,3016.666748,3116.666748,4035
2991.666748,2991.666748,2013-08-14,3200.000000,2925.000000,3200.000000,16445
2841.666748,2841.666748,2013-08-16,2983.333252,2791.666748,2983.333252,39074
2875.000000,2875.000000,2013-08-19,2912.500000,2829.166748,2912.500000,11362
2862.500000,2862.500000,2013-08-20,2895.833252,2845.833252,2895.833252,2004
2704.166748,2704.166748,2013-08-21,2837.500000,2625.000000,2837.500000,37996
2691.666748,2691.666748,2013-08-22,2745.833252,2566.666748,2745.833252,8733
2716.666748,2716.666748,2013-08-23,3070.833252,2666.666748,3033.333252,1726
2629.166748,2629.166748,2013-08-26,2829.166748,2541.666748,2829.166748,13197
2566.666748,2566.666748,2013-08-27,2700.000000,2512.500000,2700.000000,6352
2641.666748,2641.666748,2013-08-28,2700.000000,2545.833252,2558.333252,1923
2766.666748,2766.666748,2013-08-29,2766.666748,2604.166748,2637.500000,7188
2770.833252,2770.833252,2013-08-30,2833.333252,2516.666748,2833.333252,1218
2683.333252,2683.333252,2013-09-02,2887.500000,2666.666748,2887.500000,6279
2737.500000,2737.500000,2013-09-03,2791.666748,2687.500000,2687.500000,3657
2766.666748,2766.666748,2013-09-04,2804.166748,2720.833252,2720.833252,156
2750.000000,2750.000000,2013-09-05,2812.500000,2700.000000,2812.500000,3725
2775.000000,2775.000000,2013-09-06,2783.333252,2720.833252,2725.000000,816
2783.333252,2783.333252,2013-09-09,2858.333252,2725.000000,2775.000000,166
2891.666748,2891.666748,2013-09-10,2916.666748,2708.333252,2783.333252,4839
2904.166748,2904.166748,2013-09-11,2937.500000,2820.833252,2937.500000,1367
2833.333252,2833.333252,2013-09-12,2950.000000,2708.333252,2870.833252,2408
2808.333252,2808.333252,2013-09-13,2916.666748,2745.833252,2916.666748,1292
2858.333252,2858.333252,2013-09-16,2908.333252,2750.000000,2908.333252,2709
2854.166748,2854.166748,2013-09-17,2900.000000,2716.666748,2845.833252,1170
2854.166748,2854.166748,2013-09-23,2958.333252,2800.000000,2958.333252,902
2908.333252,2908.333252,2013-09-24,2954.166748,2758.333252,2954.166748,832
2812.500000,2812.500000,2013-09-25,2950.000000,2750.000000,2950.000000,4229
2658.333252,2658.333252,2013-09-26,2850.000000,2658.333252,2850.000000,12608
2662.500000,2662.500000,2013-09-27,2666.666748,2579.166748,2662.500000,8111
2783.333252,2783.333252,2013-09-30,2812.500000,2666.666748,2666.666748,1676
2766.666748,2766.666748,2013-10-01,2829.166748,2675.000000,2829.166748,3948
2866.666748,2866.666748,2013-10-02,2875.000000,2820.833252,2833.333252,260
2750.000000,2750.000000,2013-10-04,2941.666748,2708.333252,2941.666748,2919
2637.500000,2637.500000,2013-10-07,2833.333252,2625.000000,2833.333252,4772
2800.000000,2800.000000,2013-10-08,2858.333252,2654.166748,2858.333252,10720
2575.000000,2575.000000,2013-10-10,2800.000000,2516.666748,2795.833252,23988
2733.333252,2733.333252,2013-10-11,2737.500000,2625.000000,2645.833252,4054
2816.666748,2816.666748,2013-10-14,2833.333252,2695.833252,2833.333252,546
2816.666748,2816.666748,2013-10-15,2833.333252,2658.333252,2829.166748,18470
2808.333252,2808.333252,2013-10-16,2833.333252,2766.666748,2833.333252,488
2704.166748,2704.166748,2013-10-17,2833.333252,2587.500000,2833.333252,22454
2704.166748,2704.166748,2013-10-18,2800.000000,2633.333252,2800.000000,6240
2704.166748,2704.166748,2013-10-21,2800.000000,2637.500000,2800.000000,9773
2675.000000,2675.000000,2013-10-22,2770.833252,2575.000000,2770.833252,13845
2691.666748,2691.666748,2013-10-23,2750.000000,2629.166748,2716.666748,1968
2695.833252,2695.833252,2013-10-24,2725.000000,2591.666748,2725.000000,10806
2716.666748,2716.666748,2013-10-25,2725.000000,2591.666748,2687.500000,8961
2725.000000,2725.000000,2013-10-28,2725.000000,2637.500000,2666.666748,1234
2725.000000,2725.000000,2013-10-29,2745.833252,2670.833252,2725.000000,735
2666.666748,2666.666748,2013-10-30,2733.333252,2616.666748,2666.666748,5684
2666.666748,2666.666748,2013-10-31,2725.000000,2616.666748,2658.333252,1004
2625.000000,2625.000000,2013-11-01,2708.333252,2612.500000,2666.666748,684
2641.666748,2641.666748,2013-11-04,2650.000000,2579.166748,2587.500000,5014
2695.833252,2695.833252,2013-11-05,2725.000000,2641.666748,2691.666748,1560
2608.333252,2608.333252,2013-11-06,2704.166748,2541.666748,2633.333252,8489
2595.833252,2595.833252,2013-11-07,2600.000000,2554.166748,2554.166748,3953
2658.333252,2658.333252,2013-11-08,2658.333252,2595.833252,2595.833252,160
2641.666748,2641.666748,2013-11-11,2666.666748,2591.666748,2666.666748,615
2579.166748,2579.166748,2013-11-12,2641.666748,2545.833252,2641.666748,1971
2595.833252,2595.833252,2013-11-13,2595.833252,2570.833252,2579.166748,162
2587.500000,2587.500000,2013-11-14,2637.500000,2500.000000,2637.500000,2008
2591.666748,2591.666748,2013-11-15,2641.666748,2516.666748,2587.500000,701
2541.666748,2541.666748,2013-11-18,2558.333252,2504.166748,2554.166748,2620
2408.333252,2408.333252,2013-11-19,2500.000000,2383.333252,2475.000000,39904
2425.000000,2425.000000,2013-11-20,2500.000000,2275.000000,2429.166748,33832
2370.833252,2370.833252,2013-11-21,2416.666748,2275.000000,2312.500000,34367
2275.000000,2275.000000,2013-11-22,2520.833252,2245.833252,2350.000000,21419
2270.833252,2270.833252,2013-11-25,2308.333252,2237.500000,2287.500000,6848
2266.666748,2266.666748,2013-11-26,2291.666748,2212.500000,2270.833252,3328
2254.166748,2254.166748,2013-11-27,2266.666748,2200.000000,2266.666748,11979
2254.166748,2254.166748,2013-11-28,2308.333252,2179.166748,2254.166748,15315
2241.666748,2241.666748,2013-11-29,2320.833252,2216.666748,2291.666748,6207
2283.333252,2283.333252,2013-12-02,2291.666748,2204.166748,2245.833252,357
2283.333252,2283.333252,2013-12-03,2283.333252,2250.000000,2283.333252,1331
2254.166748,2254.166748,2013-12-04,2337.500000,2137.500000,2337.500000,11060
2275.000000,2275.000000,2013-12-05,2329.166748,2208.333252,2329.166748,5228
2212.500000,2212.500000,2013-12-06,2300.000000,2208.333252,2295.833252,13202
2237.500000,2237.500000,2013-12-09,2329.166748,2179.166748,2329.166748,2664
2275.000000,2275.000000,2013-12-10,2304.166748,2187.500000,2237.500000,68
2266.666748,2266.666748,2013-12-11,2283.333252,2200.000000,2254.166748,5501
2283.333252,2283.333252,2013-12-12,2287.500000,2241.666748,2241.666748,12
2291.666748,2291.666748,2013-12-13,2291.666748,2291.666748,2291.666748,0
2170.833252,2170.833252,2013-12-16,2275.000000,2166.666748,2275.000000,8770
2245.833252,2245.833252,2013-12-17,2329.166748,2170.833252,2329.166748,1680
2208.333252,2208.333252,2013-12-18,2266.666748,2050.000000,2266.666748,14903
2220.833252,2220.833252,2013-12-19,2237.500000,2091.666748,2237.500000,3084
2216.666748,2216.666748,2013-12-20,2295.833252,2116.666748,2137.500000,1176
2225.000000,2225.000000,2013-12-23,2250.000000,2145.833252,2237.500000,1846
2241.666748,2241.666748,2013-12-24,2333.333252,2187.500000,2295.833252,420
2287.500000,2287.500000,2013-12-26,2337.500000,2241.666748,2241.666748,1846
2291.666748,2291.666748,2013-12-27,2337.500000,2262.500000,2337.500000,143
2262.500000,2262.500000,2013-12-30,2325.000000,2250.000000,2291.666748,6532
2250.000000,2250.000000,2014-01-02,2312.500000,2195.833252,2266.666748,10426
2250.000000,2250.000000,2014-01-03,2325.000000,2208.333252,2325.000000,22719
2233.333252,2233.333252,2014-01-06,2316.666748,2208.333252,2208.333252,9276
2241.666748,2241.666748,2014-01-07,2312.500000,2200.000000,2312.500000,6604
2304.166748,2304.166748,2014-01-08,2316.666748,2208.333252,2287.500000,13906
2283.333252,2283.333252,2014-01-09,2333.333252,2208.333252,2250.000000,5414
2391.666748,2391.666748,2014-01-10,2483.333252,2254.166748,2266.666748,13786
2416.666748,2416.666748,2014-01-13,2591.666748,2400.000000,2591.666748,6753
2495.833252,2495.833252,2014-01-14,2608.333252,2466.666748,2608.333252,906
2433.333252,2433.333252,2014-01-15,2525.000000,2433.333252,2525.000000,8331
2433.333252,2433.333252,2014-01-16,2558.333252,2433.333252,2558.333252,5776
2416.666748,2416.666748,2014-01-17,2483.333252,2358.333252,2358.333252,32
2445.833252,2445.833252,2014-01-20,2475.000000,2370.833252,2475.000000,138
2425.000000,2425.000000,2014-01-21,2525.000000,2395.833252,2525.000000,3140
2425.000000,2425.000000,2014-01-22,2500.000000,2408.333252,2500.000000,800
2458.333252,2458.333252,2014-01-23,2458.333252,2408.333252,2416.666748,383
2400.000000,2400.000000,2014-01-24,2441.666748,2379.166748,2416.666748,557
2295.833252,2295.833252,2014-01-27,2408.333252,2287.500000,2400.000000,1433
2458.333252,2458.333252,2014-01-28,2483.333252,2287.500000,2483.333252,310
2491.666748,2491.666748,2014-01-29,2520.833252,2337.500000,2520.833252,890
2491.666748,2491.666748,2014-02-03,2545.833252,2416.666748,2545.833252,74
2525.000000,2525.000000,2014-02-04,2525.000000,2525.000000,2525.000000,0
2437.500000,2437.500000,2014-02-05,2520.833252,2437.500000,2520.833252,464
2458.333252,2458.333252,2014-02-06,2520.833252,2416.666748,2416.666748,1745
2420.833252,2420.833252,2014-02-07,2575.000000,2379.166748,2404.166748,1072
2495.833252,2495.833252,2014-02-10,2500.000000,2425.000000,2433.333252,334
2333.333252,2333.333252,2014-02-11,2541.666748,2333.333252,2541.666748,1061
2500.000000,2500.000000,2014-02-12,2500.000000,2400.000000,2487.500000,132
2500.000000,2500.000000,2014-02-13,2500.000000,2441.666748,2500.000000,856
2483.333252,2483.333252,2014-02-14,2500.000000,2458.333252,2500.000000,322
2291.666748,2291.666748,2014-02-17,2500.000000,2291.666748,2500.000000,8266
2283.333252,2283.333252,2014-02-18,2379.166748,2283.333252,2379.166748,8616
2416.666748,2416.666748,2014-02-19,2616.666748,2345.833252,2479.166748,97354
2479.166748,2479.166748,2014-02-20,2500.000000,2412.500000,2500.000000,3375
2441.666748,2441.666748,2014-02-21,2545.833252,2333.333252,2545.833252,20297
2491.666748,2491.666748,2014-02-24,2500.000000,2408.333252,2441.666748,1355
2491.666748,2491.666748,2014-02-25,2537.500000,2350.000000,2483.333252,770
2566.666748,2566.666748,2014-02-26,2612.500000,2366.666748,2466.666748,3684
2429.166748,2429.166748,2014-02-27,2608.333252,2416.666748,2491.666748,4943
2462.500000,2462.500000,2014-02-28,2466.666748,2408.333252,2416.666748,194
2491.666748,2491.666748,2014-03-03,2554.166748,2400.000000,2462.500000,1403
2416.666748,2416.666748,2014-03-04,2558.333252,2412.500000,2554.166748,5324
2416.666748,2416.666748,2014-03-05,2537.500000,2337.500000,2416.666748,3178
2445.833252,2445.833252,2014-03-06,2558.333252,2404.166748,2558.333252,1682
2370.833252,2370.833252,2014-03-07,2491.666748,2366.666748,2491.666748,23506
2191.666748,2191.666748,2014-03-10,2383.333252,2191.666748,2370.833252,30107
2241.666748,2241.666748,2014-03-11,2266.666748,2200.000000,2200.000000,2158
2316.666748,2316.666748,2014-03-12,2316.666748,2233.333252,2308.333252,3515
2316.666748,2316.666748,2014-03-13,2316.666748,2245.833252,2316.666748,4582
2366.666748,2366.666748,2014-03-14,2375.000000,2291.666748,2291.666748,8127
2350.000000,2350.000000,2014-03-17,2366.666748,2283.333252,2350.000000,7563
2316.666748,2316.666748,2014-03-18,2358.333252,2291.666748,2358.333252,3606
2329.166748,2329.166748,2014-03-19,2366.666748,2291.666748,2366.666748,44
2345.833252,2345.833252,2014-03-20,2366.666748,2308.333252,2366.666748,519
2354.166748,2354.166748,2014-03-21,2362.500000,2333.333252,2362.500000,35
2358.333252,2358.333252,2014-03-24,2362.500000,2308.333252,2362.500000,327
2358.333252,2358.333252,2014-03-25,2362.500000,2308.333252,2362.500000,2226
2450.000000,2450.000000,2014-03-26,2483.333252,2304.166748,2366.666748,7265
2395.833252,2395.833252,2014-03-27,2533.333252,2208.333252,2350.000000,2781
2416.666748,2416.666748,2014-03-28,2416.666748,2325.000000,2325.000000,483
2283.333252,2283.333252,2014-03-31,2466.666748,2250.000000,2416.666748,5793
2341.666748,2341.666748,2014-04-01,2341.666748,2262.500000,2291.666748,1251
2345.833252,2345.833252,2014-04-02,2354.166748,2250.000000,2345.833252,312
2375.000000,2375.000000,2014-04-03,2375.000000,2358.333252,2358.333252,23
2295.833252,2295.833252,2014-04-04,2445.833252,2295.833252,2445.833252,1258
2300.000000,2300.000000,2014-04-07,2325.000000,2254.166748,2325.000000,893
2329.166748,2329.166748,2014-04-08,2475.000000,2295.833252,2325.000000,1775
2341.666748,2341.666748,2014-04-09,2450.000000,2262.500000,2450.000000,690
2358.333252,2358.333252,2014-04-10,2375.000000,2275.000000,2375.000000,3039
2412.500000,2412.500000,2014-04-11,2475.000000,2316.666748,2375.000000,1806
2250.000000,2250.000000,2014-04-14,2416.666748,2245.833252,2291.666748,14463
2250.000000,2250.000000,2014-04-15,2304.166748,2170.833252,2258.333252,9500
2433.333252,2433.333252,2014-04-16,2437.500000,2175.000000,2250.000000,27366
2308.333252,2308.333252,2014-04-17,2491.666748,2295.833252,2433.333252,20793
2312.500000,2312.500000,2014-04-18,2416.666748,2254.166748,2275.000000,15126
2408.333252,2408.333252,2014-04-21,2495.833252,2258.333252,2304.166748,12521
2383.333252,2383.333252,2014-04-22,2616.666748,2375.000000,2545.833252,66920
2337.500000,2337.500000,2014-04-23,2437.500000,2300.000000,2437.500000,5049
2541.666748,2541.666748,2014-04-24,2541.666748,2266.666748,2337.500000,56708
2379.166748,2379.166748,2014-04-25,2912.500000,2379.166748,2670.833252,201471
2416.666748,2416.666748,2014-04-28,2558.333252,2379.166748,2383.333252,19982
2366.666748,2366.666748,2014-04-29,2487.500000,2333.333252,2416.666748,11518
2358.333252,2358.333252,2014-04-30,2400.000000,2329.166748,2333.333252,3773
2316.666748,2316.666748,2014-05-02,2495.833252,2316.666748,2408.333252,5930
2262.500000,2262.500000,2014-05-07,2445.833252,2241.666748,2295.833252,10271
2308.333252,2308.333252,2014-05-08,2362.500000,2254.166748,2329.166748,3002
2258.333252,2258.333252,2014-05-09,2354.166748,2058.333252,2354.166748,61492
2225.000000,2225.000000,2014-05-12,2258.333252,2179.166748,2179.166748,6516
2166.666748,2166.666748,2014-05-13,2370.833252,2133.333252,2370.833252,16758
2187.500000,2187.500000,2014-05-14,2212.500000,2116.666748,2166.666748,5172
2329.166748,2329.166748,2014-05-15,2341.666748,2091.666748,2091.666748,12540
2295.833252,2295.833252,2014-05-16,2358.333252,2191.666748,2304.166748,1256
2308.333252,2308.333252,2014-05-19,2362.500000,2145.833252,2258.333252,10624
2375.000000,2375.000000,2014-05-20,2387.500000,2183.333252,2183.333252,8050
2500.000000,2500.000000,2014-05-21,2500.000000,2225.000000,2375.000000,34628
2341.666748,2341.666748,2014-05-22,2650.000000,2341.666748,2650.000000,91233
2316.666748,2316.666748,2014-05-23,2391.666748,2275.000000,2345.833252,4046
2300.000000,2300.000000,2014-05-26,2362.500000,2258.333252,2316.666748,8094
2308.333252,2308.333252,2014-05-27,2350.000000,2250.000000,2291.666748,4275
2254.166748,2254.166748,2014-05-28,2308.333252,2237.500000,2270.833252,3232
2275.000000,2275.000000,2014-05-29,2300.000000,2225.000000,2237.500000,285
2170.833252,2170.833252,2014-05-30,2370.833252,2075.000000,2283.333252,74826
2325.000000,2325.000000,2014-06-02,2333.333252,2091.666748,2170.833252,44456
2229.166748,2229.166748,2014-06-03,2312.500000,2204.166748,2312.500000,9418
2262.500000,2262.500000,2014-06-05,2270.833252,2091.666748,2229.166748,9369
2291.666748,2291.666748,2014-06-09,2412.500000,2191.666748,2250.000000,14102
2316.666748,2316.666748,2014-06-10,2316.666748,2258.333252,2287.500000,1785
2283.333252,2283.333252,2014-06-11,2295.833252,2216.666748,2262.500000,1300
2254.166748,2254.166748,2014-06-12,2458.333252,2254.166748,2254.166748,7236
2333.333252,2333.333252,2014-06-13,2333.333252,2183.333252,2245.833252,3246
2287.500000,2287.500000,2014-06-16,2329.166748,2225.000000,2250.000000,168
2258.333252,2258.333252,2014-06-17,2487.500000,2191.666748,2204.166748,14121
2279.166748,2279.166748,2014-06-18,2333.333252,2250.000000,2333.333252,11597
2229.166748,2229.166748,2014-06-19,2304.166748,2208.333252,2258.333252,4634
2250.000000,2250.000000,2014-06-20,2408.333252,2212.500000,2212.500000,7632
2187.500000,2187.500000,2014-06-23,2291.666748,2187.500000,2212.500000,5818
2216.666748,2216.666748,2014-06-24,2279.166748,2141.666748,2166.666748,2566
2216.666748,2216.666748,2014-06-25,2241.666748,2141.666748,2141.666748,3138
2212.500000,2212.500000,2014-06-26,2245.833252,2141.666748,2141.666748,11567
2220.833252,2220.833252,2014-06-27,2250.000000,2129.166748,2212.500000,4750
2212.500000,2212.500000,2014-06-30,2400.000000,2133.333252,2204.166748,25647
2175.000000,2175.000000,2014-07-01,2241.666748,2150.000000,2170.833252,7908
2250.000000,2250.000000,2014-07-02,2312.500000,2166.666748,2175.000000,16548
2233.333252,2233.333252,2014-07-03,2354.166748,2187.500000,2237.500000,16136
2254.166748,2254.166748,2014-07-04,2287.500000,2212.500000,2233.333252,344
2216.666748,2216.666748,2014-07-07,2291.666748,2150.000000,2233.333252,7989
2195.833252,2195.833252,2014-07-08,2233.333252,2158.333252,2216.666748,78
2187.500000,2187.500000,2014-07-09,2237.500000,2141.666748,2158.333252,1002
2216.666748,2216.666748,2014-07-10,2229.166748,2125.000000,2179.166748,9389
2212.500000,2212.500000,2014-07-11,2212.500000,2166.666748,2191.666748,12
2200.000000,2200.000000,2014-07-14,2245.833252,2179.166748,2245.833252,20
2183.333252,2183.333252,2014-07-15,2354.166748,2154.166748,2154.166748,7114
2129.166748,2129.166748,2014-07-16,2270.833252,2129.166748,2183.333252,18074
2158.333252,2158.333252,2014-07-17,2250.000000,2095.833252,2133.333252,15597
2175.000000,2175.000000,2014-07-18,2195.833252,2125.000000,2166.666748,3335
2179.166748,2179.166748,2014-07-21,2316.666748,2154.166748,2175.000000,18731
2183.333252,2183.333252,2014-07-22,2300.000000,2170.833252,2183.333252,4912
2175.000000,2175.000000,2014-07-23,2308.333252,2175.000000,2187.500000,6378
2233.333252,2233.333252,2014-07-24,2250.000000,2166.666748,2175.000000,10384
2208.333252,2208.333252,2014-07-25,2229.166748,2137.500000,2229.166748,4658
2195.833252,2195.833252,2014-07-28,2208.333252,2166.666748,2204.166748,1634
2291.666748,2291.666748,2014-07-29,2462.500000,2166.666748,2166.666748,105293
2245.833252,2245.833252,2014-07-30,2308.333252,2212.500000,2266.666748,15350
2233.333252,2233.333252,2014-07-31,2370.833252,2216.666748,2245.833252,2189
2250.000000,2250.000000,2014-08-01,2295.833252,2195.833252,2195.833252,462
2216.666748,2216.666748,2014-08-04,2258.333252,2200.000000,2216.666748,2601
2233.333252,2233.333252,2014-08-05,2337.500000,2212.500000,2212.500000,5099
2154.166748,2154.166748,2014-08-06,2216.666748,2033.333374,2216.666748,86547
2108.333252,2108.333252,2014-08-07,2191.666748,2087.500000,2175.000000,8666
2125.000000,2125.000000,2014-08-08,2200.000000,2070.833252,2108.333252,1438
2150.000000,2150.000000,2014-08-11,2208.333252,2070.833252,2075.000000,2151
2125.000000,2125.000000,2014-08-12,2154.166748,2083.333252,2150.000000,9639
2104.166748,2104.166748,2014-08-13,2125.000000,2075.000000,2125.000000,6045
2091.666748,2091.666748,2014-08-14,2108.333252,2037.500000,2091.666748,9068
2125.000000,2125.000000,2014-08-18,2395.833252,2058.333252,2150.000000,12106
2104.166748,2104.166748,2014-08-19,2129.166748,2079.166748,2129.166748,1792
2079.166748,2079.166748,2014-08-20,2154.166748,2058.333252,2100.000000,1864
2100.000000,2100.000000,2014-08-21,2162.500000,2033.333374,2079.166748,8190
2016.666626,2016.666626,2014-08-22,2100.000000,2016.666626,2079.166748,7270
2150.000000,2150.000000,2014-08-25,2166.666748,1995.833374,2070.833252,4994
2075.000000,2075.000000,2014-08-26,2145.833252,2033.333374,2145.833252,2544
1991.666626,1991.666626,2014-08-27,2066.666748,1945.833374,2041.666626,21057
1916.666626,1916.666626,2014-08-28,2075.000000,1916.666626,1991.666626,27040
1891.666626,1891.666626,2014-08-29,1995.833374,1891.666626,1995.833374,9741
1970.833374,1970.833374,2014-09-01,1995.833374,1883.333374,1883.333374,4637
1991.666626,1991.666626,2014-09-02,1995.833374,1908.333374,1958.333374,1469
1987.500000,1987.500000,2014-09-03,2033.333374,1925.000000,1979.166626,7461
1912.500000,1912.500000,2014-09-04,1991.666626,1883.333374,1991.666626,5033
1954.166626,1954.166626,2014-09-05,1975.000000,1875.000000,1945.833374,4588
1970.833374,1970.833374,2014-09-11,2012.500000,1920.833374,1954.166626,22373
2008.333374,2008.333374,2014-09-12,2020.833374,1933.333374,1962.500000,1022
2000.000000,2000.000000,2014-09-15,2045.833374,1962.500000,2045.833374,10352
1979.166626,1979.166626,2014-09-16,2029.166626,1929.166626,1987.500000,5346
1987.500000,1987.500000,2014-09-17,2041.666626,1966.666626,1966.666626,4002
1991.666626,1991.666626,2014-09-18,2041.666626,1975.000000,1975.000000,239
2012.500000,2012.500000,2014-09-19,2016.666626,1925.000000,1954.166626,1712
2000.000000,2000.000000,2014-09-22,2004.166626,1958.333374,2004.166626,4173
1991.666626,1991.666626,2014-09-23,1995.833374,1933.333374,1995.833374,1092
1987.500000,1987.500000,2014-09-24,2012.500000,1962.500000,1991.666626,2200
1966.666626,1966.666626,2014-09-25,2045.833374,1933.333374,2000.000000,5727
1958.333374,1958.333374,2014-09-26,2016.666626,1920.833374,2016.666626,71
1945.833374,1945.833374,2014-09-29,2000.000000,1925.000000,1966.666626,5740
1987.500000,1987.500000,2014-09-30,1987.500000,1879.166626,1945.833374,946
1916.666626,1916.666626,2014-10-01,1991.666626,1883.333374,1933.333374,3056
1983.333374,1983.333374,2014-10-02,2020.833374,1879.166626,1945.833374,669
1941.666626,1941.666626,2014-10-06,1995.833374,1912.500000,1954.166626,1820
1933.333374,1933.333374,2014-10-07,1954.166626,1908.333374,1941.666626,2426
1962.500000,1962.500000,2014-10-08,1979.166626,1895.833374,1954.166626,806
1887.500000,1887.500000,2014-10-10,1975.000000,1862.500000,1970.833374,4509
1912.500000,1912.500000,2014-10-13,1958.333374,1862.500000,1887.500000,587
1912.500000,1912.500000,2014-10-14,1983.333374,1870.833374,1916.666626,2104
1775.000000,1775.000000,2014-10-15,2195.833252,1629.166626,1912.500000,258255
1804.166626,1804.166626,2014-10-16,1875.000000,1629.166626,1766.666626,54516
1741.666626,1741.666626,2014-10-17,1941.666626,1741.666626,1870.833374,11678
1754.166626,1754.166626,2014-10-20,1866.666626,1675.000000,1866.666626,11619
1762.500000,1762.500000,2014-10-21,1825.000000,1662.500000,1825.000000,22839
1708.333374,1708.333374,2014-10-22,1804.166626,1625.000000,1804.166626,27156
1716.666626,1716.666626,2014-10-23,1750.000000,1658.333374,1666.666626,6916
1791.666626,1791.666626,2014-10-24,1791.666626,1750.000000,1750.000000,4814
1750.000000,1750.000000,2014-10-27,1870.833374,1725.000000,1833.333374,2756
1741.666626,1741.666626,2014-10-28,1916.666626,1741.666626,1916.666626,2156
1808.333374,1808.333374,2014-10-29,1904.166626,1729.166626,1754.166626,3810
1829.166626,1829.166626,2014-10-30,1850.000000,1754.166626,1812.500000,8837
1750.000000,1750.000000,2014-10-31,1825.000000,1729.166626,1783.333374,4038
1733.333374,1733.333374,2014-11-03,1762.500000,1683.333374,1762.500000,772
1695.833374,1695.833374,2014-11-04,1733.333374,1662.500000,1733.333374,470
1779.166626,1779.166626,2014-11-05,1808.333374,1666.666626,1670.833374,1781
1641.666626,1641.666626,2014-11-06,1837.500000,1641.666626,1779.166626,4841
1708.333374,1708.333374,2014-11-07,1787.500000,1645.833374,1704.166626,16136
1766.666626,1766.666626,2014-11-10,1779.166626,1666.666626,1708.333374,1875
1804.166626,1804.166626,2014-11-11,1804.166626,1766.666626,1795.833374,3812
1808.333374,1808.333374,2014-11-12,1833.333374,1720.833374,1791.666626,2346
1812.500000,1812.500000,2014-11-13,1812.500000,1737.500000,1791.666626,1088
1875.000000,1875.000000,2014-11-14,1979.166626,1762.500000,1841.666626,5903
1933.333374,1933.333374,2014-11-17,1975.000000,1837.500000,1916.666626,4371
1912.500000,1912.500000,2014-11-18,1916.666626,1829.166626,1829.166626,243
1908.333374,1908.333374,2014-11-19,1916.666626,1820.833374,1912.500000,1805
1908.333374,1908.333374,2014-11-20,1920.833374,1870.833374,1920.833374,509
1908.333374,1908.333374,2014-11-21,1916.666626,1787.500000,1879.166626,2045
1758.333374,1758.333374,2014-11-24,1987.500000,1745.833374,1987.500000,8954
1820.833374,1820.833374,2014-11-25,1950.000000,1716.666626,1950.000000,7092
1791.666626,1791.666626,2014-11-26,1866.666626,1737.500000,1820.833374,7900
1825.000000,1825.000000,2014-11-27,1970.833374,1733.333374,1733.333374,3682
1950.000000,1950.000000,2014-11-28,2095.833252,1875.000000,1875.000000,170058
2016.666626,2016.666626,2014-12-01,2162.500000,1950.000000,1954.166626,62745
1983.333374,1983.333374,2014-12-02,2108.333252,1875.000000,2004.166626,13203
2075.000000,2075.000000,2014-12-03,2116.666748,1933.333374,1970.833374,31665
1991.666626,1991.666626,2014-12-04,2125.000000,1975.000000,2004.166626,10322
2025.000000,2025.000000,2014-12-05,2025.000000,1916.666626,2016.666626,9369
2066.666748,2066.666748,2014-12-08,2208.333252,2000.000000,2208.333252,12678
2025.000000,2025.000000,2014-12-09,2070.833252,2000.000000,2020.833374,2346
1937.500000,1937.500000,2014-12-10,2058.333252,1875.000000,2000.000000,29270
1941.666626,1941.666626,2014-12-11,2083.333252,1816.666626,1941.666626,23184
1954.166626,1954.166626,2014-12-12,1987.500000,1879.166626,1879.166626,2706
1962.500000,1962.500000,2014-12-15,1962.500000,1850.000000,1866.666626,11931
1875.000000,1875.000000,2014-12-16,1962.500000,1837.500000,1858.333374,17428
2012.500000,2012.500000,2014-12-17,2091.666748,1875.000000,1983.333374,7706
1908.333374,1908.333374,2014-12-18,2075.000000,1850.000000,2075.000000,32667
1916.666626,1916.666626,2014-12-19,2000.000000,1854.166626,1854.166626,3794
1850.000000,1850.000000,2014-12-22,2100.000000,1812.500000,2041.666626,20942
1825.000000,1825.000000,2014-12-23,1912.500000,1820.833374,1833.333374,15918
1833.333374,1833.333374,2014-12-24,2066.666748,1812.500000,2066.666748,4535
1879.166626,1879.166626,2014-12-26,1945.833374,1791.666626,1833.333374,9976
1812.500000,1812.500000,2014-12-29,1933.333374,1812.500000,1833.333374,5172
1908.333374,1908.333374,2014-12-30,1908.333374,1791.666626,1820.833374,6594
1912.500000,1912.500000,2015-01-02,1920.833374,1825.000000,1908.333374,674
1912.500000,1912.500000,2015-01-05,1954.166626,1837.500000,1954.166626,192
1941.666626,1941.666626,2015-01-06,2150.000000,1833.333374,1833.333374,5562
1850.000000,1850.000000,2015-01-07,1916.666626,1712.500000,1866.666626,7401
1845.833374,1845.833374,2015-01-08,2004.166626,1820.833374,1850.000000,2681
1904.166626,1904.166626,2015-01-09,1945.833374,1866.666626,1908.333374,1494
1841.666626,1841.666626,2015-01-12,1908.333374,1841.666626,1904.166626,6920
1766.666626,1766.666626,2015-01-13,1987.500000,1754.166626,1987.500000,11849
1812.500000,1812.500000,2015-01-14,1866.666626,1754.166626,1866.666626,6273
1795.833374,1795.833374,2015-01-15,1895.833374,1766.666626,1808.333374,8804
1791.666626,1791.666626,2015-01-16,1916.666626,1750.000000,1916.666626,18612
1875.000000,1875.000000,2015-01-19,1908.333374,1791.666626,1791.666626,6957
1933.333374,1933.333374,2015-01-20,1987.500000,1812.500000,1883.333374,17691
1975.000000,1975.000000,2015-01-21,1987.500000,1858.333374,1958.333374,15552
2100.000000,2100.000000,2015-01-22,2154.166748,1900.000000,1954.166626,52731
2175.000000,2175.000000,2015-01-23,2270.833252,2075.000000,2158.333252,38072
2500.000000,2500.000000,2015-01-26,2500.000000,2212.500000,2212.500000,193158
2391.666748,2391.666748,2015-01-27,2783.333252,2325.000000,2725.000000,344495
2241.666748,2241.666748,2015-01-28,2537.500000,2141.666748,2370.833252,141857
2245.833252,2245.833252,2015-01-29,2304.166748,2183.333252,2216.666748,62022
2183.333252,2183.333252,2015-01-30,2250.000000,2145.833252,2241.666748,32894
2087.500000,2087.500000,2015-02-02,2183.333252,1962.500000,2129.166748,103636
2258.333252,2258.333252,2015-02-03,2379.166748,2070.833252,2087.500000,110801
2333.333252,2333.333252,2015-02-04,2366.666748,2225.000000,2325.000000,24620
2379.166748,2379.166748,2015-02-05,2416.666748,2320.833252,2416.666748,20775
2575.000000,2575.000000,2015-02-06,2691.666748,2358.333252,2408.333252,91566
2579.166748,2579.166748,2015-02-09,2858.333252,2495.833252,2658.333252,68950
2541.666748,2541.666748,2015-02-10,2633.333252,2466.666748,2633.333252,20979
2541.666748,2541.666748,2015-02-11,2700.000000,2504.166748,2637.500000,21843
2541.666748,2541.666748,2015-02-12,2779.166748,2520.833252,2520.833252,32066
2570.833252,2570.833252,2015-02-13,2741.666748,2466.666748,2554.166748,22012
2650.000000,2650.000000,2015-02-16,2654.166748,2475.000000,2575.000000,19808
2704.166748,2704.166748,2015-02-17,2975.000000,2650.000000,2650.000000,70931
2533.333252,2533.333252,2015-02-23,2708.333252,2516.666748,2704.166748,29098
2416.666748,2416.666748,2015-02-24,2616.666748,2387.500000,2533.333252,20391
2500.000000,2500.000000,2015-02-25,2650.000000,2416.666748,2475.000000,24899
2708.333252,2708.333252,2015-02-26,2737.500000,2500.000000,2500.000000,46883
3112.500000,3112.500000,2015-02-27,3112.500000,2800.000000,2962.500000,323990
3079.166748,3079.166748,2015-03-02,3579.166748,2958.333252,3500.000000,434856
2937.500000,2937.500000,2015-03-03,3166.666748,2783.333252,3091.666748,163244
2954.166748,2954.166748,2015-03-04,3166.666748,2879.166748,3083.333252,162881
3395.833252,3395.833252,2015-03-05,3395.833252,2925.000000,3008.333252,301275
3208.333252,3208.333252,2015-03-06,3533.333252,3104.166748,3533.333252,168096
3070.833252,3070.833252,2015-03-09,3191.666748,2983.333252,3087.500000,73173
2741.666748,2741.666748,2015-03-10,3220.833252,2741.666748,3208.333252,65102
2800.000000,2800.000000,2015-03-11,2983.333252,2658.333252,2679.166748,43476
2887.500000,2887.500000,2015-03-12,3079.166748,2741.666748,2808.333252,71306
2891.666748,2891.666748,2015-03-13,3041.666748,2833.333252,2958.333252,41228
3016.666748,3016.666748,2015-03-16,3075.000000,2829.166748,2829.166748,39923
2920.833252,2920.833252,2015-03-17,3050.000000,2875.000000,3050.000000,17021
2933.333252,2933.333252,2015-03-18,3041.666748,2887.500000,2904.166748,36351
2908.333252,2908.333252,2015-03-19,2991.666748,2720.833252,2991.666748,54744
2916.666748,2916.666748,2015-03-20,2937.500000,2820.833252,2883.333252,15437
2750.000000,2750.000000,2015-03-23,3100.000000,2733.333252,3100.000000,50285
3100.000000,3100.000000,2015-03-24,3162.500000,2670.833252,2816.666748,186885
2925.000000,2925.000000,2015-03-25,3037.500000,2816.666748,3004.166748,95800
2920.833252,2920.833252,2015-03-26,2979.166748,2858.333252,2941.666748,38008
2887.500000,2887.500000,2015-03-27,2966.666748,2812.500000,2920.833252,19373
2908.333252,2908.333252,2015-03-30,2975.000000,2816.666748,2916.666748,25493
2900.000000,2900.000000,2015-03-31,2950.000000,2825.000000,2904.166748,14950
2912.500000,2912.500000,2015-04-01,3058.333252,2837.500000,3058.333252,80304
2950.000000,2950.000000,2015-04-02,3075.000000,2862.500000,2866.666748,94557
3050.000000,3050.000000,2015-04-03,3079.166748,2916.666748,2958.333252,77487
3366.666748,3366.666748,2015-04-06,3504.166748,3000.000000,3083.333252,296894
3316.666748,3316.666748,2015-04-07,3358.333252,3225.000000,3329.166748,64487
3812.500000,3812.500000,2015-04-08,3812.500000,3175.000000,3300.000000,193422
3766.666748,3766.666748,2015-04-09,3854.166748,3625.000000,3687.500000,125770
3725.000000,3725.000000,2015-04-10,3833.333252,3637.500000,3833.333252,126214
4275.000000,4275.000000,2015-04-13,4283.333496,3675.000000,3725.000000,146399
4145.833496,4145.833496,2015-04-14,4483.333496,3879.166748,4483.333496,107489
4000.000000,4000.000000,2015-04-15,4283.333496,3762.500000,4125.000000,76805
4183.333496,4183.333496,2015-04-16,4408.333496,3912.500000,4045.833252,63302
4183.333496,4183.333496,2015-04-17,4325.000000,4083.333252,4183.333496,34378
4000.000000,4000.000000,2015-04-20,4183.333496,3933.333252,4116.666504,21294
4000.000000,4000.000000,2015-04-21,4108.333496,3920.833252,4100.000000,22337
4037.500000,4037.500000,2015-04-22,4291.666504,3883.333252,4000.000000,100833
3916.666748,3916.666748,2015-04-23,4108.333496,3754.166748,4108.333496,52906
3941.666748,3941.666748,2015-04-24,4120.833496,3795.833252,4100.000000,45670
3854.166748,3854.166748,2015-04-27,3991.666748,3670.833252,3941.666748,66558
3691.666748,3691.666748,2015-04-28,3870.833252,3583.333252,3795.833252,44301
3729.166748,3729.166748,2015-04-29,4000.000000,3604.166748,3700.000000,80078
4283.333496,4283.333496,2015-04-30,4283.333496,3737.500000,3737.500000,272625
4208.333496,4208.333496,2015-05-04,4416.666504,4000.000000,4283.333496,162141
4833.333496,4833.333496,2015-05-06,4833.333496,4025.000000,4208.333496,253383
5558.333496,5558.333496,2015-05-07,5558.333496,5108.333496,5425.000000,183614
5900.000000,5900.000000,2015-05-08,6083.333496,5391.666504,6025.000000,487696
5600.000000,5600.000000,2015-05-11,6008.333496,5250.000000,5575.000000,423418
5366.666504,5366.666504,2015-05-12,5741.666504,5241.666504,5708.333496,138680
5375.000000,5375.000000,2015-05-13,5566.666504,5166.666504,5333.333496,134620
5225.000000,5225.000000,2015-05-14,5391.666504,5050.000000,5375.000000,85162
5250.000000,5250.000000,2015-05-15,5400.000000,5191.666504,5225.000000,43768
5758.333496,5758.333496,2015-05-18,5983.333496,5191.666504,5250.000000,225372
6000.000000,6000.000000,2015-05-19,6091.666504,5566.666504,5625.000000,109313
6900.000000,6900.000000,2015-05-20,6900.000000,5916.666504,6008.333496,335921
6375.000000,6375.000000,2015-05-21,6891.666504,6125.000000,6850.000000,267218
6575.000000,6575.000000,2015-05-22,6833.333496,6208.333496,6383.333496,207927
7558.333496,7558.333496,2015-05-26,7558.333496,7350.000000,7550.000000,216602
8666.666992,8666.666992,2015-05-27,8666.666992,8666.666992,8666.666992,5265
9958.333008,9958.333008,2015-05-28,9958.333008,9958.333008,9958.333008,4924
11416.666992,11416.666992,2015-05-29,11416.666992,11416.666992,11416.666992,2834
13125.000000,13125.000000,2015-06-01,13125.000000,13125.000000,13125.000000,9012
null,null,2015-06-02,null,null,null,null
15083.333008,15083.333008,2015-06-03,15083.333008,15083.333008,15083.333008,1229
17333.333984,17333.333984,2015-06-04,17333.333984,17333.333984,17333.333984,5849
19916.666016,19916.666016,2015-06-05,19916.666016,19916.666016,19916.666016,6818
22875.000000,22875.000000,2015-06-08,22875.000000,22875.000000,22875.000000,3138
26291.666016,26291.666016,2015-06-09,26291.666016,26291.666016,26291.666016,114485
29625.000000,29625.000000,2015-06-10,30208.333984,27291.666016,30208.333984,471296
26416.666016,26416.666016,2015-06-11,30791.666016,25208.333984,27833.333984,857168
23458.333984,23458.333984,2015-06-12,28541.666016,23333.333984,27083.333984,819663
23333.333984,23333.333984,2015-06-15,24958.333984,22041.666016,22666.666016,282027
23708.333984,23708.333984,2015-06-16,24250.000000,20000.000000,23333.333984,391437
24333.333984,24333.333984,2015-06-17,24750.000000,22000.000000,22958.333984,207047
23291.666016,23291.666016,2015-06-18,23958.333984,21541.666016,23875.000000,160466
23625.000000,23625.000000,2015-06-19,24916.666016,22625.000000,24583.333984,135965
21791.666016,21791.666016,2015-06-22,22875.000000,20166.666016,22833.333984,211380
22000.000000,22000.000000,2015-06-23,22500.000000,20833.333984,21541.666016,98043
22500.000000,22500.000000,2015-06-24,22958.333984,20958.333984,22375.000000,123580
22166.666016,22166.666016,2015-06-25,22333.333984,21125.000000,21750.000000,115710
21625.000000,21625.000000,2015-06-26,22916.666016,21000.000000,22000.000000,106469
21083.333984,21083.333984,2015-06-29,22083.333984,20416.666016,20583.333984,49505
19958.333984,19958.333984,2015-06-30,20833.333984,19916.666016,20583.333984,65144
22958.333984,22958.333984,2015-07-01,23666.666016,19791.666016,20291.666016,224295
23083.333984,23083.333984,2015-07-02,24041.666016,22041.666016,22541.666016,97733
24083.333984,24083.333984,2015-07-03,24541.666016,22208.333984,23083.333984,105107
24583.333984,24583.333984,2015-07-06,24583.333984,23333.333984,24083.333984,84676
22958.333984,22958.333984,2015-07-07,25083.333984,22458.333984,24750.000000,82998
19333.333984,19333.333984,2015-07-08,22958.333984,19333.333984,22500.000000,111375
19333.333984,19333.333984,2015-07-09,19333.333984,17000.000000,18416.666016,89266
19875.000000,19875.000000,2015-07-10,20166.666016,18833.333984,19833.333984,28919
19583.333984,19583.333984,2015-07-13,20125.000000,18916.666016,20125.000000,22592
19416.666016,19416.666016,2015-07-14,19750.000000,18500.000000,18750.000000,34806
19166.666016,19166.666016,2015-07-15,19583.333984,18833.333984,19583.333984,13299
19208.333984,19208.333984,2015-07-16,19583.333984,18750.000000,19166.666016,14902
18583.333984,18583.333984,2015-07-17,19208.333984,18083.333984,19166.666016,26883
17916.666016,17916.666016,2015-07-20,18625.000000,17666.666016,17666.666016,25905
17500.000000,17500.000000,2015-07-21,19083.333984,17458.333984,17916.666016,38158
19500.000000,19500.000000,2015-07-22,20166.666016,17500.000000,17875.000000,117360
22500.000000,22500.000000,2015-07-23,25333.333984,20833.333984,20916.666016,955698
21791.666016,21791.666016,2015-07-24,22333.333984,20291.666016,22333.333984,175390
20458.333984,20458.333984,2015-07-27,22000.000000,20333.333984,21583.333984,85487
18583.333984,18583.333984,2015-07-28,19958.333984,18208.333984,19958.333984,68316
18375.000000,18375.000000,2015-07-29,20041.666016,18375.000000,19041.666016,40562
17916.666016,17916.666016,2015-07-30,19083.333984,17916.666016,18750.000000,35912
18750.000000,18750.000000,2015-07-31,19500.000000,17916.666016,17916.666016,31659
17708.333984,17708.333984,2015-08-03,19583.333984,16833.333984,19500.000000,60473
17000.000000,17000.000000,2015-08-04,18291.666016,16666.666016,17666.666016,74488
17083.333984,17083.333984,2015-08-05,17500.000000,16750.000000,17500.000000,23427
17000.000000,17000.000000,2015-08-06,17500.000000,16000.000000,17500.000000,68015
16958.333984,16958.333984,2015-08-07,17250.000000,15833.333008,17083.333984,42321
17125.000000,17125.000000,2015-08-10,17750.000000,16708.333984,17666.666016,31196
16125.000000,16125.000000,2015-08-11,17250.000000,15750.000000,17250.000000,40018
16375.000000,16375.000000,2015-08-12,16541.666016,14750.000000,16208.333008,34802
16958.333984,16958.333984,2015-08-13,17708.333984,16291.666992,16583.333984,30135
null,null,2015-08-14,null,null,null,null
18458.333984,18458.333984,2015-08-17,19000.000000,16541.666016,17458.333984,61866
19000.000000,19000.000000,2015-08-18,22916.666016,18666.666016,21541.666016,188422
17833.333984,17833.333984,2015-08-19,19500.000000,17500.000000,18666.666016,35489
20000.000000,20000.000000,2015-08-20,21875.000000,17750.000000,17875.000000,112005
18416.666016,18416.666016,2015-08-21,19833.333984,17750.000000,18416.666016,61790
18250.000000,18250.000000,2015-08-24,19208.333984,17750.000000,17750.000000,50254
19125.000000,19125.000000,2015-08-25,19833.333984,18625.000000,19291.666016,36336
22083.333984,22083.333984,2015-08-26,22291.666016,18916.666016,19083.333984,67821
21333.333984,21333.333984,2015-08-27,23666.666016,21041.666016,22500.000000,113847
21458.333984,21458.333984,2015-08-28,22500.000000,21083.333984,22500.000000,63686
23050.000000,23050.000000,2015-08-31,28375.000000,22750.000000,28000.000000,222836
21375.000000,21375.000000,2015-09-01,22775.000000,20775.000000,22775.000000,40920
20750.000000,20750.000000,2015-09-02,21000.000000,20075.000000,20875.000000,13346
20775.000000,20775.000000,2015-09-03,21750.000000,20575.000000,20650.000000,9562
20075.000000,20075.000000,2015-09-04,21750.000000,19350.000000,20825.000000,16438
20250.000000,20250.000000,2015-09-07,20275.000000,19250.000000,20000.000000,6848
20100.000000,20100.000000,2015-09-08,20875.000000,19625.000000,20250.000000,9718
20750.000000,20750.000000,2015-09-09,21150.000000,20200.000000,20200.000000,4295
20250.000000,20250.000000,2015-09-10,20750.000000,19675.000000,20125.000000,23034
20400.000000,20400.000000,2015-09-11,20575.000000,19775.000000,20250.000000,8652
20250.000000,20250.000000,2015-09-14,21000.000000,19500.000000,20400.000000,7803
20950.000000,20950.000000,2015-09-15,20950.000000,19675.000000,20050.000000,14860
23750.000000,23750.000000,2015-09-16,25000.000000,20300.000000,21225.000000,47414
22900.000000,22900.000000,2015-09-17,23750.000000,22500.000000,23750.000000,22205
22325.000000,22325.000000,2015-09-18,23700.000000,21550.000000,23700.000000,18595
21975.000000,21975.000000,2015-09-21,22700.000000,21425.000000,22325.000000,17257
19950.000000,19950.000000,2015-09-22,20900.000000,19300.000000,20225.000000,66703
20000.000000,20000.000000,2015-09-23,21700.000000,19425.000000,20125.000000,43602
19800.000000,19800.000000,2015-09-24,19950.000000,19425.000000,19425.000000,28294
19525.000000,19525.000000,2015-09-25,20500.000000,18925.000000,20500.000000,61752
19375.000000,19375.000000,2015-09-30,19550.000000,18775.000000,19250.000000,17090
18725.000000,18725.000000,2015-10-01,19325.000000,17875.000000,19150.000000,31684
18100.000000,18100.000000,2015-10-02,18800.000000,17675.000000,18450.000000,23559
18100.000000,18100.000000,2015-10-05,18500.000000,17700.000000,18500.000000,24202
17875.000000,17875.000000,2015-10-06,18175.000000,17825.000000,18100.000000,12300
17875.000000,17875.000000,2015-10-07,18300.000000,17750.000000,17750.000000,25310
18050.000000,18050.000000,2015-10-08,18175.000000,17750.000000,18175.000000,9462
17800.000000,17800.000000,2015-10-12,18050.000000,17225.000000,18050.000000,17125
17525.000000,17525.000000,2015-10-13,17950.000000,16825.000000,17350.000000,26092
17750.000000,17750.000000,2015-10-14,18000.000000,17325.000000,17525.000000,20289
17850.000000,17850.000000,2015-10-15,18000.000000,17375.000000,17425.000000,26787
17725.000000,17725.000000,2015-10-16,17925.000000,17425.000000,17850.000000,13994
17750.000000,17750.000000,2015-10-19,18125.000000,17500.000000,17625.000000,19631
17900.000000,17900.000000,2015-10-20,18125.000000,17350.000000,18125.000000,27511
17550.000000,17550.000000,2015-10-21,17875.000000,17250.000000,17875.000000,29502
17500.000000,17500.000000,2015-10-22,17575.000000,17100.000000,17575.000000,14886
16725.000000,16725.000000,2015-10-23,17500.000000,16725.000000,17450.000000,20006
16825.000000,16825.000000,2015-10-26,17250.000000,16250.000000,16525.000000,14746
16750.000000,16750.000000,2015-10-27,17000.000000,16250.000000,17000.000000,10846
16775.000000,16775.000000,2015-10-28,17300.000000,16575.000000,17000.000000,11638
16200.000000,16200.000000,2015-10-29,16825.000000,15450.000000,16825.000000,30307
15775.000000,15775.000000,2015-10-30,16400.000000,15450.000000,16075.000000,13464
15375.000000,15375.000000,2015-11-02,16200.000000,15075.000000,16200.000000,19289
15350.000000,15350.000000,2015-11-03,15800.000000,15000.000000,15225.000000,17778
14975.000000,14975.000000,2015-11-04,15475.000000,14250.000000,15375.000000,33883
16750.000000,16750.000000,2015-11-05,17750.000000,14600.000000,14600.000000,74838
16400.000000,16400.000000,2015-11-06,16875.000000,16000.000000,16750.000000,18561
16750.000000,16750.000000,2015-11-09,17400.000000,16325.000000,17400.000000,21261
17125.000000,17125.000000,2015-11-10,18625.000000,16575.000000,17075.000000,50394
16650.000000,16650.000000,2015-11-11,17400.000000,16525.000000,17125.000000,13862
16475.000000,16475.000000,2015-11-12,17275.000000,15900.000000,16800.000000,16166
16825.000000,16825.000000,2015-11-13,16950.000000,15825.000000,16950.000000,11487
16700.000000,16700.000000,2015-11-16,16750.000000,15575.000000,15575.000000,11945
16625.000000,16625.000000,2015-11-17,16675.000000,15600.000000,16500.000000,10430
16125.000000,16125.000000,2015-11-18,16625.000000,15700.000000,16625.000000,10662
16075.000000,16075.000000,2015-11-19,16650.000000,15600.000000,16650.000000,10879
16100.000000,16100.000000,2015-11-20,16250.000000,15675.000000,16025.000000,9678
15975.000000,15975.000000,2015-11-23,16075.000000,15150.000000,15750.000000,11086
15750.000000,15750.000000,2015-11-24,16100.000000,15325.000000,15975.000000,13504
15325.000000,15325.000000,2015-11-25,15800.000000,14925.000000,15800.000000,23976
15425.000000,15425.000000,2015-11-26,15450.000000,14575.000000,15325.000000,26307
15300.000000,15300.000000,2015-11-27,15400.000000,14475.000000,15400.000000,18726
15300.000000,15300.000000,2015-11-30,15700.000000,14775.000000,15475.000000,19237
15050.000000,15050.000000,2015-12-01,15550.000000,14725.000000,15300.000000,31644
14875.000000,14875.000000,2015-12-02,15200.000000,14400.000000,14875.000000,17606
14825.000000,14825.000000,2015-12-03,14900.000000,14250.000000,14625.000000,13975
14400.000000,14400.000000,2015-12-04,14875.000000,13975.000000,14750.000000,16000
14475.000000,14475.000000,2015-12-07,14700.000000,13750.000000,14575.000000,15756
14500.000000,14500.000000,2015-12-08,14675.000000,14000.000000,14075.000000,11917
14225.000000,14225.000000,2015-12-09,14650.000000,14025.000000,14075.000000,10242
14600.000000,14600.000000,2015-12-10,14950.000000,13625.000000,13875.000000,51500
14225.000000,14225.000000,2015-12-11,14850.000000,13750.000000,14300.000000,21948
13825.000000,13825.000000,2015-12-14,14350.000000,13425.000000,13950.000000,12732
13550.000000,13550.000000,2015-12-15,13875.000000,13050.000000,13725.000000,20425
13625.000000,13625.000000,2015-12-16,13925.000000,12500.000000,12500.000000,36944
13300.000000,13300.000000,2015-12-17,13725.000000,12900.000000,13600.000000,37512
17275.000000,17275.000000,2015-12-18,17275.000000,12900.000000,13300.000000,439015
16525.000000,16525.000000,2015-12-21,17900.000000,15875.000000,17650.000000,272584
16975.000000,16975.000000,2015-12-22,17625.000000,15850.000000,16775.000000,117450
16125.000000,16125.000000,2015-12-23,17125.000000,15450.000000,17125.000000,68452
15225.000000,15225.000000,2015-12-24,16375.000000,15100.000000,16125.000000,47836
14550.000000,14550.000000,2015-12-28,15500.000000,14325.000000,15500.000000,22008
15225.000000,15225.000000,2015-12-29,15225.000000,14025.000000,14725.000000,28182
15675.000000,15675.000000,2015-12-30,15775.000000,14850.000000,15175.000000,21253
15700.000000,15700.000000,2016-01-04,15775.000000,15075.000000,15450.000000,28520
15350.000000,15350.000000,2016-01-05,15625.000000,15050.000000,15050.000000,14137
16200.000000,16200.000000,2016-01-06,16875.000000,15000.000000,15450.000000,60969
16000.000000,16000.000000,2016-01-07,18550.000000,16000.000000,16600.000000,142934
16750.000000,16750.000000,2016-01-08,17400.000000,15175.000000,15750.000000,68849
17500.000000,17500.000000,2016-01-11,17875.000000,16400.000000,16400.000000,43559
20250.000000,20250.000000,2016-01-12,21750.000000,17825.000000,17825.000000,328554
19825.000000,19825.000000,2016-01-13,20500.000000,19475.000000,20500.000000,80421
18400.000000,18400.000000,2016-01-14,19725.000000,17750.000000,19400.000000,90640
18250.000000,18250.000000,2016-01-15,19375.000000,17000.000000,18700.000000,85834
18025.000000,18025.000000,2016-01-18,18175.000000,17150.000000,17425.000000,25091
18850.000000,18850.000000,2016-01-19,18850.000000,17350.000000,18025.000000,33288
18425.000000,18425.000000,2016-01-20,19250.000000,17875.000000,18625.000000,22342
18425.000000,18425.000000,2016-01-21,19250.000000,17625.000000,18425.000000,31566
18800.000000,18800.000000,2016-01-22,19400.000000,18200.000000,18525.000000,34784
19000.000000,19000.000000,2016-01-25,19575.000000,18725.000000,18725.000000,25940
18700.000000,18700.000000,2016-01-26,19225.000000,18375.000000,19000.000000,20277
17850.000000,17850.000000,2016-01-27,18700.000000,17700.000000,18700.000000,38230
18675.000000,18675.000000,2016-01-28,19200.000000,17775.000000,17850.000000,20628
19750.000000,19750.000000,2016-01-29,20250.000000,18125.000000,18850.000000,54578
19475.000000,19475.000000,2016-02-01,19925.000000,19000.000000,19775.000000,21610
19825.000000,19825.000000,2016-02-02,20100.000000,19300.000000,19325.000000,32683
19675.000000,19675.000000,2016-02-03,20075.000000,19100.000000,19100.000000,41215
19600.000000,19600.000000,2016-02-04,20050.000000,19475.000000,19675.000000,20320
19550.000000,19550.000000,2016-02-05,20000.000000,19250.000000,19600.000000,24826
18825.000000,18825.000000,2016-02-11,19750.000000,18725.000000,19075.000000,36458
16975.000000,16975.000000,2016-02-12,18750.000000,16175.000000,18200.000000,92985
18050.000000,18050.000000,2016-02-15,18725.000000,17050.000000,17050.000000,45418
18075.000000,18075.000000,2016-02-16,19050.000000,18000.000000,18800.000000,27539
17275.000000,17275.000000,2016-02-17,18400.000000,16750.000000,18075.000000,55139
18425.000000,18425.000000,2016-02-18,18475.000000,17550.000000,17550.000000,36558
19000.000000,19000.000000,2016-02-19,19175.000000,18175.000000,18775.000000,35232
18875.000000,18875.000000,2016-02-22,20400.000000,18700.000000,19975.000000,59363
17950.000000,17950.000000,2016-02-23,19225.000000,17500.000000,19225.000000,58343
17725.000000,17725.000000,2016-02-24,17925.000000,16875.000000,17300.000000,64974
17150.000000,17150.000000,2016-02-25,17725.000000,17150.000000,17700.000000,15234
17175.000000,17175.000000,2016-02-26,17600.000000,16575.000000,17150.000000,32991
17400.000000,17400.000000,2016-02-29,17425.000000,16625.000000,17075.000000,20769
17125.000000,17125.000000,2016-03-02,17475.000000,16875.000000,17125.000000,21383
16975.000000,16975.000000,2016-03-03,17125.000000,16425.000000,17125.000000,38411
16575.000000,16575.000000,2016-03-04,16975.000000,16500.000000,16975.000000,19182
16600.000000,16600.000000,2016-03-07,17025.000000,15925.000000,17025.000000,22064
16000.000000,16000.000000,2016-03-08,16725.000000,15600.000000,16725.000000,24418
16150.000000,16150.000000,2016-03-09,16350.000000,15725.000000,16225.000000,11846
15775.000000,15775.000000,2016-03-10,16625.000000,15625.000000,16625.000000,16938
15625.000000,15625.000000,2016-03-11,15850.000000,15275.000000,15850.000000,27675
15800.000000,15800.000000,2016-03-14,16375.000000,15525.000000,15550.000000,19132
15750.000000,15750.000000,2016-03-15,16200.000000,15375.000000,15850.000000,14810
15275.000000,15275.000000,2016-03-16,16075.000000,15250.000000,16000.000000,35390
15925.000000,15925.000000,2016-03-17,15950.000000,15000.000000,15150.000000,28766
15500.000000,15500.000000,2016-03-18,15800.000000,15075.000000,15475.000000,15057
15550.000000,15550.000000,2016-03-21,16175.000000,15275.000000,16175.000000,22111
15725.000000,15725.000000,2016-03-22,15950.000000,15250.000000,15550.000000,21760
15925.000000,15925.000000,2016-03-23,16200.000000,15525.000000,15725.000000,37075
15825.000000,15825.000000,2016-03-24,15925.000000,15450.000000,15925.000000,21780
15500.000000,15500.000000,2016-03-25,16075.000000,15375.000000,15800.000000,17159
15475.000000,15475.000000,2016-03-28,15750.000000,15275.000000,15300.000000,21612
15650.000000,15650.000000,2016-03-29,15725.000000,15300.000000,15350.000000,9401
15425.000000,15425.000000,2016-03-30,15775.000000,15250.000000,15775.000000,10258
15375.000000,15375.000000,2016-03-31,15500.000000,15200.000000,15200.000000,4893
15450.000000,15450.000000,2016-04-01,15875.000000,15250.000000,15875.000000,8190
15450.000000,15450.000000,2016-04-04,15750.000000,15275.000000,15750.000000,7921
15625.000000,15625.000000,2016-04-05,15700.000000,15400.000000,15575.000000,4862
15650.000000,15650.000000,2016-04-06,16175.000000,15375.000000,15750.000000,16988
15950.000000,15950.000000,2016-04-07,16125.000000,15400.000000,15625.000000,14664
16325.000000,16325.000000,2016-04-08,16875.000000,15875.000000,16125.000000,30732
16550.000000,16550.000000,2016-04-11,16925.000000,16325.000000,16850.000000,32299
16025.000000,16025.000000,2016-04-12,16600.000000,15925.000000,16550.000000,16584
16050.000000,16050.000000,2016-04-14,16150.000000,15750.000000,16100.000000,9969
16100.000000,16100.000000,2016-04-15,16125.000000,15800.000000,16000.000000,6761
15875.000000,15875.000000,2016-04-18,16100.000000,15500.000000,15725.000000,15259
15875.000000,15875.000000,2016-04-19,15875.000000,15600.000000,15600.000000,4269
15850.000000,15850.000000,2016-04-20,16150.000000,15725.000000,15875.000000,3420
15675.000000,15675.000000,2016-04-21,16275.000000,15525.000000,16275.000000,10686
15600.000000,15600.000000,2016-04-22,16000.000000,15475.000000,15600.000000,10688
15400.000000,15400.000000,2016-04-25,15675.000000,15250.000000,15500.000000,13538
15725.000000,15725.000000,2016-04-26,17250.000000,15500.000000,16925.000000,61154
15425.000000,15425.000000,2016-04-27,15950.000000,15275.000000,15950.000000,17077
15500.000000,15500.000000,2016-04-28,15725.000000,15125.000000,15725.000000,11568
15000.000000,15000.000000,2016-04-29,15500.000000,14950.000000,15500.000000,18029
13975.000000,13975.000000,2016-05-02,15075.000000,13925.000000,14775.000000,33864
13875.000000,13875.000000,2016-05-03,14400.000000,13575.000000,14225.000000,11518
14075.000000,14075.000000,2016-05-04,14550.000000,13875.000000,13875.000000,14965
14475.000000,14475.000000,2016-05-09,14800.000000,13825.000000,14075.000000,13702
14400.000000,14400.000000,2016-05-10,14750.000000,13975.000000,14475.000000,8634
14050.000000,14050.000000,2016-05-11,14700.000000,14000.000000,14400.000000,12675
13550.000000,13550.000000,2016-05-12,13950.000000,13025.000000,13750.000000,27930
13650.000000,13650.000000,2016-05-13,13750.000000,13025.000000,13750.000000,24745
13125.000000,13125.000000,2016-05-16,13600.000000,13000.000000,13575.000000,11862
13550.000000,13550.000000,2016-05-17,13575.000000,12625.000000,13125.000000,18064
13800.000000,13800.000000,2016-05-18,13875.000000,13400.000000,13550.000000,14116
14375.000000,14375.000000,2016-05-19,14725.000000,13800.000000,13800.000000,33721
14625.000000,14625.000000,2016-05-20,14675.000000,14200.000000,14375.000000,14456
14950.000000,14950.000000,2016-05-23,15225.000000,14625.000000,15150.000000,19820
14650.000000,14650.000000,2016-05-24,15100.000000,14650.000000,14900.000000,11197
14775.000000,14775.000000,2016-05-25,14950.000000,14375.000000,14950.000000,12276
14325.000000,14325.000000,2016-05-26,15000.000000,14050.000000,15000.000000,10020
14550.000000,14550.000000,2016-05-27,14550.000000,14250.000000,14475.000000,3565
14975.000000,14975.000000,2016-05-30,15100.000000,14375.000000,14375.000000,8603
14950.000000,14950.000000,2016-05-31,15225.000000,14625.000000,14975.000000,12204
15225.000000,15225.000000,2016-06-01,15250.000000,14675.000000,14950.000000,8118
15075.000000,15075.000000,2016-06-02,15425.000000,15050.000000,15075.000000,10443
15075.000000,15075.000000,2016-06-03,15175.000000,14400.000000,15075.000000,9832
15150.000000,15150.000000,2016-06-07,15350.000000,14500.000000,15325.000000,13318
15075.000000,15075.000000,2016-06-08,15225.000000,14775.000000,14900.000000,5240
15200.000000,15200.000000,2016-06-09,15375.000000,14825.000000,15375.000000,19177
16500.000000,16500.000000,2016-06-10,16850.000000,14850.000000,14900.000000,65938
16000.000000,16000.000000,2016-06-13,18250.000000,15525.000000,17750.000000,162962
15350.000000,15350.000000,2016-06-14,15975.000000,15225.000000,15550.000000,49523
15275.000000,15275.000000,2016-06-15,15450.000000,14825.000000,15350.000000,33242
14925.000000,14925.000000,2016-06-16,15425.000000,14550.000000,15050.000000,26156
14400.000000,14400.000000,2016-06-17,15000.000000,14400.000000,15000.000000,18613
14400.000000,14400.000000,2016-06-20,14875.000000,13700.000000,14325.000000,22447
14475.000000,14475.000000,2016-06-21,14575.000000,14175.000000,14575.000000,7294
14425.000000,14425.000000,2016-06-22,14725.000000,14225.000000,14575.000000,5744
14200.000000,14200.000000,2016-06-23,14775.000000,13775.000000,14775.000000,7001
12825.000000,12825.000000,2016-06-24,14425.000000,12725.000000,14200.000000,27452
12875.000000,12875.000000,2016-06-27,12925.000000,11875.000000,12775.000000,15797
13100.000000,13100.000000,2016-06-28,13175.000000,12675.000000,12875.000000,3617
13450.000000,13450.000000,2016-06-29,13650.000000,13050.000000,13650.000000,4701
13500.000000,13500.000000,2016-06-30,13525.000000,13200.000000,13375.000000,6561
13725.000000,13725.000000,2016-07-01,13875.000000,12975.000000,13400.000000,9503
13725.000000,13725.000000,2016-07-04,13750.000000,13200.000000,13200.000000,11408
13625.000000,13625.000000,2016-07-05,14675.000000,13200.000000,13825.000000,59114
13650.000000,13650.000000,2016-07-06,13725.000000,13200.000000,13575.000000,10252
13650.000000,13650.000000,2016-07-07,13825.000000,13650.000000,13825.000000,3936
13125.000000,13125.000000,2016-07-08,13650.000000,12750.000000,13650.000000,33248
13075.000000,13075.000000,2016-07-11,13125.000000,12875.000000,13125.000000,8242
13075.000000,13075.000000,2016-07-12,13250.000000,12850.000000,13075.000000,9829
12950.000000,12950.000000,2016-07-13,13650.000000,12775.000000,13650.000000,19346
13075.000000,13075.000000,2016-07-14,13375.000000,12875.000000,13100.000000,11294
12900.000000,12900.000000,2016-07-15,13250.000000,12825.000000,13000.000000,12406
12950.000000,12950.000000,2016-07-18,13375.000000,12900.000000,13150.000000,15283
13175.000000,13175.000000,2016-07-19,13675.000000,12950.000000,13200.000000,65962
13000.000000,13000.000000,2016-07-20,13550.000000,12850.000000,13125.000000,66263
13575.000000,13575.000000,2016-07-21,13625.000000,13000.000000,13125.000000,53254
13500.000000,13500.000000,2016-07-22,13850.000000,13425.000000,13700.000000,34085
13125.000000,13125.000000,2016-07-25,13575.000000,12750.000000,13000.000000,40583
13150.000000,13150.000000,2016-07-26,13625.000000,13100.000000,13450.000000,18915
13150.000000,13150.000000,2016-07-27,13350.000000,13000.000000,13000.000000,17021
12925.000000,12925.000000,2016-07-28,13175.000000,12925.000000,13150.000000,14902
12950.000000,12950.000000,2016-07-29,13450.000000,12675.000000,13125.000000,4581
12875.000000,12875.000000,2016-08-01,13050.000000,12800.000000,13050.000000,6204
12750.000000,12750.000000,2016-08-02,13075.000000,12750.000000,13000.000000,17212
12800.000000,12800.000000,2016-08-03,12825.000000,12575.000000,12625.000000,12318
12575.000000,12575.000000,2016-08-04,12900.000000,12500.000000,12875.000000,11601
12625.000000,12625.000000,2016-08-05,12825.000000,12412.500000,12425.000000,6916
12000.000000,12000.000000,2016-08-08,12625.000000,11875.000000,12625.000000,17686
12487.500000,12487.500000,2016-08-09,12487.500000,11700.000000,11700.000000,12350
12350.000000,12350.000000,2016-08-10,12775.000000,12200.000000,12487.500000,8397
12475.000000,12475.000000,2016-08-11,12750.000000,12000.000000,12487.500000,26652
12475.000000,12475.000000,2016-08-12,12575.000000,12250.000000,12575.000000,3588
12150.000000,12150.000000,2016-08-16,12525.000000,12087.500000,12287.500000,8150
12087.500000,12087.500000,2016-08-17,12325.000000,11875.000000,12325.000000,3298
12187.500000,12187.500000,2016-08-18,12187.500000,11500.000000,12187.500000,14527
11975.000000,11975.000000,2016-08-19,12250.000000,11525.000000,11812.500000,6671
11587.500000,11587.500000,2016-08-22,12087.500000,11375.000000,11975.000000,10238
11500.000000,11500.000000,2016-08-23,12425.000000,11150.000000,11400.000000,20648
11287.500000,11287.500000,2016-08-24,11750.000000,11212.500000,11487.500000,8402
11725.000000,11725.000000,2016-08-25,11725.000000,11250.000000,11350.000000,10744
11862.500000,11862.500000,2016-08-26,12362.500000,11437.500000,12100.000000,12830
11712.500000,11712.500000,2016-08-29,12175.000000,11337.500000,12175.000000,6036
11437.500000,11437.500000,2016-08-30,11862.500000,11337.500000,11862.500000,5197
11262.500000,11262.500000,2016-08-31,11575.000000,11025.000000,11575.000000,7722
11275.000000,11275.000000,2016-09-01,11525.000000,11100.000000,11125.000000,2354
11137.500000,11137.500000,2016-09-02,11350.000000,11025.000000,11350.000000,3612
10912.500000,10912.500000,2016-09-05,11137.500000,10750.000000,11137.500000,10809
10925.000000,10925.000000,2016-09-06,11100.000000,10712.500000,11050.000000,5346
10787.500000,10787.500000,2016-09-07,11037.500000,10725.000000,11037.500000,19456
10475.000000,10475.000000,2016-09-08,10787.500000,10412.500000,10575.000000,13945
10587.500000,10587.500000,2016-09-09,10600.000000,10425.000000,10600.000000,4280
10775.000000,10775.000000,2016-09-12,10962.500000,10312.500000,10712.500000,3647
11050.000000,11050.000000,2016-09-13,11250.000000,10525.000000,10525.000000,6778
11100.000000,11100.000000,2016-09-19,11250.000000,10800.000000,11025.000000,6242
11200.000000,11200.000000,2016-09-20,11225.000000,10925.000000,11162.500000,5619
11425.000000,11425.000000,2016-09-21,11425.000000,10750.000000,11212.500000,7468
11437.500000,11437.500000,2016-09-22,11675.000000,11250.000000,11425.000000,5164
11312.500000,11312.500000,2016-09-23,11875.000000,10975.000000,11275.000000,41227
10837.500000,10837.500000,2016-09-26,11312.500000,10587.500000,11312.500000,13950
10075.000000,10075.000000,2016-09-27,10850.000000,9675.000000,10637.500000,70409
9775.000000,9775.000000,2016-09-28,10100.000000,9537.500000,10100.000000,28007
9362.500000,9362.500000,2016-09-29,9737.500000,9125.000000,9687.500000,64326
9050.000000,9050.000000,2016-09-30,9475.000000,8900.000000,9475.000000,28874
9162.500000,9162.500000,2016-10-04,9212.500000,8850.000000,9112.500000,12654
9375.000000,9375.000000,2016-10-05,9600.000000,8900.000000,8900.000000,20204
9800.000000,9800.000000,2016-10-06,10500.000000,9250.000000,9462.500000,70813
9850.000000,9850.000000,2016-10-07,10225.000000,9675.000000,9875.000000,31196
9500.000000,9500.000000,2016-10-10,9825.000000,9475.000000,9812.500000,23676
9362.500000,9362.500000,2016-10-11,9625.000000,9287.500000,9337.500000,13304
9750.000000,9750.000000,2016-10-12,9800.000000,9200.000000,9362.500000,15089
10375.000000,10375.000000,2016-10-13,11375.000000,9487.500000,9750.000000,264496
10900.000000,10900.000000,2016-10-14,11100.000000,10600.000000,10600.000000,68398
10650.000000,10650.000000,2016-10-17,11387.500000,10637.500000,10937.500000,23987
9862.500000,9862.500000,2016-10-18,11175.000000,9425.000000,11175.000000,33820
10287.500000,10287.500000,2016-10-19,10425.000000,9850.000000,9850.000000,8250
10437.500000,10437.500000,2016-10-20,10550.000000,10175.000000,10350.000000,15709
10375.000000,10375.000000,2016-10-21,10425.000000,9925.000000,10425.000000,18147
10550.000000,10550.000000,2016-10-24,10650.000000,10312.500000,10375.000000,14252
10512.500000,10512.500000,2016-10-25,10912.500000,10262.500000,10912.500000,10375
10487.500000,10487.500000,2016-10-26,10675.000000,10187.500000,10675.000000,14748
11812.500000,11812.500000,2016-10-27,11837.500000,10187.500000,10500.000000,116450
11575.000000,11575.000000,2016-10-28,11812.500000,11100.000000,11812.500000,45541
11750.000000,11750.000000,2016-10-31,11862.500000,11150.000000,11600.000000,30165
11625.000000,11625.000000,2016-11-01,12125.000000,11400.000000,11750.000000,47268
10500.000000,10500.000000,2016-11-02,11775.000000,9537.500000,11075.000000,108367
10637.500000,10637.500000,2016-11-03,11662.500000,10112.500000,11475.000000,40850
10800.000000,10800.000000,2016-11-04,11225.000000,10437.500000,11225.000000,17476
11650.000000,11650.000000,2016-11-07,11700.000000,10862.500000,11125.000000,41132
15125.000000,15125.000000,2016-11-08,15125.000000,15125.000000,15125.000000,143396
19650.000000,19650.000000,2016-11-09,19650.000000,19650.000000,19650.000000,416101
19775.000000,19775.000000,2016-11-10,21300.000000,18050.000000,18775.000000,2541400
19750.000000,19750.000000,2016-11-11,19825.000000,18200.000000,19100.000000,940813
18350.000000,18350.000000,2016-11-14,19750.000000,18125.000000,19500.000000,863668
18625.000000,18625.000000,2016-11-15,18625.000000,17000.000000,18350.000000,649832
16275.000000,16275.000000,2016-11-16,18575.000000,16125.000000,18150.000000,924890
15250.000000,15250.000000,2016-11-17,16175.000000,14325.000000,16175.000000,1196879
15475.000000,15475.000000,2016-11-18,15775.000000,14775.000000,15125.000000,858314
14725.000000,14725.000000,2016-11-21,15450.000000,14175.000000,15300.000000,416938
13000.000000,13000.000000,2016-11-22,14975.000000,12625.000000,14700.000000,707138
13375.000000,13375.000000,2016-11-23,13500.000000,12325.000000,13025.000000,472216
12800.000000,12800.000000,2016-11-24,13575.000000,12600.000000,13025.000000,272714
12287.500000,12287.500000,2016-11-25,12850.000000,11862.500000,12500.000000,363458
12750.000000,12750.000000,2016-11-28,13400.000000,12125.000000,12325.000000,498072
12462.500000,12462.500000,2016-11-29,13075.000000,12050.000000,12725.000000,286287
11950.000000,11950.000000,2016-11-30,13675.000000,11087.500000,13250.000000,2102055
11500.000000,11500.000000,2016-12-01,12000.000000,11200.000000,11950.000000,465464
10875.000000,10875.000000,2016-12-02,11862.500000,10837.500000,11275.000000,484604
9600.000000,9600.000000,2016-12-05,10775.000000,9450.000000,10775.000000,662952
9612.500000,9612.500000,2016-12-06,10137.500000,9325.000000,9600.000000,613870
8512.500000,8512.500000,2016-12-07,9650.000000,8375.000000,9625.000000,725912
8912.500000,8912.500000,2016-12-08,9537.500000,8550.000000,8700.000000,1674317
9700.000000,9700.000000,2016-12-09,10450.000000,8650.000000,9025.000000,2177408
9275.000000,9275.000000,2016-12-12,9700.000000,8975.000000,9700.000000,633748
9625.000000,9625.000000,2016-12-13,9787.500000,9012.500000,9300.000000,506536
9862.500000,9862.500000,2016-12-14,10300.000000,9400.000000,9575.000000,644630
9825.000000,9825.000000,2016-12-15,10187.500000,9425.000000,9862.500000,370482
9825.000000,9825.000000,2016-12-16,10050.000000,9650.000000,9887.500000,287122
9675.000000,9675.000000,2016-12-19,9850.000000,9375.000000,9850.000000,204197
9925.000000,9925.000000,2016-12-20,10087.500000,9450.000000,9575.000000,328609
10662.500000,10662.500000,2016-12-21,11125.000000,9762.500000,9925.000000,1219878
11062.500000,11062.500000,2016-12-22,11075.000000,10400.000000,10662.500000,635794
10512.500000,10512.500000,2016-12-23,12062.500000,10512.500000,11762.500000,1703246
9987.500000,9987.500000,2016-12-26,10462.500000,9825.000000,10412.500000,545112
9962.500000,9962.500000,2016-12-27,10200.000000,9875.000000,9975.000000,406822
12350.000000,12350.000000,2016-12-28,12625.000000,9975.000000,10150.000000,2964539
13575.000000,13575.000000,2016-12-29,14450.000000,12125.000000,12775.000000,3656302
15150.000000,15150.000000,2017-01-02,15925.000000,13025.000000,13200.000000,3099551
15400.000000,15400.000000,2017-01-03,16500.000000,15125.000000,15650.000000,1616973
16400.000000,16400.000000,2017-01-04,16400.000000,15025.000000,15550.000000,904632
16550.000000,16550.000000,2017-01-05,16650.000000,15625.000000,15900.000000,1075203
16000.000000,16000.000000,2017-01-06,16550.000000,15950.000000,16550.000000,425855
16075.000000,16075.000000,2017-01-09,16550.000000,15500.000000,16350.000000,419557
16100.000000,16100.000000,2017-01-10,16525.000000,15725.000000,16075.000000,615913
16175.000000,16175.000000,2017-01-11,16450.000000,15775.000000,16400.000000,592420
15100.000000,15100.000000,2017-01-12,16125.000000,14625.000000,16000.000000,874611
14525.000000,14525.000000,2017-01-13,16600.000000,13850.000000,15225.000000,2001061
14800.000000,14800.000000,2017-01-16,15175.000000,14125.000000,14675.000000,565837
13975.000000,13975.000000,2017-01-17,14825.000000,13625.000000,14700.000000,705807
13400.000000,13400.000000,2017-01-18,13900.000000,13125.000000,13700.000000,466346
13700.000000,13700.000000,2017-01-19,14125.000000,13200.000000,13400.000000,403949
12825.000000,12825.000000,2017-01-20,13875.000000,12675.000000,13675.000000,459055
12850.000000,12850.000000,2017-01-23,13250.000000,12187.500000,12700.000000,407009
13475.000000,13475.000000,2017-01-24,13875.000000,12375.000000,12575.000000,462198
13125.000000,13125.000000,2017-01-25,14000.000000,13125.000000,13450.000000,291995
13550.000000,13550.000000,2017-01-26,13575.000000,12925.000000,13250.000000,193341
13575.000000,13575.000000,2017-01-31,14200.000000,13250.000000,13500.000000,199423
13750.000000,13750.000000,2017-02-01,13950.000000,13325.000000,13675.000000,167960
13050.000000,13050.000000,2017-02-02,13850.000000,13050.000000,13850.000000,187394
11325.000000,11325.000000,2017-02-03,13000.000000,10500.000000,12600.000000,713213
11825.000000,11825.000000,2017-02-06,12012.500000,11212.500000,11325.000000,182546
11037.500000,11037.500000,2017-02-07,12000.000000,11012.500000,11762.500000,190346
10850.000000,10850.000000,2017-02-08,11250.000000,10625.000000,11000.000000,165051
10750.000000,10750.000000,2017-02-09,10987.500000,10575.000000,10850.000000,119399
11150.000000,11150.000000,2017-02-10,11862.500000,10762.500000,10787.500000,291592
10962.500000,10962.500000,2017-02-13,11112.500000,10762.500000,11000.000000,86042
10587.500000,10587.500000,2017-02-14,11050.000000,10512.500000,11050.000000,110582
10175.000000,10175.000000,2017-02-15,10750.000000,10150.000000,10712.500000,195179
10287.500000,10287.500000,2017-02-16,10750.000000,9750.000000,9775.000000,136508
10325.000000,10325.000000,2017-02-17,10850.000000,10312.500000,10550.000000,119707
10625.000000,10625.000000,2017-02-20,10750.000000,10162.500000,10275.000000,105528
10500.000000,10500.000000,2017-02-21,10787.500000,10350.000000,10737.500000,86512
10575.000000,10575.000000,2017-02-22,10662.500000,10400.000000,10487.500000,52708
10050.000000,10050.000000,2017-02-23,10575.000000,9925.000000,10550.000000,197440
9850.000000,9850.000000,2017-02-24,10175.000000,9800.000000,10075.000000,228718
9725.000000,9725.000000,2017-02-27,9975.000000,9637.500000,9925.000000,62204
9687.500000,9687.500000,2017-02-28,9912.500000,9600.000000,9625.000000,34597
9700.000000,9700.000000,2017-03-02,9925.000000,9500.000000,9687.500000,62727
9300.000000,9300.000000,2017-03-03,9812.500000,9187.500000,9475.000000,101607
9312.500000,9312.500000,2017-03-06,9562.500000,8950.000000,9200.000000,91917
9625.000000,9625.000000,2017-03-07,9625.000000,9175.000000,9175.000000,106723
9625.000000,9625.000000,2017-03-08,10000.000000,9575.000000,9750.000000,75139
10250.000000,10250.000000,2017-03-09,11412.500000,9512.500000,9625.000000,658833
10787.500000,10787.500000,2017-03-10,10850.000000,9750.000000,10250.000000,205322
10712.500000,10712.500000,2017-03-13,10950.000000,10625.000000,10850.000000,117931
10600.000000,10600.000000,2017-03-14,10875.000000,10562.500000,10750.000000,90692
10237.500000,10237.500000,2017-03-15,10587.500000,10175.000000,10450.000000,98788
10325.000000,10325.000000,2017-03-16,10625.000000,10087.500000,10212.500000,70979
10200.000000,10200.000000,2017-03-17,10600.000000,10162.500000,10600.000000,44914
9962.500000,9962.500000,2017-03-20,10262.500000,9912.500000,10200.000000,74162
9550.000000,9550.000000,2017-03-21,10250.000000,9550.000000,10075.000000,109378
9462.500000,9462.500000,2017-03-22,9700.000000,9350.000000,9700.000000,86405
9450.000000,9450.000000,2017-03-23,9575.000000,9250.000000,9462.500000,77402
9725.000000,9725.000000,2017-03-24,9750.000000,9275.000000,9475.000000,45608
9550.000000,9550.000000,2017-03-27,9862.500000,9362.500000,9725.000000,80286
9462.500000,9462.500000,2017-03-28,9550.000000,9250.000000,9462.500000,75142
10112.500000,10112.500000,2017-03-29,10950.000000,9275.000000,9500.000000,542599
9787.500000,9787.500000,2017-03-30,10112.500000,9650.000000,10112.500000,182110
10387.500000,10387.500000,2017-03-31,10850.000000,9750.000000,9787.500000,414634
13000.000000,13000.000000,2017-04-03,13400.000000,10500.000000,10500.000000,3484664
11362.500000,11362.500000,2017-04-04,12650.000000,11225.000000,12550.000000,998684
11662.500000,11662.500000,2017-04-05,11762.500000,10825.000000,11025.000000,529179
11200.000000,11200.000000,2017-04-06,11637.500000,11150.000000,11500.000000,199769
11312.500000,11312.500000,2017-04-07,11750.000000,10750.000000,11387.500000,308304
11162.500000,11162.500000,2017-04-10,11837.500000,10887.500000,11287.500000,432666
10825.000000,10825.000000,2017-04-11,11287.500000,10712.500000,11100.000000,199261
10825.000000,10825.000000,2017-04-12,11000.000000,10550.000000,10800.000000,164511
10687.500000,10687.500000,2017-04-13,10950.000000,10612.500000,10937.500000,98846
10750.000000,10750.000000,2017-04-14,10912.500000,10587.500000,10687.500000,79470
11012.500000,11012.500000,2017-04-17,11087.500000,10675.000000,10700.000000,69248
11050.000000,11050.000000,2017-04-18,11375.000000,10887.500000,11012.500000,154810
10825.000000,10825.000000,2017-04-19,11200.000000,10712.500000,11200.000000,94445
10650.000000,10650.000000,2017-04-20,11112.500000,10625.000000,10837.500000,107228
10500.000000,10500.000000,2017-04-21,10862.500000,10500.000000,10750.000000,99868
10012.500000,10012.500000,2017-04-24,10562.500000,9875.000000,10562.500000,162472
10062.500000,10062.500000,2017-04-25,10350.000000,9900.000000,10000.000000,46984
10100.000000,10100.000000,2017-04-26,10237.500000,9812.500000,10237.500000,48702
9925.000000,9925.000000,2017-04-27,10300.000000,9925.000000,10300.000000,59902
9975.000000,9975.000000,2017-04-28,10150.000000,9775.000000,9925.000000,47631
9775.000000,9775.000000,2017-05-02,10187.500000,9775.000000,9987.500000,75714
10000.000000,10000.000000,2017-05-04,10062.500000,9737.500000,9775.000000,44581
9950.000000,9950.000000,2017-05-08,10087.500000,9875.000000,10075.000000,55077
9975.000000,9975.000000,2017-05-10,10050.000000,9900.000000,10050.000000,49711
10212.500000,10212.500000,2017-05-11,10475.000000,9887.500000,10037.500000,84803
9987.500000,9987.500000,2017-05-12,10287.500000,9862.500000,10225.000000,105949
10087.500000,10087.500000,2017-05-15,10187.500000,9900.000000,10012.500000,29990
9925.000000,9925.000000,2017-05-16,10150.000000,9837.500000,10150.000000,48247
9925.000000,9925.000000,2017-05-17,10125.000000,9875.000000,9875.000000,53688
9625.000000,9625.000000,2017-05-18,9987.500000,9525.000000,9850.000000,107676
9500.000000,9500.000000,2017-05-19,9862.500000,9375.000000,9625.000000,134226
8937.500000,8937.500000,2017-05-22,9725.000000,8750.000000,9500.000000,348598
9062.500000,9062.500000,2017-05-23,9150.000000,8925.000000,9025.000000,110170
9150.000000,9150.000000,2017-05-24,9175.000000,8975.000000,8975.000000,49735
9525.000000,9525.000000,2017-05-25,9612.500000,9000.000000,9087.500000,106412
9612.500000,9612.500000,2017-05-26,9700.000000,9425.000000,9525.000000,42940
9487.500000,9487.500000,2017-05-29,9637.500000,9400.000000,9625.000000,30442
9287.500000,9287.500000,2017-05-30,9525.000000,9225.000000,9425.000000,59801
9487.500000,9487.500000,2017-05-31,9675.000000,9287.500000,9287.500000,54357
9412.500000,9412.500000,2017-06-01,9837.500000,9300.000000,9487.500000,105789
9425.000000,9425.000000,2017-06-02,9737.500000,9350.000000,9350.000000,63556
9550.000000,9550.000000,2017-06-05,9725.000000,9387.500000,9387.500000,67176
9375.000000,9375.000000,2017-06-07,9600.000000,9350.000000,9587.500000,84868
9250.000000,9250.000000,2017-06-08,9525.000000,9237.500000,9350.000000,50468
9300.000000,9300.000000,2017-06-09,9462.500000,9162.500000,9250.000000,45713
9500.000000,9500.000000,2017-06-12,9550.000000,9187.500000,9250.000000,68107
9450.000000,9450.000000,2017-06-13,9650.000000,9350.000000,9600.000000,82604
9350.000000,9350.000000,2017-06-14,9600.000000,9250.000000,9600.000000,110709
9537.500000,9537.500000,2017-06-15,9537.500000,9250.000000,9362.500000,62937
9400.000000,9400.000000,2017-06-16,9675.000000,9237.500000,9612.500000,108345
9262.500000,9262.500000,2017-06-19,9512.500000,9212.500000,9400.000000,64788
9450.000000,9450.000000,2017-06-20,9525.000000,9175.000000,9262.500000,79945
9350.000000,9350.000000,2017-06-21,9700.000000,9250.000000,9400.000000,96844
9312.500000,9312.500000,2017-06-22,9450.000000,9187.500000,9450.000000,58727
9287.500000,9287.500000,2017-06-23,9362.500000,9225.000000,9300.000000,25622
9262.500000,9262.500000,2017-06-26,9387.500000,9162.500000,9287.500000,64550
9250.000000,9250.000000,2017-06-27,9312.500000,9125.000000,9150.000000,76080
9150.000000,9150.000000,2017-06-28,9237.500000,9050.000000,9125.000000,41662
9025.000000,9025.000000,2017-06-29,9225.000000,8975.000000,9225.000000,39539
8987.500000,8987.500000,2017-06-30,9500.000000,8950.000000,9025.000000,45574
8912.500000,8912.500000,2017-07-03,9237.500000,8875.000000,9237.500000,27401
8962.500000,8962.500000,2017-07-04,9025.000000,8812.500000,8925.000000,28399
8925.000000,8925.000000,2017-07-05,9012.500000,8875.000000,9012.500000,19622
8837.500000,8837.500000,2017-07-06,8975.000000,8725.000000,8837.500000,37856
8600.000000,8600.000000,2017-07-07,8900.000000,8512.500000,8837.500000,74491
8350.000000,8350.000000,2017-07-10,8725.000000,8262.500000,8725.000000,56900
8362.500000,8362.500000,2017-07-11,8600.000000,8250.000000,8600.000000,22150
8037.500000,8037.500000,2017-07-12,8537.500000,7887.500000,8537.500000,57231
7987.500000,7987.500000,2017-07-13,8112.500000,7862.500000,8037.500000,38770
7562.500000,7562.500000,2017-07-14,7975.000000,7487.500000,7975.000000,101082
7575.000000,7575.000000,2017-07-17,7950.000000,7387.500000,7950.000000,39656
7725.000000,7725.000000,2017-07-18,7875.000000,7525.000000,7750.000000,23460
8550.000000,8550.000000,2017-07-19,8712.500000,7650.000000,7825.000000,213151
8325.000000,8325.000000,2017-07-20,8600.000000,8250.000000,8500.000000,49982
8312.500000,8312.500000,2017-07-21,8437.500000,8150.000000,8437.500000,26350
8087.500000,8087.500000,2017-07-24,8412.500000,8087.500000,8350.000000,27670
7975.000000,7975.000000,2017-07-25,8187.500000,7887.500000,8087.500000,21839
8225.000000,8225.000000,2017-07-26,8237.500000,7887.500000,8025.000000,28968
8275.000000,8275.000000,2017-07-27,8275.000000,8062.500000,8062.500000,18044
8012.500000,8012.500000,2017-07-28,8500.000000,8000.000000,8250.000000,32068
10412.500000,10412.500000,2017-07-31,10412.500000,8075.000000,8075.000000,1310588
9725.000000,9725.000000,2017-08-01,10725.000000,9375.000000,10250.000000,2873326
9625.000000,9625.000000,2017-08-02,9925.000000,9387.500000,9825.000000,989060
9350.000000,9350.000000,2017-08-03,9587.500000,9087.500000,9587.500000,452314
9287.500000,9287.500000,2017-08-04,9425.000000,8912.500000,9250.000000,413068
9287.500000,9287.500000,2017-08-07,9500.000000,9200.000000,9475.000000,230646
9450.000000,9450.000000,2017-08-08,9650.000000,9137.500000,9250.000000,429152
9275.000000,9275.000000,2017-08-09,9475.000000,9212.500000,9475.000000,182753
8887.500000,8887.500000,2017-08-10,9550.000000,8825.000000,9450.000000,495276
8500.000000,8500.000000,2017-08-11,8737.500000,8350.000000,8650.000000,187106
8062.500000,8062.500000,2017-08-14,8550.000000,8000.000000,8462.500000,118476
8250.000000,8250.000000,2017-08-16,8300.000000,7787.500000,8000.000000,56494
8300.000000,8300.000000,2017-08-17,8387.500000,8150.000000,8175.000000,37082
8287.500000,8287.500000,2017-08-18,8425.000000,8137.500000,8300.000000,40345
8562.500000,8562.500000,2017-08-21,8837.500000,8350.000000,8350.000000,127181
8612.500000,8612.500000,2017-08-22,8712.500000,8475.000000,8562.500000,34855
8612.500000,8612.500000,2017-08-23,8750.000000,8537.500000,8637.500000,39637
8612.500000,8612.500000,2017-08-24,8737.500000,8550.000000,8600.000000,34133
8637.500000,8637.500000,2017-08-25,8712.500000,8562.500000,8562.500000,24452
9100.000000,9100.000000,2017-08-28,9175.000000,8562.500000,8612.500000,186409
9062.500000,9062.500000,2017-08-29,9175.000000,8925.000000,9000.000000,55749
9262.500000,9262.500000,2017-08-30,9437.500000,9075.000000,9162.500000,177170
9337.500000,9337.500000,2017-08-31,9450.000000,9125.000000,9275.000000,74018
9350.000000,9350.000000,2017-09-01,9525.000000,9275.000000,9362.500000,113951
8900.000000,8900.000000,2017-09-04,9675.000000,8862.500000,8862.500000,452168
8800.000000,8800.000000,2017-09-05,9112.500000,8600.000000,9112.500000,110502
8650.000000,8650.000000,2017-09-06,9037.500000,8637.500000,9037.500000,73085
8775.000000,8775.000000,2017-09-07,8900.000000,8650.000000,8662.500000,40688
8500.000000,8500.000000,2017-09-08,8800.000000,8500.000000,8800.000000,45386
8825.000000,8825.000000,2017-09-11,8950.000000,8500.000000,8500.000000,51398
8850.000000,8850.000000,2017-09-12,9087.500000,8762.500000,8825.000000,68300
8962.500000,8962.500000,2017-09-13,9037.500000,8825.000000,8850.000000,46325
9025.000000,9025.000000,2017-09-14,9275.000000,8837.500000,9000.000000,101269
9250.000000,9250.000000,2017-09-15,9450.000000,9062.500000,9125.000000,175009
9012.500000,9012.500000,2017-09-18,9312.500000,8925.000000,9312.500000,87455
9000.000000,9000.000000,2017-09-19,9175.000000,8500.000000,8962.500000,76660
9025.000000,9025.000000,2017-09-20,9225.000000,8912.500000,8912.500000,99152
9050.000000,9050.000000,2017-09-21,9462.500000,9012.500000,9050.000000,223641
8237.500000,8237.500000,2017-09-25,8862.500000,8137.500000,8862.500000,75997
8287.500000,8287.500000,2017-09-26,8700.000000,8000.000000,8000.000000,56918
9212.500000,9212.500000,2017-09-27,9212.500000,8175.000000,8300.000000,205478
8725.000000,8725.000000,2017-09-28,9337.500000,8687.500000,9250.000000,212992
8787.500000,8787.500000,2017-09-29,8975.000000,8687.500000,8787.500000,57254
8562.500000,8562.500000,2017-10-10,8875.000000,8387.500000,8875.000000,44684
8725.000000,8725.000000,2017-10-11,8837.500000,8425.000000,8512.500000,32154
8750.000000,8750.000000,2017-10-12,8825.000000,8575.000000,8750.000000,30931
8600.000000,8600.000000,2017-10-13,8925.000000,8525.000000,8750.000000,58056
8375.000000,8375.000000,2017-10-16,8650.000000,8337.500000,8475.000000,43640
8325.000000,8325.000000,2017-10-17,8612.500000,8325.000000,8612.500000,32262
8375.000000,8375.000000,2017-10-18,8587.500000,8250.000000,8287.500000,56439
8275.000000,8275.000000,2017-10-19,8412.500000,8225.000000,8375.000000,26483
8262.500000,8262.500000,2017-10-20,8375.000000,8125.000000,8300.000000,39692
8325.000000,8325.000000,2017-10-23,8400.000000,8037.500000,8250.000000,29570
8312.500000,8312.500000,2017-10-24,8362.500000,8050.000000,8200.000000,43792
8125.000000,8125.000000,2017-10-25,8387.500000,8100.000000,8325.000000,35000
8050.000000,8050.000000,2017-10-26,8300.000000,7887.500000,8125.000000,67959
7975.000000,7975.000000,2017-10-27,8112.500000,7875.000000,7962.500000,43036
8037.500000,8037.500000,2017-10-30,8150.000000,7900.000000,7975.000000,34835
7975.000000,7975.000000,2017-10-31,8075.000000,7875.000000,8075.000000,30251
8075.000000,8075.000000,2017-11-01,8187.500000,7937.500000,7950.000000,57472
8175.000000,8175.000000,2017-11-02,8437.500000,8075.000000,8075.000000,68834
8475.000000,8475.000000,2017-11-03,8500.000000,8175.000000,8250.000000,98522
8450.000000,8450.000000,2017-11-06,8487.500000,8237.500000,8462.500000,77071
8487.500000,8487.500000,2017-11-07,8687.500000,8387.500000,8512.500000,51992
8500.000000,8500.000000,2017-11-08,8712.500000,8400.000000,8475.000000,87873
8875.000000,8875.000000,2017-11-09,9125.000000,8487.500000,8550.000000,270917
8875.000000,8875.000000,2017-11-10,9062.500000,8625.000000,8637.500000,135041
9625.000000,9625.000000,2017-11-13,9625.000000,8875.000000,9125.000000,466634
9275.000000,9275.000000,2017-11-14,9650.000000,9125.000000,9650.000000,394962
9012.500000,9012.500000,2017-11-15,9862.500000,8500.000000,9362.500000,460087
9000.000000,9000.000000,2017-11-16,9062.500000,8712.500000,8875.000000,102605
8812.500000,8812.500000,2017-11-17,9012.500000,8762.500000,8812.500000,122309
10450.000000,10450.000000,2017-11-20,11237.500000,8750.000000,8750.000000,3103410
9800.000000,9800.000000,2017-11-21,10887.500000,9700.000000,10750.000000,1412919
9050.000000,9050.000000,2017-11-22,9787.500000,8825.000000,9787.500000,538366
9025.000000,9025.000000,2017-11-23,9137.500000,8850.000000,8912.500000,187026
9000.000000,9000.000000,2017-11-24,9225.000000,8925.000000,9000.000000,167621
8825.000000,8825.000000,2017-11-27,9075.000000,8812.500000,9000.000000,132517
9025.000000,9025.000000,2017-11-28,9125.000000,8737.500000,8837.500000,166142
9100.000000,9100.000000,2017-11-29,9175.000000,8912.500000,8987.500000,153987
8675.000000,8675.000000,2017-11-30,9212.500000,8675.000000,9212.500000,154870
8912.500000,8912.500000,2017-12-01,8987.500000,8675.000000,8687.500000,79975
9012.500000,9012.500000,2017-12-04,9225.000000,8750.000000,8875.000000,137410
8875.000000,8875.000000,2017-12-05,9087.500000,8837.500000,9087.500000,88190
8625.000000,8625.000000,2017-12-06,9000.000000,8525.000000,8887.500000,92475
8300.000000,8300.000000,2017-12-07,8750.000000,8050.000000,8750.000000,259754
8150.000000,8150.000000,2017-12-08,8425.000000,8150.000000,8250.000000,78147
8137.500000,8137.500000,2017-12-11,8425.000000,8100.000000,8100.000000,106723
8112.500000,8112.500000,2017-12-12,8400.000000,8075.000000,8237.500000,75692
8275.000000,8275.000000,2017-12-13,8375.000000,8100.000000,8137.500000,35685
8212.500000,8212.500000,2017-12-14,8362.500000,8150.000000,8275.000000,32864
8212.500000,8212.500000,2017-12-15,8312.500000,8062.500000,8200.000000,29970
8037.500000,8037.500000,2017-12-18,8250.000000,7975.000000,8212.500000,86485
7800.000000,7800.000000,2017-12-19,8087.500000,7437.500000,8062.500000,205922
7512.500000,7512.500000,2017-12-21,7750.000000,7512.500000,7650.000000,89205
7887.500000,7887.500000,2017-12-22,8012.500000,7450.000000,7500.000000,68464
8012.500000,8012.500000,2017-12-26,8750.000000,7912.500000,8125.000000,255077
8150.000000,8150.000000,2017-12-27,8275.000000,7875.000000,8275.000000,68506
8100.000000,8100.000000,2017-12-28,8237.500000,8062.500000,8187.500000,43943
8600.000000,8600.000000,2018-01-02,8662.500000,8112.500000,8112.500000,110954
8700.000000,8700.000000,2018-01-03,8850.000000,8537.500000,8537.500000,83914
8600.000000,8600.000000,2018-01-04,8750.000000,8587.500000,8700.000000,60505
8575.000000,8575.000000,2018-01-05,8687.500000,8487.500000,8575.000000,71648
8737.500000,8737.500000,2018-01-08,8862.500000,8425.000000,8600.000000,99578
8262.500000,8262.500000,2018-01-09,8737.500000,8262.500000,8737.500000,159027
8012.500000,8012.500000,2018-01-10,8312.500000,7937.500000,8250.000000,106561
8000.000000,8000.000000,2018-01-11,8212.500000,7825.000000,8025.000000,134732
8100.000000,8100.000000,2018-01-12,8300.000000,7937.500000,8000.000000,113140
8400.000000,8400.000000,2018-01-15,8487.500000,7987.500000,8150.000000,154548
8400.000000,8400.000000,2018-01-16,8450.000000,8175.000000,8400.000000,54248
8275.000000,8275.000000,2018-01-17,8450.000000,8112.500000,8400.000000,95010
8512.500000,8512.500000,2018-01-18,8512.500000,8200.000000,8300.000000,70471
8500.000000,8500.000000,2018-01-19,8600.000000,8325.000000,8587.500000,69999
8550.000000,8550.000000,2018-01-22,8587.500000,8287.500000,8500.000000,61778
8950.000000,8950.000000,2018-01-23,8975.000000,8512.500000,8700.000000,203379
8962.500000,8962.500000,2018-01-24,9087.500000,8875.000000,9075.000000,138447
9825.000000,9825.000000,2018-01-25,10225.000000,8975.000000,8975.000000,1147038
10612.500000,10612.500000,2018-01-26,10625.000000,9837.500000,9837.500000,767848
11000.000000,11000.000000,2018-01-29,11675.000000,10775.000000,11212.500000,676897
10687.500000,10687.500000,2018-01-30,11125.000000,10375.000000,11000.000000,327121
9887.500000,9887.500000,2018-01-31,10450.000000,9625.000000,10262.500000,426113
9537.500000,9537.500000,2018-02-01,10062.500000,9325.000000,9887.500000,799772
9275.000000,9275.000000,2018-02-02,9300.000000,8637.500000,9000.000000,764254
9087.500000,9087.500000,2018-02-05,9375.000000,8937.500000,8937.500000,286341
9237.500000,9237.500000,2018-02-06,9312.500000,8587.500000,8675.000000,273200
8525.000000,8525.000000,2018-02-07,9437.500000,8525.000000,9437.500000,379733
8812.500000,8812.500000,2018-02-08,8912.500000,8462.500000,8600.000000,129217
8575.000000,8575.000000,2018-02-09,8737.500000,8287.500000,8587.500000,151274
8362.500000,8362.500000,2018-02-12,8687.500000,8250.000000,8587.500000,205047
8125.000000,8125.000000,2018-02-13,8400.000000,8037.500000,8400.000000,167702
8300.000000,8300.000000,2018-02-14,8337.500000,7937.500000,8125.000000,226639
8287.500000,8287.500000,2018-02-19,8362.500000,8187.500000,8200.000000,158893
8537.500000,8537.500000,2018-02-20,8675.000000,8287.500000,8400.000000,201272
8537.500000,8537.500000,2018-02-21,8625.000000,8400.000000,8525.000000,178411
8475.000000,8475.000000,2018-02-22,8675.000000,8387.500000,8537.500000,99691
8300.000000,8300.000000,2018-02-23,8525.000000,8137.500000,8450.000000,100656
8300.000000,8300.000000,2018-02-26,8437.500000,8162.500000,8325.000000,131204
8087.500000,8087.500000,2018-02-27,8375.000000,7987.500000,8300.000000,86877
7825.000000,7825.000000,2018-02-28,8925.000000,7812.500000,8450.000000,536933
7850.000000,7850.000000,2018-03-02,7950.000000,7537.500000,7725.000000,219799
8000.000000,8000.000000,2018-03-05,8087.500000,7725.000000,7875.000000,169099
8000.000000,8000.000000,2018-03-06,8112.500000,7862.500000,8000.000000,132456
7750.000000,7750.000000,2018-03-07,8050.000000,7687.500000,7925.000000,115461
8050.000000,8050.000000,2018-03-08,8125.000000,7700.000000,7750.000000,96534
8175.000000,8175.000000,2018-03-09,8287.500000,7925.000000,8050.000000,119892
8137.500000,8137.500000,2018-03-12,8287.500000,8087.500000,8175.000000,81037
8412.500000,8412.500000,2018-03-13,8450.000000,8112.500000,8125.000000,141884
8325.000000,8325.000000,2018-03-14,8437.500000,8237.500000,8412.500000,51592
8450.000000,8450.000000,2018-03-15,8575.000000,8200.000000,8262.500000,129894
8862.500000,8862.500000,2018-03-16,8862.500000,8437.500000,8500.000000,185176
8562.500000,8562.500000,2018-03-19,8887.500000,8375.000000,8862.500000,129278
8550.000000,8550.000000,2018-03-20,8725.000000,8000.000000,8575.000000,101656
8425.000000,8425.000000,2018-03-21,8600.000000,8275.000000,8375.000000,80708
8500.000000,8500.000000,2018-03-22,8562.500000,8237.500000,8437.500000,81152
8100.000000,8100.000000,2018-03-23,8287.500000,8012.500000,8237.500000,120398
8062.500000,8062.500000,2018-03-26,8150.000000,7887.500000,7900.000000,58397
8237.500000,8237.500000,2018-03-27,8400.000000,8100.000000,8100.000000,57285
7987.500000,7987.500000,2018-03-28,8212.500000,7925.000000,8162.500000,78114
8062.500000,8062.500000,2018-03-29,8100.000000,7850.000000,8025.000000,75647
8012.500000,8012.500000,2018-03-30,8137.500000,7900.000000,8125.000000,49804
7875.000000,7875.000000,2018-04-02,8000.000000,7812.500000,7950.000000,99450
8087.500000,8087.500000,2018-04-03,8375.000000,7712.500000,7862.500000,218822
7762.500000,7762.500000,2018-04-04,8162.500000,7750.000000,8162.500000,127725
7937.500000,7937.500000,2018-04-05,8012.500000,7775.000000,7787.500000,72141
7950.000000,7950.000000,2018-04-06,8075.000000,7787.500000,7962.500000,83084
8237.500000,8237.500000,2018-04-09,8275.000000,7900.000000,7900.000000,136500
8237.500000,8237.500000,2018-04-10,8637.500000,8137.500000,8262.500000,220650
8387.500000,8387.500000,2018-04-11,8525.000000,8200.000000,8400.000000,126065
8350.000000,8350.000000,2018-04-12,8500.000000,8087.500000,8387.500000,80434
8425.000000,8425.000000,2018-04-13,8587.500000,8125.000000,8350.000000,120234
8687.500000,8687.500000,2018-04-16,9125.000000,8350.000000,8500.000000,1117827
8737.500000,8737.500000,2018-04-17,9375.000000,8462.500000,9000.000000,1459718
8350.000000,8350.000000,2018-04-18,8862.500000,8250.000000,8850.000000,466281
7975.000000,7975.000000,2018-04-19,8337.500000,7900.000000,8262.500000,285918
8000.000000,8000.000000,2018-04-20,8125.000000,7875.000000,7887.500000,157216
7787.500000,7787.500000,2018-04-23,7987.500000,7775.000000,7987.500000,178802
7787.500000,7787.500000,2018-04-24,8000.000000,7750.000000,7862.500000,113042
7900.000000,7900.000000,2018-04-25,7950.000000,7750.000000,7787.500000,107254
7962.500000,7962.500000,2018-04-26,8062.500000,7837.500000,7837.500000,85696
8137.500000,8137.500000,2018-04-27,8175.000000,7962.500000,7962.500000,109226
7850.000000,7850.000000,2018-04-30,8262.500000,7650.000000,8262.500000,211016
7600.000000,7600.000000,2018-05-02,7750.000000,7512.500000,7750.000000,216572
7625.000000,7625.000000,2018-05-03,7712.500000,7537.500000,7637.500000,111687
7500.000000,7500.000000,2018-05-04,7687.500000,7375.000000,7687.500000,146719
7325.000000,7325.000000,2018-05-08,7612.500000,7325.000000,7612.500000,121230
7400.000000,7400.000000,2018-05-09,7475.000000,7287.500000,7325.000000,62194
7675.000000,7675.000000,2018-05-10,7712.500000,7375.000000,7400.000000,103435
7687.500000,7687.500000,2018-05-11,7800.000000,7600.000000,7700.000000,86247
7387.500000,7387.500000,2018-05-14,7737.500000,7337.500000,7675.000000,153326
6825.000000,6825.000000,2018-05-15,7475.000000,6375.000000,7475.000000,634670
6862.500000,6862.500000,2018-05-16,6962.500000,6412.500000,6725.000000,212556
6950.000000,6950.000000,2018-05-17,7000.000000,6625.000000,7000.000000,107408
6962.500000,6962.500000,2018-05-18,7050.000000,6775.000000,6962.500000,62699
6875.000000,6875.000000,2018-05-21,7075.000000,6837.500000,7075.000000,53985
7300.000000,7300.000000,2018-05-23,7325.000000,6762.500000,6875.000000,128683
7900.000000,7900.000000,2018-05-24,7937.500000,7325.000000,7325.000000,484606
7575.000000,7575.000000,2018-05-25,8675.000000,7312.500000,8500.000000,855234
7100.000000,7100.000000,2018-05-28,7537.500000,7025.000000,7300.000000,401612
7312.500000,7312.500000,2018-05-29,7462.500000,7125.000000,7125.000000,170452
7587.500000,7587.500000,2018-05-30,7737.500000,7237.500000,7312.500000,292175
7575.000000,7575.000000,2018-05-31,7675.000000,7450.000000,7587.500000,117029
7625.000000,7625.000000,2018-06-01,7675.000000,7450.000000,7512.500000,152574
7912.500000,7912.500000,2018-06-04,8025.000000,7650.000000,7787.500000,194494
7775.000000,7775.000000,2018-06-05,8025.000000,7737.500000,7875.000000,130832
8000.000000,8000.000000,2018-06-07,8025.000000,7775.000000,7775.000000,135931
8000.000000,8000.000000,2018-06-08,8200.000000,7937.500000,7975.000000,122156
7912.500000,7912.500000,2018-06-11,8150.000000,7850.000000,8000.000000,104933
7925.000000,7925.000000,2018-06-12,8137.500000,7825.000000,7925.000000,164494
7812.500000,7812.500000,2018-06-14,7987.500000,7725.000000,7750.000000,144058
7550.000000,7550.000000,2018-06-15,8375.000000,7475.000000,7925.000000,176229
7175.000000,7175.000000,2018-06-18,7625.000000,6975.000000,7425.000000,131488
7200.000000,7200.000000,2018-06-19,7375.000000,7000.000000,7175.000000,135700
7200.000000,7200.000000,2018-06-20,7375.000000,6975.000000,7150.000000,76604
7000.000000,7000.000000,2018-06-21,7250.000000,7000.000000,7225.000000,83721
7000.000000,7000.000000,2018-06-22,7075.000000,6725.000000,6875.000000,72997
7175.000000,7175.000000,2018-06-25,7175.000000,6950.000000,7000.000000,16118
7075.000000,7075.000000,2018-06-26,7175.000000,6875.000000,7175.000000,17682
7100.000000,7100.000000,2018-06-27,7200.000000,7000.000000,7075.000000,26119
6925.000000,6925.000000,2018-06-28,8100.000000,6800.000000,7150.000000,345454
6850.000000,6850.000000,2018-06-29,6950.000000,6600.000000,6925.000000,37051
6525.000000,6525.000000,2018-07-02,6850.000000,6425.000000,6700.000000,52381
6600.000000,6600.000000,2018-07-03,6675.000000,6250.000000,6250.000000,134510
6475.000000,6475.000000,2018-07-04,7250.000000,6400.000000,7000.000000,561381
6400.000000,6400.000000,2018-07-05,6550.000000,6300.000000,6475.000000,49655
6200.000000,6200.000000,2018-07-06,6450.000000,6125.000000,6400.000000,97364
6200.000000,6200.000000,2018-07-09,6400.000000,6050.000000,6225.000000,91389
6200.000000,6200.000000,2018-07-10,6250.000000,6125.000000,6175.000000,54860
6125.000000,6125.000000,2018-07-11,6225.000000,6075.000000,6200.000000,42146
6175.000000,6175.000000,2018-07-12,6300.000000,6000.000000,6125.000000,59271
6475.000000,6475.000000,2018-07-13,6475.000000,6100.000000,6200.000000,64150
6500.000000,6500.000000,2018-07-16,6725.000000,6425.000000,6725.000000,71650
6400.000000,6400.000000,2018-07-17,6550.000000,6375.000000,6550.000000,49234
6350.000000,6350.000000,2018-07-18,6525.000000,6250.000000,6425.000000,78474
6350.000000,6350.000000,2018-07-19,6375.000000,6150.000000,6300.000000,92153
6275.000000,6275.000000,2018-07-20,6550.000000,6150.000000,6250.000000,88481
5925.000000,5925.000000,2018-07-23,6250.000000,5925.000000,6250.000000,85308
5925.000000,5925.000000,2018-07-24,6050.000000,5775.000000,5925.000000,97046
5750.000000,5750.000000,2018-07-25,6025.000000,5650.000000,6000.000000,68523
5775.000000,5775.000000,2018-07-26,5900.000000,5675.000000,5800.000000,63066
5925.000000,5925.000000,2018-07-27,5925.000000,5750.000000,5750.000000,67263
5825.000000,5825.000000,2018-07-30,5925.000000,5750.000000,5925.000000,32958
5875.000000,5875.000000,2018-07-31,5900.000000,5775.000000,5850.000000,56297
6050.000000,6050.000000,2018-08-01,6250.000000,5950.000000,6175.000000,237414
6000.000000,6000.000000,2018-08-02,6100.000000,5925.000000,6000.000000,44490
6075.000000,6075.000000,2018-08-03,6100.000000,5950.000000,6050.000000,38280
6025.000000,6025.000000,2018-08-06,6150.000000,5875.000000,6125.000000,62127
6225.000000,6225.000000,2018-08-07,6225.000000,5875.000000,6025.000000,53096
6125.000000,6125.000000,2018-08-08,6300.000000,6050.000000,6225.000000,55184
6100.000000,6100.000000,2018-08-09,6175.000000,5975.000000,6025.000000,42415
6050.000000,6050.000000,2018-08-10,6200.000000,5975.000000,6125.000000,51183
5750.000000,5750.000000,2018-08-13,6050.000000,5750.000000,6050.000000,54646
5825.000000,5825.000000,2018-08-14,5925.000000,5675.000000,5700.000000,38536
5825.000000,5825.000000,2018-08-16,5850.000000,5600.000000,5800.000000,39919
6100.000000,6100.000000,2018-08-17,6400.000000,5775.000000,5825.000000,84472
6100.000000,6100.000000,2018-08-20,6200.000000,6075.000000,6150.000000,34537
6425.000000,6425.000000,2018-08-21,6425.000000,6050.000000,6175.000000,132208
6375.000000,6375.000000,2018-08-22,6500.000000,6300.000000,6475.000000,91885
6375.000000,6375.000000,2018-08-23,6400.000000,6275.000000,6350.000000,49955
6375.000000,6375.000000,2018-08-24,6400.000000,6250.000000,6300.000000,55554
6575.000000,6575.000000,2018-08-27,6750.000000,6250.000000,6400.000000,131088
6800.000000,6800.000000,2018-08-28,7000.000000,6525.000000,6525.000000,196598
6775.000000,6775.000000,2018-08-29,6950.000000,6700.000000,6850.000000,87841
6725.000000,6725.000000,2018-08-30,6850.000000,6650.000000,6800.000000,53484
6850.000000,6850.000000,2018-08-31,6875.000000,6550.000000,6700.000000,185561
6775.000000,6775.000000,2018-09-03,6925.000000,6725.000000,6900.000000,54195
6575.000000,6575.000000,2018-09-04,6800.000000,6525.000000,6800.000000,74099
6575.000000,6575.000000,2018-09-05,6700.000000,6475.000000,6575.000000,83354
6450.000000,6450.000000,2018-09-06,6625.000000,6375.000000,6550.000000,66227
6200.000000,6200.000000,2018-09-07,6500.000000,6175.000000,6500.000000,59321
6200.000000,6200.000000,2018-09-10,6825.000000,6200.000000,6250.000000,363720
6150.000000,6150.000000,2018-09-11,6300.000000,6075.000000,6200.000000,76501
6200.000000,6200.000000,2018-09-12,6400.000000,6100.000000,6200.000000,165867
6150.000000,6150.000000,2018-09-13,6425.000000,6150.000000,6275.000000,95730
6175.000000,6175.000000,2018-09-14,6175.000000,5850.000000,6175.000000,102963
5975.000000,5975.000000,2018-09-17,6225.000000,5950.000000,6175.000000,55662
5925.000000,5925.000000,2018-09-18,6025.000000,5850.000000,6000.000000,41934
5925.000000,5925.000000,2018-09-19,5975.000000,5850.000000,5900.000000,59649
5800.000000,5800.000000,2018-09-20,6000.000000,5800.000000,5925.000000,93528
5950.000000,5950.000000,2018-09-21,5950.000000,5800.000000,5900.000000,32593
6175.000000,6175.000000,2018-09-27,6200.000000,5950.000000,5950.000000,62309
6050.000000,6050.000000,2018-09-28,6200.000000,6025.000000,6175.000000,58847
6150.000000,6150.000000,2018-10-01,6175.000000,6050.000000,6150.000000,30987
6000.000000,6000.000000,2018-10-02,6175.000000,5950.000000,6150.000000,47682
5775.000000,5775.000000,2018-10-04,6050.000000,5750.000000,6000.000000,57474
5675.000000,5675.000000,2018-10-05,5800.000000,5600.000000,5750.000000,57136
5700.000000,5700.000000,2018-10-08,5825.000000,5625.000000,5675.000000,34437
5425.000000,5425.000000,2018-10-10,5750.000000,5300.000000,5750.000000,97268
5150.000000,5150.000000,2018-10-11,5450.000000,5100.000000,5200.000000,79486
5175.000000,5175.000000,2018-10-12,5275.000000,5050.000000,5050.000000,45995
5150.000000,5150.000000,2018-10-15,5300.000000,5125.000000,5275.000000,33649
5200.000000,5200.000000,2018-10-16,5350.000000,5175.000000,5225.000000,25329
5200.000000,5200.000000,2018-10-17,5350.000000,5175.000000,5225.000000,18350
5175.000000,5175.000000,2018-10-18,5350.000000,5150.000000,5200.000000,29627
5025.000000,5025.000000,2018-10-19,5175.000000,4965.000000,5175.000000,87581
4915.000000,4915.000000,2018-10-22,5050.000000,4815.000000,5025.000000,81700
4710.000000,4710.000000,2018-10-23,4925.000000,4565.000000,4900.000000,78247
4500.000000,4500.000000,2018-10-24,4810.000000,4500.000000,4700.000000,57432
4600.000000,4600.000000,2018-10-25,4615.000000,4325.000000,4355.000000,60500
4360.000000,4360.000000,2018-10-26,4675.000000,4355.000000,4675.000000,82320
4100.000000,4100.000000,2018-10-29,4490.000000,4100.000000,4410.000000,70650
4160.000000,4160.000000,2018-10-30,4300.000000,3995.000000,4000.000000,76439
5300.000000,5300.000000,2018-10-31,5400.000000,4160.000000,4190.000000,721628
5050.000000,5050.000000,2018-11-01,5350.000000,4990.000000,5050.000000,370157
5050.000000,5050.000000,2018-11-02,5225.000000,5000.000000,5125.000000,160896
4885.000000,4885.000000,2018-11-05,5050.000000,4840.000000,5000.000000,161236
4735.000000,4735.000000,2018-11-06,4885.000000,4725.000000,4850.000000,97926
4730.000000,4730.000000,2018-11-07,4795.000000,4555.000000,4770.000000,64222
4730.000000,4730.000000,2018-11-08,4895.000000,4710.000000,4730.000000,64151
4640.000000,4640.000000,2018-11-09,4750.000000,4550.000000,4720.000000,61098
4515.000000,4515.000000,2018-11-12,4615.000000,4500.000000,4615.000000,58741
4525.000000,4525.000000,2018-11-13,4530.000000,4360.000000,4410.000000,40593
4505.000000,4505.000000,2018-11-14,4590.000000,4465.000000,4525.000000,34632
4430.000000,4430.000000,2018-11-15,4540.000000,4300.000000,4505.000000,45262
4535.000000,4535.000000,2018-11-16,4650.000000,4390.000000,4440.000000,85186
4700.000000,4700.000000,2018-11-19,4705.000000,4535.000000,4535.000000,65307
4650.000000,4650.000000,2018-11-20,4650.000000,4575.000000,4580.000000,62740
4625.000000,4625.000000,2018-11-21,4635.000000,4570.000000,4580.000000,35637
4620.000000,4620.000000,2018-11-22,4690.000000,4590.000000,4630.000000,31764
4650.000000,4650.000000,2018-11-23,4795.000000,4585.000000,4675.000000,62259
4700.000000,4700.000000,2018-11-26,4750.000000,4650.000000,4750.000000,44795
4700.000000,4700.000000,2018-11-27,4740.000000,4670.000000,4740.000000,31524
4680.000000,4680.000000,2018-11-28,4745.000000,4635.000000,4700.000000,35250
4645.000000,4645.000000,2018-11-29,4715.000000,4610.000000,4680.000000,31360
4565.000000,4565.000000,2018-11-30,4675.000000,4555.000000,4600.000000,30150
4560.000000,4560.000000,2018-12-03,4640.000000,4475.000000,4515.000000,46982
4485.000000,4485.000000,2018-12-04,4590.000000,4440.000000,4575.000000,57234
4340.000000,4340.000000,2018-12-05,4450.000000,4250.000000,4390.000000,121647
4250.000000,4250.000000,2018-12-06,4370.000000,4215.000000,4340.000000,67438
4170.000000,4170.000000,2018-12-07,4295.000000,4135.000000,4245.000000,62358
3995.000000,3995.000000,2018-12-10,4165.000000,3975.000000,4055.000000,78841
3795.000000,3795.000000,2018-12-11,4120.000000,3795.000000,3950.000000,118742
3820.000000,3820.000000,2018-12-12,3925.000000,3725.000000,3795.000000,105798
3820.000000,3820.000000,2018-12-13,3900.000000,3775.000000,3900.000000,44281
3740.000000,3740.000000,2018-12-14,3845.000000,3700.000000,3845.000000,42039
3560.000000,3560.000000,2018-12-17,3750.000000,3560.000000,3750.000000,69960
3590.000000,3590.000000,2018-12-18,3655.000000,3505.000000,3505.000000,58631
3585.000000,3585.000000,2018-12-19,3645.000000,3560.000000,3625.000000,38510
3500.000000,3500.000000,2018-12-20,3600.000000,3500.000000,3540.000000,39202
3470.000000,3470.000000,2018-12-21,3565.000000,3455.000000,3525.000000,56030
3505.000000,3505.000000,2018-12-24,3535.000000,3465.000000,3525.000000,36872
3400.000000,3400.000000,2018-12-26,3485.000000,3250.000000,3450.000000,65698
3575.000000,3575.000000,2018-12-27,3600.000000,3420.000000,3525.000000,31661
3675.000000,3675.000000,2018-12-28,3680.000000,3510.000000,3575.000000,64226
3680.000000,3680.000000,2019-01-02,3725.000000,3555.000000,3725.000000,32049
3450.000000,3450.000000,2019-01-03,3720.000000,3365.000000,3615.000000,63419
3640.000000,3640.000000,2019-01-04,3645.000000,3380.000000,3450.000000,83974
3700.000000,3700.000000,2019-01-07,3750.000000,3605.000000,3675.000000,66047
3535.000000,3535.000000,2019-01-08,3715.000000,3500.000000,3700.000000,55000
3560.000000,3560.000000,2019-01-09,3600.000000,3500.000000,3525.000000,58387
3600.000000,3600.000000,2019-01-10,3640.000000,3540.000000,3570.000000,47474
3840.000000,3840.000000,2019-01-11,4495.000000,3590.000000,3590.000000,652617
4150.000000,4150.000000,2019-01-14,4310.000000,3860.000000,3925.000000,306344
4300.000000,4300.000000,2019-01-15,4835.000000,4170.000000,4400.000000,933154
4225.000000,4225.000000,2019-01-16,4295.000000,4115.000000,4295.000000,185479
4045.000000,4045.000000,2019-01-17,4200.000000,4040.000000,4200.000000,135982
3975.000000,3975.000000,2019-01-18,4075.000000,3920.000000,4075.000000,119186
3950.000000,3950.000000,2019-01-21,3980.000000,3900.000000,3980.000000,100597
4000.000000,4000.000000,2019-01-22,4100.000000,3955.000000,4090.000000,72408
4005.000000,4005.000000,2019-01-23,4125.000000,3950.000000,3950.000000,35174
4030.000000,4030.000000,2019-01-24,4045.000000,3940.000000,4025.000000,75173
4085.000000,4085.000000,2019-01-25,4095.000000,4010.000000,4010.000000,59870
4090.000000,4090.000000,2019-01-28,4140.000000,4025.000000,4085.000000,50196
4000.000000,4000.000000,2019-01-29,4085.000000,3950.000000,4085.000000,65715
4010.000000,4010.000000,2019-01-30,4065.000000,3975.000000,4065.000000,47345
4030.000000,4030.000000,2019-01-31,4070.000000,3980.000000,4010.000000,32158
4035.000000,4035.000000,2019-02-01,4120.000000,3990.000000,4120.000000,74119
4130.000000,4130.000000,2019-02-07,4135.000000,4030.000000,4040.000000,52604
4130.000000,4130.000000,2019-02-08,4220.000000,4095.000000,4095.000000,69113
3890.000000,3890.000000,2019-02-11,4115.000000,3800.000000,4090.000000,196594
4025.000000,4025.000000,2019-02-12,4050.000000,3885.000000,3920.000000,75897
3950.000000,3950.000000,2019-02-13,4025.000000,3915.000000,4025.000000,67345
3800.000000,3800.000000,2019-02-14,3975.000000,3750.000000,3975.000000,119437
3735.000000,3735.000000,2019-02-15,3900.000000,3655.000000,3900.000000,112166
3750.000000,3750.000000,2019-02-18,3845.000000,3735.000000,3845.000000,48457
3860.000000,3860.000000,2019-02-19,3860.000000,3740.000000,3755.000000,44921
3945.000000,3945.000000,2019-02-20,3970.000000,3830.000000,3885.000000,66057
3900.000000,3900.000000,2019-02-21,3950.000000,3885.000000,3900.000000,37869
3895.000000,3895.000000,2019-02-22,3935.000000,3865.000000,3935.000000,31227
3965.000000,3965.000000,2019-02-25,4070.000000,3910.000000,3940.000000,79406
4005.000000,4005.000000,2019-02-26,4045.000000,3950.000000,3975.000000,54016
3985.000000,3985.000000,2019-02-27,4070.000000,3925.000000,4070.000000,70327
3900.000000,3900.000000,2019-02-28,4155.000000,3900.000000,3955.000000,125746
4030.000000,4030.000000,2019-03-04,4075.000000,3965.000000,3965.000000,50136
4010.000000,4010.000000,2019-03-05,4060.000000,3975.000000,4035.000000,43332
3930.000000,3930.000000,2019-03-06,4025.000000,3850.000000,4015.000000,68075
3925.000000,3925.000000,2019-03-07,4010.000000,3850.000000,3990.000000,35150
4020.000000,4020.000000,2019-03-08,4180.000000,3805.000000,3920.000000,224501
3880.000000,3880.000000,2019-03-11,4060.000000,3850.000000,4025.000000,86652
3950.000000,3950.000000,2019-03-12,3970.000000,3885.000000,3945.000000,40953
3930.000000,3930.000000,2019-03-13,4000.000000,3905.000000,4000.000000,34678
3975.000000,3975.000000,2019-03-14,3995.000000,3930.000000,3930.000000,33806
3935.000000,3935.000000,2019-03-15,4000.000000,3875.000000,4000.000000,38542
3950.000000,3950.000000,2019-03-18,3990.000000,3890.000000,3965.000000,31559
3855.000000,3855.000000,2019-03-19,3970.000000,3845.000000,3910.000000,83387
3705.000000,3705.000000,2019-03-20,3850.000000,3655.000000,3850.000000,130412
3880.000000,3880.000000,2019-03-21,4075.000000,3835.000000,3895.000000,200188
3880.000000,3880.000000,2019-03-22,3925.000000,3850.000000,3880.000000,37319
3830.000000,3830.000000,2019-03-25,3905.000000,3780.000000,3780.000000,34679
3830.000000,3830.000000,2019-03-26,3895.000000,3750.000000,3850.000000,20965
3805.000000,3805.000000,2019-03-27,3890.000000,3780.000000,3890.000000,25158
3745.000000,3745.000000,2019-03-28,3795.000000,3680.000000,3775.000000,61400
3865.000000,3865.000000,2019-03-29,3900.000000,3710.000000,3725.000000,51970
3840.000000,3840.000000,2019-04-01,3900.000000,3790.000000,3830.000000,39699
3925.000000,3925.000000,2019-04-02,3980.000000,3830.000000,3845.000000,81604
3990.000000,3990.000000,2019-04-03,4100.000000,3925.000000,3940.000000,101791
4645.000000,4645.000000,2019-04-04,5075.000000,4020.000000,4025.000000,4253532
4400.000000,4400.000000,2019-04-05,5075.000000,4355.000000,4630.000000,2990278
4240.000000,4240.000000,2019-04-08,4410.000000,4215.000000,4375.000000,523817
4160.000000,4160.000000,2019-04-09,4295.000000,4135.000000,4240.000000,320527
4160.000000,4160.000000,2019-04-10,4220.000000,4135.000000,4165.000000,176599
4290.000000,4290.000000,2019-04-11,4290.000000,4160.000000,4165.000000,198665
4295.000000,4295.000000,2019-04-12,4345.000000,4205.000000,4300.000000,127244
4265.000000,4265.000000,2019-04-15,4335.000000,4220.000000,4325.000000,139225
4175.000000,4175.000000,2019-04-16,4255.000000,4150.000000,4230.000000,169442
4205.000000,4205.000000,2019-04-17,4265.000000,4150.000000,4185.000000,94485
4240.000000,4240.000000,2019-04-18,4480.000000,4160.000000,4225.000000,661967
4270.000000,4270.000000,2019-04-19,4360.000000,4175.000000,4230.000000,100904
4450.000000,4450.000000,2019-04-22,4525.000000,4285.000000,4285.000000,319137
4485.000000,4485.000000,2019-04-23,4585.000000,4395.000000,4450.000000,280677
4400.000000,4400.000000,2019-04-24,4595.000000,4365.000000,4500.000000,272565
4285.000000,4285.000000,2019-04-25,4445.000000,4190.000000,4425.000000,183643
4245.000000,4245.000000,2019-04-26,4335.000000,4150.000000,4335.000000,139822
4345.000000,4345.000000,2019-04-29,4345.000000,4200.000000,4295.000000,80986
4285.000000,4285.000000,2019-04-30,4400.000000,4250.000000,4345.000000,62272
4340.000000,4340.000000,2019-05-02,4400.000000,4275.000000,4320.000000,93771
4325.000000,4325.000000,2019-05-03,4410.000000,4270.000000,4325.000000,56954
4200.000000,4200.000000,2019-05-07,4280.000000,4145.000000,4250.000000,94259
4100.000000,4100.000000,2019-05-08,4250.000000,4080.000000,4160.000000,95806
4085.000000,4085.000000,2019-05-09,4175.000000,4020.000000,4155.000000,62543
4010.000000,4010.000000,2019-05-10,4125.000000,3960.000000,4125.000000,88103
4000.000000,4000.000000,2019-05-13,4100.000000,3965.000000,3985.000000,57429
4005.000000,4005.000000,2019-05-14,4040.000000,3675.000000,3960.000000,56324
4020.000000,4020.000000,2019-05-15,4115.000000,3955.000000,4040.000000,42964
4020.000000,4020.000000,2019-05-16,4075.000000,3925.000000,3975.000000,60257
4030.000000,4030.000000,2019-05-17,4070.000000,3950.000000,4020.000000,29387
4050.000000,4050.000000,2019-05-20,4100.000000,3890.000000,4050.000000,157438
3965.000000,3965.000000,2019-05-21,4140.000000,3935.000000,3945.000000,55485
4020.000000,4020.000000,2019-05-22,4050.000000,3920.000000,4000.000000,40493
3875.000000,3875.000000,2019-05-23,4075.000000,3875.000000,4025.000000,83286
3865.000000,3865.000000,2019-05-24,3925.000000,3750.000000,3875.000000,43503
3870.000000,3870.000000,2019-05-27,3900.000000,3815.000000,3815.000000,21520
3850.000000,3850.000000,2019-05-28,4335.000000,3820.000000,4305.000000,621718
3645.000000,3645.000000,2019-05-29,3870.000000,3625.000000,3820.000000,163605
3650.000000,3650.000000,2019-05-30,3715.000000,3605.000000,3655.000000,38064
3700.000000,3700.000000,2019-05-31,3700.000000,3615.000000,3650.000000,48025
3550.000000,3550.000000,2019-06-03,3690.000000,3435.000000,3625.000000,151443
3540.000000,3540.000000,2019-06-04,3580.000000,3450.000000,3580.000000,103197
3540.000000,3540.000000,2019-06-05,3570.000000,3465.000000,3570.000000,49587
3555.000000,3555.000000,2019-06-07,3595.000000,3500.000000,3530.000000,53327
3565.000000,3565.000000,2019-06-10,3595.000000,3515.000000,3555.000000,25786
3600.000000,3600.000000,2019-06-11,3625.000000,3535.000000,3565.000000,52120
3605.000000,3605.000000,2019-06-12,3620.000000,3540.000000,3610.000000,32708
3670.000000,3670.000000,2019-06-13,3700.000000,3595.000000,3605.000000,41981
3690.000000,3690.000000,2019-06-14,3730.000000,3620.000000,3685.000000,43229
3655.000000,3655.000000,2019-06-17,3745.000000,3625.000000,3690.000000,32306
3625.000000,3625.000000,2019-06-18,3685.000000,3595.000000,3655.000000,29003
3605.000000,3605.000000,2019-06-19,3675.000000,3545.000000,3625.000000,72693
3635.000000,3635.000000,2019-06-20,3750.000000,3555.000000,3565.000000,24253
3640.000000,3640.000000,2019-06-21,3750.000000,3600.000000,3635.000000,42452
3585.000000,3585.000000,2019-06-24,3690.000000,3540.000000,3665.000000,43673
3475.000000,3475.000000,2019-06-25,3615.000000,3475.000000,3610.000000,80293
3470.000000,3470.000000,2019-06-26,3615.000000,3460.000000,3465.000000,124319
3470.000000,3470.000000,2019-06-27,3515.000000,3420.000000,3515.000000,97667
3470.000000,3470.000000,2019-06-28,3550.000000,3410.000000,3500.000000,56352
3485.000000,3485.000000,2019-07-01,3510.000000,3460.000000,3500.000000,36467
3500.000000,3500.000000,2019-07-02,3550.000000,3450.000000,3485.000000,33177
3475.000000,3475.000000,2019-07-03,3545.000000,3450.000000,3530.000000,43584
3430.000000,3430.000000,2019-07-04,3525.000000,3380.000000,3485.000000,37471
3475.000000,3475.000000,2019-07-05,3550.000000,3380.000000,3440.000000,42018
3390.000000,3390.000000,2019-07-08,3480.000000,3320.000000,3480.000000,38565
3385.000000,3385.000000,2019-07-09,3550.000000,3305.000000,3375.000000,32728
3385.000000,3385.000000,2019-07-10,3515.000000,3310.000000,3350.000000,23025
3400.000000,3400.000000,2019-07-11,3520.000000,3340.000000,3475.000000,63605
3370.000000,3370.000000,2019-07-12,3415.000000,3345.000000,3390.000000,22365
3300.000000,3300.000000,2019-07-15,3395.000000,3155.000000,3385.000000,86204
3250.000000,3250.000000,2019-07-16,3340.000000,3185.000000,3300.000000,53327
3160.000000,3160.000000,2019-07-17,3250.000000,3110.000000,3240.000000,91884
3135.000000,3135.000000,2019-07-18,3175.000000,3060.000000,3125.000000,51230
3200.000000,3200.000000,2019-07-19,3315.000000,3055.000000,3055.000000,92987
3230.000000,3230.000000,2019-07-22,3455.000000,3140.000000,3200.000000,69041
3160.000000,3160.000000,2019-07-23,3260.000000,3145.000000,3250.000000,37356
3180.000000,3180.000000,2019-07-24,3260.000000,3105.000000,3160.000000,34189
3080.000000,3080.000000,2019-07-25,3250.000000,3040.000000,3210.000000,56557
3000.000000,3000.000000,2019-07-26,3220.000000,2950.000000,3130.000000,55435
2800.000000,2800.000000,2019-07-29,3035.000000,2750.000000,2965.000000,80714
2800.000000,2800.000000,2019-07-30,2860.000000,2730.000000,2800.000000,85121
2840.000000,2840.000000,2019-07-31,3020.000000,2700.000000,2995.000000,53020
2845.000000,2845.000000,2019-08-01,2950.000000,2775.000000,2800.000000,37713
2740.000000,2740.000000,2019-08-02,2970.000000,2600.000000,2845.000000,75155
2635.000000,2635.000000,2019-08-05,2760.000000,2515.000000,2730.000000,84272
2655.000000,2655.000000,2019-08-06,2655.000000,2100.000000,2625.000000,77061
2645.000000,2645.000000,2019-08-07,2775.000000,2555.000000,2690.000000,47797
2675.000000,2675.000000,2019-08-08,2680.000000,2585.000000,2625.000000,31669
2700.000000,2700.000000,2019-08-09,2765.000000,2660.000000,2695.000000,37942
2745.000000,2745.000000,2019-08-12,2745.000000,2650.000000,2680.000000,36596
2725.000000,2725.000000,2019-08-13,2745.000000,2680.000000,2745.000000,9031
2785.000000,2785.000000,2019-08-14,2850.000000,2715.000000,2785.000000,28636
2795.000000,2795.000000,2019-08-16,2825.000000,2695.000000,2760.000000,20426
2810.000000,2810.000000,2019-08-19,2840.000000,2750.000000,2825.000000,19066
2935.000000,2935.000000,2019-08-20,2950.000000,2765.000000,2825.000000,114229
2930.000000,2930.000000,2019-08-21,2965.000000,2850.000000,2935.000000,24946
2880.000000,2880.000000,2019-08-22,2955.000000,2835.000000,2930.000000,27398
2860.000000,2860.000000,2019-08-23,2880.000000,2820.000000,2880.000000,14045
2750.000000,2750.000000,2019-08-26,2860.000000,2610.000000,2800.000000,54192
2750.000000,2750.000000,2019-08-27,2825.000000,2700.000000,2750.000000,22511
2750.000000,2750.000000,2019-08-28,2800.000000,2700.000000,2750.000000,15637
2795.000000,2795.000000,2019-08-29,2795.000000,2740.000000,2750.000000,15157
2835.000000,2835.000000,2019-08-30,2885.000000,2795.000000,2810.000000,12322
2885.000000,2885.000000,2019-09-02,2890.000000,2835.000000,2845.000000,16759
2920.000000,2920.000000,2019-09-03,2950.000000,2885.000000,2885.000000,26220
2960.000000,2960.000000,2019-09-04,2990.000000,2870.000000,2975.000000,10469
2975.000000,2975.000000,2019-09-05,2975.000000,2925.000000,2960.000000,29244
2945.000000,2945.000000,2019-09-06,3045.000000,2900.000000,2975.000000,29361
2935.000000,2935.000000,2019-09-09,2960.000000,2835.000000,2945.000000,24348
2950.000000,2950.000000,2019-09-10,2985.000000,2850.000000,2935.000000,22685
2985.000000,2985.000000,2019-09-11,3005.000000,2915.000000,2980.000000,18642
3000.000000,3000.000000,2019-09-16,3050.000000,2975.000000,3010.000000,12414
3030.000000,3030.000000,2019-09-17,3040.000000,2960.000000,3015.000000,17870
3025.000000,3025.000000,2019-09-18,3075.000000,2970.000000,3040.000000,28410
3025.000000,3025.000000,2019-09-19,3070.000000,2985.000000,3025.000000,12601
3065.000000,3065.000000,2019-09-20,3075.000000,2980.000000,3050.000000,12735
3060.000000,3060.000000,2019-09-23,3095.000000,3020.000000,3085.000000,19507
3035.000000,3035.000000,2019-09-24,3080.000000,2940.000000,3020.000000,11454
3020.000000,3020.000000,2019-09-25,3075.000000,2940.000000,3020.000000,22979
3000.000000,3000.000000,2019-09-26,3045.000000,2875.000000,3045.000000,18739
3000.000000,3000.000000,2019-09-27,3030.000000,2855.000000,3025.000000,10089
2950.000000,2950.000000,2019-09-30,3040.000000,2875.000000,3000.000000,13475
2960.000000,2960.000000,2019-10-01,2985.000000,2905.000000,2945.000000,9170
2955.000000,2955.000000,2019-10-02,2985.000000,2810.000000,2900.000000,12315
2930.000000,2930.000000,2019-10-04,2945.000000,2840.000000,2945.000000,20850
2845.000000,2845.000000,2019-10-07,2925.000000,2845.000000,2925.000000,12113
3105.000000,3105.000000,2019-10-08,3385.000000,2775.000000,2860.000000,2258760
3430.000000,3430.000000,2019-10-10,3765.000000,3010.000000,3085.000000,4423936
3010.000000,3010.000000,2019-10-11,3565.000000,3000.000000,3490.000000,1174765
2980.000000,2980.000000,2019-10-14,3115.000000,2920.000000,3010.000000,313784
2925.000000,2925.000000,2019-10-15,2980.000000,2910.000000,2970.000000,129798
3000.000000,3000.000000,2019-10-16,3020.000000,2930.000000,2960.000000,88038
2975.000000,2975.000000,2019-10-17,3090.000000,2915.000000,3000.000000,152170
2940.000000,2940.000000,2019-10-18,2980.000000,2915.000000,2975.000000,77462
2945.000000,2945.000000,2019-10-21,2960.000000,2895.000000,2940.000000,58740
2985.000000,2985.000000,2019-10-22,3045.000000,2900.000000,2945.000000,161257
2930.000000,2930.000000,2019-10-23,3035.000000,2915.000000,2985.000000,75041
2850.000000,2850.000000,2019-10-24,2960.000000,2825.000000,2950.000000,94580
2850.000000,2850.000000,2019-10-25,2890.000000,2815.000000,2850.000000,46803
2860.000000,2860.000000,2019-10-28,2870.000000,2810.000000,2865.000000,33329
2880.000000,2880.000000,2019-10-29,2955.000000,2830.000000,2840.000000,99755
2880.000000,2880.000000,2019-10-30,2880.000000,2825.000000,2830.000000,57524
2915.000000,2915.000000,2019-10-31,2930.000000,2855.000000,2865.000000,34698
2955.000000,2955.000000,2019-11-01,2965.000000,2870.000000,2930.000000,33366
3030.000000,3030.000000,2019-11-04,3050.000000,2895.000000,3005.000000,119541
3110.000000,3110.000000,2019-11-05,3120.000000,3000.000000,3045.000000,128525
3110.000000,3110.000000,2019-11-06,3140.000000,3030.000000,3110.000000,52485
3130.000000,3130.000000,2019-11-07,3140.000000,3080.000000,3135.000000,34040
3130.000000,3130.000000,2019-11-08,3200.000000,3100.000000,3125.000000,39901
3130.000000,3130.000000,2019-11-11,3150.000000,3045.000000,3135.000000,24788
3080.000000,3080.000000,2019-11-12,3250.000000,3050.000000,3250.000000,43424
3085.000000,3085.000000,2019-11-13,3145.000000,3030.000000,3085.000000,70983
3075.000000,3075.000000,2019-11-14,3145.000000,3050.000000,3095.000000,29159
3040.000000,3040.000000,2019-11-15,3085.000000,2950.000000,3050.000000,109996
3040.000000,3040.000000,2019-11-18,3075.000000,2960.000000,3040.000000,50434
3360.000000,3360.000000,2019-11-19,3900.000000,3040.000000,3050.000000,7898364
3150.000000,3150.000000,2019-11-20,3520.000000,3130.000000,3465.000000,1366991
3045.000000,3045.000000,2019-11-21,3210.000000,3010.000000,3140.000000,719154
2915.000000,2915.000000,2019-11-22,3100.000000,2915.000000,3045.000000,267747
2995.000000,2995.000000,2019-11-25,3015.000000,2915.000000,2920.000000,112594
3125.000000,3125.000000,2019-11-26,3305.000000,2995.000000,3005.000000,2225062
2985.000000,2985.000000,2019-11-27,3140.000000,2980.000000,3100.000000,315360
3080.000000,3080.000000,2019-11-28,3375.000000,3010.000000,3240.000000,927677
3075.000000,3075.000000,2019-11-29,3170.000000,3025.000000,3075.000000,268583
3010.000000,3010.000000,2019-12-02,3110.000000,3010.000000,3075.000000,138703
3010.000000,3010.000000,2019-12-03,3035.000000,2935.000000,2975.000000,145054
3010.000000,3010.000000,2019-12-04,3020.000000,2945.000000,2975.000000,110961
2940.000000,2940.000000,2019-12-05,3035.000000,2875.000000,3005.000000,106636
2950.000000,2950.000000,2019-12-06,2960.000000,2900.000000,2900.000000,49331
2975.000000,2975.000000,2019-12-09,3080.000000,2925.000000,2975.000000,264777
3865.000000,3865.000000,2019-12-10,3865.000000,2935.000000,2965.000000,5407166
5000.000000,5000.000000,2019-12-11,5000.000000,3910.000000,4240.000000,19786904
5025.000000,5025.000000,2019-12-12,5800.000000,4860.000000,5200.000000,18927244
4750.000000,4750.000000,2019-12-13,5425.000000,4690.000000,5150.000000,5875272
4570.000000,4570.000000,2019-12-16,4835.000000,4500.000000,4745.000000,1779591
4520.000000,4520.000000,2019-12-17,4715.000000,4410.000000,4555.000000,2141458
4470.000000,4470.000000,2019-12-18,4535.000000,4360.000000,4500.000000,1044581
4350.000000,4350.000000,2019-12-19,4490.000000,4300.000000,4430.000000,776557
4120.000000,4120.000000,2019-12-20,4335.000000,4100.000000,4315.000000,667219
4170.000000,4170.000000,2019-12-23,4260.000000,4115.000000,4165.000000,514441
3960.000000,3960.000000,2019-12-24,4170.000000,3910.000000,4170.000000,705941
4085.000000,4085.000000,2019-12-26,4095.000000,3965.000000,4015.000000,376864
4165.000000,4165.000000,2019-12-27,4190.000000,4015.000000,4085.000000,495984
4150.000000,4150.000000,2019-12-30,4205.000000,4095.000000,4180.000000,363501
4235.000000,4235.000000,2020-01-02,4245.000000,4070.000000,4150.000000,420714
4230.000000,4230.000000,2020-01-03,4315.000000,4190.000000,4265.000000,507003
4035.000000,4035.000000,2020-01-06,4170.000000,4005.000000,4170.000000,302317
4125.000000,4125.000000,2020-01-07,4165.000000,4060.000000,4100.000000,177091
3875.000000,3875.000000,2020-01-08,4100.000000,3805.000000,4100.000000,465680
4085.000000,4085.000000,2020-01-09,4105.000000,3925.000000,4015.000000,250216
4165.000000,4165.000000,2020-01-10,4340.000000,4060.000000,4100.000000,722083
4160.000000,4160.000000,2020-01-13,4250.000000,4100.000000,4245.000000,235198
4135.000000,4135.000000,2020-01-14,4195.000000,4105.000000,4160.000000,206070
4135.000000,4135.000000,2020-01-15,4390.000000,4120.000000,4250.000000,985737
4295.000000,4295.000000,2020-01-16,4455.000000,4150.000000,4160.000000,1192844
4170.000000,4170.000000,2020-01-17,4290.000000,4135.000000,4290.000000,267671
4125.000000,4125.000000,2020-01-20,4215.000000,4005.000000,4125.000000,199034
4180.000000,4180.000000,2020-01-21,4370.000000,4125.000000,4170.000000,485439
4380.000000,4380.000000,2020-01-22,4485.000000,4170.000000,4180.000000,1222545
4405.000000,4405.000000,2020-01-23,4650.000000,4345.000000,4430.000000,750679
4100.000000,4100.000000,2020-01-28,4730.000000,4010.000000,4455.000000,1654133
3990.000000,3990.000000,2020-01-29,4150.000000,3970.000000,4125.000000,330830
3890.000000,3890.000000,2020-01-30,4165.000000,3825.000000,3990.000000,576973
3715.000000,3715.000000,2020-01-31,3955.000000,3575.000000,3890.000000,226631
3630.000000,3630.000000,2020-02-03,3775.000000,3510.000000,3510.000000,176257
3760.000000,3760.000000,2020-02-04,3785.000000,3635.000000,3635.000000,62814
3790.000000,3790.000000,2020-02-05,3840.000000,3725.000000,3775.000000,69056
4925.000000,4925.000000,2020-02-06,4925.000000,3750.000000,3750.000000,8254572
4275.000000,4275.000000,2020-02-07,5475.000000,4240.000000,5325.000000,6484936
4160.000000,4160.000000,2020-02-10,4345.000000,4100.000000,4275.000000,724506
4080.000000,4080.000000,2020-02-11,4275.000000,4080.000000,4160.000000,532879
4030.000000,4030.000000,2020-02-12,4130.000000,4015.000000,4065.000000,266986
4015.000000,4015.000000,2020-02-13,4350.000000,3920.000000,4035.000000,1477364
4000.000000,4000.000000,2020-02-14,4080.000000,3955.000000,3985.000000,319389
3730.000000,3730.000000,2020-02-17,4055.000000,3595.000000,3990.000000,748338
3780.000000,3780.000000,2020-02-18,3830.000000,3725.000000,3800.000000,229868
3855.000000,3855.000000,2020-02-19,3865.000000,3750.000000,3800.000000,184117
3865.000000,3865.000000,2020-02-20,3980.000000,3805.000000,3975.000000,251468
3755.000000,3755.000000,2020-02-21,3865.000000,3720.000000,3775.000000,221058
3630.000000,3630.000000,2020-02-24,3910.000000,3625.000000,3775.000000,496371
3700.000000,3700.000000,2020-02-25,3730.000000,3600.000000,3630.000000,179082
3610.000000,3610.000000,2020-02-26,3700.000000,3595.000000,3700.000000,164185
3600.000000,3600.000000,2020-02-27,3855.000000,3590.000000,3635.000000,189104
3495.000000,3495.000000,2020-02-28,3610.000000,3460.000000,3605.000000,176614
3545.000000,3545.000000,2020-03-02,3550.000000,3420.000000,3450.000000,96617
3655.000000,3655.000000,2020-03-03,3710.000000,3565.000000,3600.000000,105350
3730.000000,3730.000000,2020-03-04,3730.000000,3635.000000,3665.000000,78681
3745.000000,3745.000000,2020-03-05,3815.000000,3725.000000,3735.000000,141132
3675.000000,3675.000000,2020-03-06,3740.000000,3640.000000,3735.000000,99509
3480.000000,3480.000000,2020-03-09,3650.000000,3450.000000,3635.000000,157590
3515.000000,3515.000000,2020-03-10,3625.000000,3300.000000,3300.000000,204579
3400.000000,3400.000000,2020-03-11,3725.000000,3350.000000,3525.000000,396153
3245.000000,3245.000000,2020-03-12,3450.000000,3195.000000,3400.000000,158607
2920.000000,2920.000000,2020-03-13,3200.000000,2750.000000,3200.000000,217375
2775.000000,2775.000000,2020-03-16,3125.000000,2775.000000,3125.000000,100235
2785.000000,2785.000000,2020-03-17,2815.000000,2600.000000,2675.000000,152734
2725.000000,2725.000000,2020-03-18,3010.000000,2710.000000,2815.000000,192977
2120.000000,2120.000000,2020-03-19,2830.000000,2110.000000,2725.000000,229079
2180.000000,2180.000000,2020-03-20,2225.000000,2105.000000,2120.000000,261473
2105.000000,2105.000000,2020-03-23,2230.000000,2050.000000,2090.000000,233018
2220.000000,2220.000000,2020-03-24,2235.000000,2115.000000,2125.000000,115332
2360.000000,2360.000000,2020-03-25,2450.000000,2255.000000,2300.000000,192804
2525.000000,2525.000000,2020-03-26,2600.000000,2355.000000,2370.000000,215104
3280.000000,3280.000000,2020-03-27,3280.000000,2650.000000,2650.000000,1569102
3255.000000,3255.000000,2020-03-30,3400.000000,3065.000000,3325.000000,2256674
3430.000000,3430.000000,2020-03-31,3885.000000,3275.000000,3360.000000,2504170
3190.000000,3190.000000,2020-04-01,3470.000000,3100.000000,3440.000000,414593
3220.000000,3220.000000,2020-04-02,3320.000000,3060.000000,3285.000000,252506
3240.000000,3240.000000,2020-04-03,3320.000000,3170.000000,3270.000000,185624
3390.000000,3390.000000,2020-04-06,3400.000000,3265.000000,3310.000000,262065
3510.000000,3510.000000,2020-04-07,3510.000000,3345.000000,3435.000000,466053
3600.000000,3600.000000,2020-04-08,3740.000000,3575.000000,3630.000000,865043
3685.000000,3685.000000,2020-04-09,3850.000000,3620.000000,3650.000000,604978
3560.000000,3560.000000,2020-04-10,3740.000000,3365.000000,3735.000000,302907
3555.000000,3555.000000,2020-04-13,3625.000000,3520.000000,3585.000000,201574
3570.000000,3570.000000,2020-04-14,3600.000000,3500.000000,3585.000000,172362
3515.000000,3515.000000,2020-04-16,3585.000000,3430.000000,3570.000000,104240
3545.000000,3545.000000,2020-04-17,3600.000000,3500.000000,3595.000000,180568
3450.000000,3450.000000,2020-04-20,3550.000000,3150.000000,3230.000000,429199
3300.000000,3300.000000,2020-04-21,3485.000000,3180.000000,3485.000000,226270
3390.000000,3390.000000,2020-04-22,3395.000000,3210.000000,3260.000000,129242
3375.000000,3375.000000,2020-04-23,3500.000000,3325.000000,3400.000000,169700
4385.000000,4385.000000,2020-04-24,4385.000000,3300.000000,3415.000000,518265
5700.000000,5700.000000,2020-04-27,5700.000000,5700.000000,5700.000000,368122
6025.000000,6025.000000,2020-04-28,7400.000000,5775.000000,7325.000000,28030920
5875.000000,5875.000000,2020-04-29,6700.000000,5600.000000,5875.000000,8056318
5450.000000,5450.000000,2020-05-04,6050.000000,5400.000000,5750.000000,2374736
5300.000000,5300.000000,2020-05-06,5600.000000,5275.000000,5450.000000,1818655
5250.000000,5250.000000,2020-05-07,5450.000000,5125.000000,5300.000000,1331464
5300.000000,5300.000000,2020-05-08,5350.000000,5200.000000,5300.000000,580198
5225.000000,5225.000000,2020-05-11,5375.000000,5150.000000,5300.000000,516045
5300.000000,5300.000000,2020-05-12,5550.000000,5025.000000,5275.000000,2588212
5225.000000,5225.000000,2020-05-13,5325.000000,5075.000000,5150.000000,421691
4960.000000,4960.000000,2020-05-14,5175.000000,4960.000000,5150.000000,615373
5150.000000,5150.000000,2020-05-15,5400.000000,5000.000000,5025.000000,877879
5025.000000,5025.000000,2020-05-18,5225.000000,4975.000000,5150.000000,443330
5000.000000,5000.000000,2020-05-19,5125.000000,4740.000000,5125.000000,583620
4980.000000,4980.000000,2020-05-20,5050.000000,4955.000000,5000.000000,265914
5000.000000,5000.000000,2020-05-21,5075.000000,4990.000000,5025.000000,295954
4825.000000,4825.000000,2020-05-22,5050.000000,4785.000000,5025.000000,379853
4895.000000,4895.000000,2020-05-25,4920.000000,4705.000000,4880.000000,341148
4860.000000,4860.000000,2020-05-26,4910.000000,4825.000000,4860.000000,183271
4825.000000,4825.000000,2020-05-27,4975.000000,4815.000000,4900.000000,273320
4830.000000,4830.000000,2020-05-28,5175.000000,4790.000000,4825.000000,743233
4575.000000,4575.000000,2020-05-29,4820.000000,4515.000000,4770.000000,395636
4635.000000,4635.000000,2020-06-01,4700.000000,4600.000000,4600.000000,185612
4850.000000,4850.000000,2020-06-02,4935.000000,4650.000000,4745.000000,321694
4655.000000,4655.000000,2020-06-03,4865.000000,4625.000000,4860.000000,259903
4550.000000,4550.000000,2020-06-04,4730.000000,4505.000000,4730.000000,181714
4680.000000,4680.000000,2020-06-05,4705.000000,4555.000000,4600.000000,181770
4650.000000,4650.000000,2020-06-08,4710.000000,4590.000000,4685.000000,120030
4615.000000,4615.000000,2020-06-09,4675.000000,4570.000000,4650.000000,123450
4715.000000,4715.000000,2020-06-10,4955.000000,4585.000000,4620.000000,538478
4620.000000,4620.000000,2020-06-11,4885.000000,4580.000000,4710.000000,308644
4525.000000,4525.000000,2020-06-12,4550.000000,4400.000000,4425.000000,235758
4430.000000,4430.000000,2020-06-15,4995.000000,4395.000000,4530.000000,1532365
4520.000000,4520.000000,2020-06-16,4610.000000,4440.000000,4445.000000,233261
4430.000000,4430.000000,2020-06-17,4560.000000,4350.000000,4500.000000,189486
4510.000000,4510.000000,2020-06-18,4600.000000,4350.000000,4455.000000,178181
4530.000000,4530.000000,2020-06-19,4625.000000,4460.000000,4625.000000,143351
4460.000000,4460.000000,2020-06-22,4580.000000,4455.000000,4540.000000,179394
4305.000000,4305.000000,2020-06-23,4525.000000,4255.000000,4510.000000,241002
4305.000000,4305.000000,2020-06-24,4440.000000,4285.000000,4335.000000,144837
5400.000000,5400.000000,2020-06-25,5575.000000,4215.000000,4260.000000,13909460
5000.000000,5000.000000,2020-06-26,5475.000000,4790.000000,5250.000000,4088342
5025.000000,5025.000000,2020-06-29,5375.000000,4790.000000,4920.000000,2180516
4845.000000,4845.000000,2020-06-30,5050.000000,4750.000000,5000.000000,668468
4680.000000,4680.000000,2020-07-01,5025.000000,4670.000000,4860.000000,664542
4765.000000,4765.000000,2020-07-02,4875.000000,4665.000000,4675.000000,320367
4760.000000,4760.000000,2020-07-03,4850.000000,4715.000000,4785.000000,191977
4790.000000,4790.000000,2020-07-06,4925.000000,4750.000000,4800.000000,246406
4670.000000,4670.000000,2020-07-07,4840.000000,4670.000000,4815.000000,230476
4670.000000,4670.000000,2020-07-08,4725.000000,4610.000000,4705.000000,193439
4605.000000,4605.000000,2020-07-09,4740.000000,4605.000000,4705.000000,163961
4545.000000,4545.000000,2020-07-10,4655.000000,4525.000000,4615.000000,130920
4595.000000,4595.000000,2020-07-13,4625.000000,4545.000000,4560.000000,95553
4530.000000,4530.000000,2020-07-14,4595.000000,4500.000000,4590.000000,121760
4450.000000,4450.000000,2020-07-15,4600.000000,4305.000000,4600.000000,125024
4405.000000,4405.000000,2020-07-16,4520.000000,4385.000000,4520.000000,82284
4475.000000,4475.000000,2020-07-17,4485.000000,4370.000000,4370.000000,96036
4435.000000,4435.000000,2020-07-20,4530.000000,4390.000000,4500.000000,57583
4495.000000,4495.000000,2020-07-21,4565.000000,4435.000000,4455.000000,160828
4470.000000,4470.000000,2020-07-22,4525.000000,4440.000000,4525.000000,67916
4600.000000,4600.000000,2020-07-23,4650.000000,4435.000000,4460.000000,215114
4490.000000,4490.000000,2020-07-24,4625.000000,4480.000000,4540.000000,289027
4605.000000,4605.000000,2020-07-27,5100.000000,4570.000000,4955.000000,1395385
4510.000000,4510.000000,2020-07-28,4660.000000,4465.000000,4655.000000,251794
4445.000000,4445.000000,2020-07-29,4545.000000,4440.000000,4510.000000,149525
4455.000000,4455.000000,2020-07-30,4520.000000,4435.000000,4460.000000,107507
4440.000000,4440.000000,2020-07-31,4515.000000,4415.000000,4455.000000,99658
4475.000000,4475.000000,2020-08-03,4490.000000,4405.000000,4455.000000,87856
4675.000000,4675.000000,2020-08-04,5150.000000,4415.000000,4475.000000,1047304
4730.000000,4730.000000,2020-08-05,4785.000000,4630.000000,4675.000000,154219
4705.000000,4705.000000,2020-08-06,4730.000000,4660.000000,4705.000000,101593
4645.000000,4645.000000,2020-08-07,4705.000000,4585.000000,4705.000000,104025
4605.000000,4605.000000,2020-08-10,4635.000000,4545.000000,4595.000000,89543
4685.000000,4685.000000,2020-08-11,4750.000000,4550.000000,4610.000000,137476
4605.000000,4605.000000,2020-08-12,4720.000000,4575.000000,4670.000000,133639
4900.000000,4900.000000,2020-08-13,5400.000000,4640.000000,4640.000000,2135474
4710.000000,4710.000000,2020-08-14,4820.000000,4650.000000,4820.000000,289668
4470.000000,4470.000000,2020-08-18,4685.000000,4400.000000,4670.000000,286930
4535.000000,4535.000000,2020-08-19,4565.000000,4465.000000,4470.000000,131188
4430.000000,4430.000000,2020-08-20,4570.000000,4410.000000,4470.000000,230059
4645.000000,4645.000000,2020-08-21,4700.000000,4420.000000,4430.000000,244425
4815.000000,4815.000000,2020-08-24,5050.000000,4530.000000,4650.000000,792054
4835.000000,4835.000000,2020-08-25,5050.000000,4645.000000,4685.000000,835325
5750.000000,5750.000000,2020-08-26,5750.000000,4810.000000,4860.000000,1225213
5050.000000,5050.000000,2020-08-27,5675.000000,5000.000000,5675.000000,2132446
5000.000000,5000.000000,2020-08-28,5300.000000,4990.000000,5100.000000,544837
5125.000000,5125.000000,2020-08-31,5350.000000,4865.000000,4900.000000,729091
5250.000000,5250.000000,2020-09-01,5525.000000,5150.000000,5500.000000,1635769
5525.000000,5525.000000,2020-09-02,6825.000000,5400.000000,6625.000000,14146264
5350.000000,5350.000000,2020-09-03,5525.000000,5200.000000,5500.000000,2414820
5150.000000,5150.000000,2020-09-04,5200.000000,5000.000000,5100.000000,1253625
5050.000000,5050.000000,2020-09-07,5125.000000,4995.000000,5075.000000,987372
4550.000000,4550.000000,2020-09-08,4770.000000,4425.000000,4595.000000,2844904
3695.000000,3695.000000,2020-09-09,3985.000000,3690.000000,3945.000000,3282414
3965.000000,3965.000000,2020-09-10,4160.000000,3770.000000,3785.000000,2466080
3910.000000,3910.000000,2020-09-11,4065.000000,3875.000000,3925.000000,801773
3875.000000,3875.000000,2020-09-14,3940.000000,3850.000000,3925.000000,392849
3845.000000,3845.000000,2020-09-15,3915.000000,3845.000000,3885.000000,368552
3745.000000,3745.000000,2020-09-16,3850.000000,3730.000000,3840.000000,464537
3670.000000,3670.000000,2020-09-17,3795.000000,3665.000000,3760.000000,343974
3630.000000,3630.000000,2020-09-18,3680.000000,3545.000000,3670.000000,386751
3455.000000,3455.000000,2020-09-21,3675.000000,3400.000000,3670.000000,578969
3265.000000,3265.000000,2020-09-22,3460.000000,3255.000000,3410.000000,418997
3210.000000,3210.000000,2020-09-23,3335.000000,3145.000000,3290.000000,438563
3085.000000,3085.000000,2020-09-24,3200.000000,3065.000000,3185.000000,337578
3180.000000,3180.000000,2020-09-25,3425.000000,3065.000000,3100.000000,1010362
3335.000000,3335.000000,2020-09-28,3400.000000,3200.000000,3200.000000,369102
3340.000000,3340.000000,2020-09-29,3435.000000,3300.000000,3345.000000,289286
3330.000000,3330.000000,2020-10-05,3400.000000,3315.000000,3345.000000,155948
3405.000000,3405.000000,2020-10-06,3550.000000,3385.000000,3415.000000,398243
3520.000000,3520.000000,2020-10-07,3535.000000,3400.000000,3405.000000,319424
3485.000000,3485.000000,2020-10-08,3595.000000,3465.000000,3555.000000,335535
3530.000000,3530.000000,2020-10-12,3695.000000,3505.000000,3675.000000,368893
3515.000000,3515.000000,2020-10-13,3550.000000,3480.000000,3530.000000,153887
3495.000000,3495.000000,2020-10-14,3550.000000,3480.000000,3515.000000,171287
3400.000000,3400.000000,2020-10-15,3525.000000,3380.000000,3490.000000,185643
3335.000000,3335.000000,2020-10-16,3425.000000,3300.000000,3400.000000,131046
3350.000000,3350.000000,2020-10-19,3400.000000,3300.000000,3335.000000,80767
3305.000000,3305.000000,2020-10-20,3375.000000,3255.000000,3255.000000,134171
3325.000000,3325.000000,2020-10-21,3375.000000,3295.000000,3305.000000,105110
3300.000000,3300.000000,2020-10-22,3345.000000,3285.000000,3340.000000,86470
3320.000000,3320.000000,2020-10-23,3385.000000,3300.000000,3320.000000,73879
3200.000000,3200.000000,2020-10-26,3335.000000,3200.000000,3315.000000,148040
3180.000000,3180.000000,2020-10-27,3255.000000,3135.000000,3155.000000,98254
3235.000000,3235.000000,2020-10-28,3240.000000,3125.000000,3205.000000,55746
3170.000000,3170.000000,2020-10-29,3210.000000,3135.000000,3180.000000,66045
3085.000000,3085.000000,2020-10-30,3200.000000,3060.000000,3200.000000,112438
3120.000000,3120.000000,2020-11-02,3205.000000,3095.000000,3100.000000,94148
3300.000000,3300.000000,2020-11-03,3300.000000,3135.000000,3165.000000,152808
3245.000000,3245.000000,2020-11-04,3365.000000,3240.000000,3365.000000,91490
3330.000000,3330.000000,2020-11-05,3395.000000,3240.000000,3320.000000,159811
3320.000000,3320.000000,2020-11-06,3360.000000,3300.000000,3355.000000,61947
3330.000000,3330.000000,2020-11-09,3375.000000,3310.000000,3330.000000,104456
3390.000000,3390.000000,2020-11-10,3400.000000,3320.000000,3365.000000,159291
3335.000000,3335.000000,2020-11-11,3410.000000,3330.000000,3410.000000,101740
3370.000000,3370.000000,2020-11-12,3400.000000,3325.000000,3335.000000,79718
3330.000000,3330.000000,2020-11-13,3405.000000,3290.000000,3370.000000,136017
3340.000000,3340.000000,2020-11-16,3385.000000,3325.000000,3355.000000,97770
3305.000000,3305.000000,2020-11-17,3360.000000,3255.000000,3345.000000,112149
3515.000000,3515.000000,2020-11-18,3715.000000,3295.000000,3310.000000,1095253
3840.000000,3840.000000,2020-11-19,4205.000000,3440.000000,3560.000000,10814258
3655.000000,3655.000000,2020-11-20,3835.000000,3655.000000,3835.000000,1174847
4750.000000,4750.000000,2020-11-23,4750.000000,3690.000000,3730.000000,17211450
4435.000000,4435.000000,2020-11-24,5200.000000,4325.000000,5100.000000,9609564
4080.000000,4080.000000,2020-11-25,4435.000000,4040.000000,4375.000000,2314602
4065.000000,4065.000000,2020-11-26,4270.000000,4010.000000,4050.000000,1807970
4055.000000,4055.000000,2020-11-27,4340.000000,4000.000000,4040.000000,2282046
4185.000000,4185.000000,2020-11-30,4480.000000,4060.000000,4075.000000,3268574
4280.000000,4280.000000,2020-12-01,4365.000000,4160.000000,4185.000000,1650660
4190.000000,4190.000000,2020-12-02,4345.000000,4185.000000,4345.000000,642003
4090.000000,4090.000000,2020-12-03,4210.000000,4045.000000,4195.000000,544094
4060.000000,4060.000000,2020-12-04,4190.000000,4050.000000,4100.000000,460627
4115.000000,4115.000000,2020-12-07,4165.000000,4045.000000,4045.000000,374837
4000.000000,4000.000000,2020-12-08,4120.000000,4000.000000,4080.000000,486446
3990.000000,3990.000000,2020-12-09,4075.000000,3980.000000,4000.000000,371459
3910.000000,3910.000000,2020-12-10,4020.000000,3905.000000,3990.000000,349253
3990.000000,3990.000000,2020-12-11,3995.000000,3900.000000,3930.000000,241537
3855.000000,3855.000000,2020-12-14,4000.000000,3850.000000,3995.000000,386602
3765.000000,3765.000000,2020-12-15,3915.000000,3720.000000,3855.000000,427303
3840.000000,3840.000000,2020-12-16,3855.000000,3770.000000,3770.000000,153514
3815.000000,3815.000000,2020-12-17,3900.000000,3790.000000,3840.000000,170532
3975.000000,3975.000000,2020-12-18,4010.000000,3810.000000,3840.000000,446290
3975.000000,3975.000000,2020-12-21,3995.000000,3875.000000,3975.000000,289911
3830.000000,3830.000000,2020-12-22,3985.000000,3775.000000,3975.000000,248760
3730.000000,3730.000000,2020-12-23,3865.000000,3730.000000,3835.000000,219003
3655.000000,3655.000000,2020-12-24,3770.000000,3655.000000,3705.000000,253492
3495.000000,3495.000000,2020-12-28,3705.000000,3475.000000,3705.000000,262009
3650.000000,3650.000000,2020-12-29,3715.000000,3500.000000,3500.000000,160357
3710.000000,3710.000000,2020-12-30,3735.000000,3610.000000,3610.000000,155106
3680.000000,3680.000000,2021-01-04,3735.000000,3650.000000,3710.000000,136976
3760.000000,3760.000000,2021-01-05,3900.000000,3660.000000,3695.000000,392121
3835.000000,3835.000000,2021-01-06,3950.000000,3745.000000,3760.000000,406471
3745.000000,3745.000000,2021-01-07,3890.000000,3740.000000,3890.000000,242356
3640.000000,3640.000000,2021-01-08,3775.000000,3640.000000,3750.000000,236236
3525.000000,3525.000000,2021-01-11,3695.000000,3505.000000,3675.000000,318724
3525.000000,3525.000000,2021-01-12,3600.000000,3500.000000,3515.000000,159665
3615.000000,3615.000000,2021-01-13,3645.000000,3515.000000,3515.000000,141230
3575.000000,3575.000000,2021-01-14,3745.000000,3545.000000,3600.000000,130106
3555.000000,3555.000000,2021-01-15,3640.000000,3520.000000,3575.000000,157975
3500.000000,3500.000000,2021-01-18,3560.000000,3475.000000,3555.000000,177071
3520.000000,3520.000000,2021-01-19,3545.000000,3460.000000,3500.000000,190603
3525.000000,3525.000000,2021-01-20,3540.000000,3495.000000,3525.000000,145645
3630.000000,3630.000000,2021-01-21,3735.000000,3530.000000,3530.000000,361498
3535.000000,3535.000000,2021-01-22,3660.000000,3530.000000,3630.000000,205974
3575.000000,3575.000000,2021-01-25,3600.000000,3525.000000,3540.000000,138903
3555.000000,3555.000000,2021-01-26,3620.000000,3555.000000,3590.000000,188296
3570.000000,3570.000000,2021-01-27,3605.000000,3540.000000,3565.000000,165595
3495.000000,3495.000000,2021-01-28,3545.000000,3455.000000,3535.000000,271196
3360.000000,3360.000000,2021-01-29,3520.000000,3325.000000,3510.000000,343651
3410.000000,3410.000000,2021-02-01,3435.000000,3260.000000,3355.000000,110880
3495.000000,3495.000000,2021-02-02,3515.000000,3390.000000,3455.000000,142673
3500.000000,3500.000000,2021-02-03,3520.000000,3470.000000,3515.000000,95855
3460.000000,3460.000000,2021-02-04,3515.000000,3425.000000,3500.000000,112150
3465.000000,3465.000000,2021-02-05,3495.000000,3425.000000,3460.000000,88943
3440.000000,3440.000000,2021-02-08,3510.000000,3410.000000,3510.000000,87790
3415.000000,3415.000000,2021-02-09,3450.000000,3390.000000,3430.000000,87872
3420.000000,3420.000000,2021-02-10,3435.000000,3360.000000,3435.000000,97558
3530.000000,3530.000000,2021-02-15,3540.000000,3415.000000,3460.000000,180577
3515.000000,3515.000000,2021-02-16,3535.000000,3480.000000,3530.000000,122899
3575.000000,3575.000000,2021-02-17,3585.000000,3500.000000,3530.000000,233773
3565.000000,3565.000000,2021-02-18,3805.000000,3520.000000,3575.000000,642469
3490.000000,3490.000000,2021-02-19,3580.000000,3475.000000,3565.000000,122231
3445.000000,3445.000000,2021-02-22,3475.000000,3350.000000,3400.000000,252820
3420.000000,3420.000000,2021-02-23,3445.000000,3385.000000,3385.000000,133063
3325.000000,3325.000000,2021-02-24,3445.000000,3280.000000,3435.000000,197667
3355.000000,3355.000000,2021-02-25,3395.000000,3325.000000,3375.000000,96465
3235.000000,3235.000000,2021-02-26,3330.000000,3215.000000,3320.000000,207992
3265.000000,3265.000000,2021-03-02,3335.000000,3240.000000,3335.000000,63333
3285.000000,3285.000000,2021-03-03,3310.000000,3250.000000,3310.000000,51427
3275.000000,3275.000000,2021-03-04,3325.000000,3225.000000,3310.000000,45603
3255.000000,3255.000000,2021-03-05,3280.000000,3230.000000,3235.000000,61680
3230.000000,3230.000000,2021-03-08,3360.000000,3230.000000,3360.000000,67083
3185.000000,3185.000000,2021-03-09,3265.000000,3135.000000,3265.000000,119716
3185.000000,3185.000000,2021-03-10,3250.000000,3165.000000,3185.000000,86030
3200.000000,3200.000000,2021-03-11,3280.000000,3160.000000,3185.000000,80237
3235.000000,3235.000000,2021-03-12,3250.000000,3200.000000,3250.000000,42556
3935.000000,3935.000000,2021-03-15,4205.000000,3240.000000,3360.000000,16910252
3740.000000,3740.000000,2021-03-16,3885.000000,3640.000000,3880.000000,2027016
3710.000000,3710.000000,2021-03-17,3795.000000,3635.000000,3720.000000,1250966
3725.000000,3725.000000,2021-03-18,3800.000000,3670.000000,3705.000000,819148
3695.000000,3695.000000,2021-03-19,3755.000000,3650.000000,3675.000000,303839
3650.000000,3650.000000,2021-03-22,3775.000000,3650.000000,3700.000000,372708
3630.000000,3630.000000,2021-03-23,3825.000000,3625.000000,3625.000000,736602
3605.000000,3605.000000,2021-03-24,3650.000000,3575.000000,3580.000000,198671
3570.000000,3570.000000,2021-03-25,3635.000000,3550.000000,3600.000000,169872
3610.000000,3610.000000,2021-03-26,3660.000000,3570.000000,3570.000000,173962
3585.000000,3585.000000,2021-03-29,3635.000000,3570.000000,3600.000000,215053
3675.000000,3675.000000,2021-03-30,3720.000000,3610.000000,3630.000000,557624
3540.000000,3540.000000,2021-03-31,3960.000000,3540.000000,3885.000000,1247304
3525.000000,3525.000000,2021-04-01,3565.000000,3500.000000,3560.000000,241816
3535.000000,3535.000000,2021-04-02,3580.000000,3525.000000,3540.000000,176869
3490.000000,3490.000000,2021-04-05,3565.000000,3490.000000,3530.000000,704626
3515.000000,3515.000000,2021-04-06,3660.000000,3500.000000,3635.000000,646447
3570.000000,3570.000000,2021-04-07,3585.000000,3515.000000,3515.000000,264659
3590.000000,3590.000000,2021-04-08,3635.000000,3545.000000,3585.000000,244647
3645.000000,3645.000000,2021-04-09,3670.000000,3575.000000,3590.000000,286078
3655.000000,3655.000000,2021-04-12,3680.000000,3635.000000,3665.000000,236560
3700.000000,3700.000000,2021-04-13,3710.000000,3645.000000,3660.000000,254055
3690.000000,3690.000000,2021-04-14,3725.000000,3675.000000,3710.000000,253108
3675.000000,3675.000000,2021-04-15,3705.000000,3655.000000,3690.000000,202361
3775.000000,3775.000000,2021-04-16,3825.000000,3685.000000,3720.000000,567252
3735.000000,3735.000000,2021-04-19,3800.000000,3720.000000,3775.000000,231371
3740.000000,3740.000000,2021-04-20,3760.000000,3695.000000,3735.000000,144678
3800.000000,3800.000000,2021-04-21,3960.000000,3700.000000,3750.000000,1727279
3870.000000,3870.000000,2021-04-22,3945.000000,3765.000000,3805.000000,591328
3830.000000,3830.000000,2021-04-23,3945.000000,3815.000000,3880.000000,281193
3810.000000,3810.000000,2021-04-26,3880.000000,3810.000000,3850.000000,252257
3760.000000,3760.000000,2021-04-27,3840.000000,3735.000000,3820.000000,251215
3695.000000,3695.000000,2021-04-28,3770.000000,3685.000000,3760.000000,234227
3740.000000,3740.000000,2021-04-29,3785.000000,3675.000000,3690.000000,197539
3705.000000,3705.000000,2021-04-30,3770.000000,3690.000000,3745.000000,143126
3660.000000,3660.000000,2021-05-03,3720.000000,3640.000000,3705.000000,140949
3595.000000,3595.000000,2021-05-04,3690.000000,3550.000000,3650.000000,173596
3660.000000,3660.000000,2021-05-06,3675.000000,3580.000000,3600.000000,53979
3715.000000,3715.000000,2021-05-07,3725.000000,3650.000000,3650.000000,117396
3785.000000,3785.000000,2021-05-10,3790.000000,3710.000000,3725.000000,173664
3770.000000,3770.000000,2021-05-11,3780.000000,3710.000000,3770.000000,212858
4300.000000,4300.000000,2021-05-12,4900.000000,4210.000000,4450.000000,32700940
3935.000000,3935.000000,2021-05-13,4200.000000,3910.000000,4135.000000,3735002
5100.000000,5100.000000,2021-05-14,5100.000000,3995.000000,3995.000000,24264760
4850.000000,4850.000000,2021-05-17,5450.000000,4775.000000,5350.000000,15985210
5525.000000,5525.000000,2021-05-18,6225.000000,4755.000000,4795.000000,35800320
5200.000000,5200.000000,2021-05-20,5625.000000,5100.000000,5525.000000,5116424
4855.000000,4855.000000,2021-05-21,5550.000000,4830.000000,5225.000000,6838052
4635.000000,4635.000000,2021-05-24,5075.000000,4590.000000,4855.000000,2184178
4850.000000,4850.000000,2021-05-25,5125.000000,4650.000000,4710.000000,4301220
4840.000000,4840.000000,2021-05-26,5050.000000,4710.000000,4825.000000,2237036
4815.000000,4815.000000,2021-05-27,4980.000000,4795.000000,4840.000000,1231482
4940.000000,4940.000000,2021-05-28,4960.000000,4795.000000,4815.000000,1137138
4910.000000,4910.000000,2021-05-31,5100.000000,4885.000000,5050.000000,1294964
4880.000000,4880.000000,2021-06-01,5050.000000,4865.000000,4910.000000,990317
4800.000000,4800.000000,2021-06-02,4925.000000,4790.000000,4850.000000,651624
4870.000000,4870.000000,2021-06-03,5000.000000,4760.000000,4800.000000,1245033
5125.000000,5125.000000,2021-06-04,5175.000000,4835.000000,4910.000000,2246330
5300.000000,5300.000000,2021-06-07,5375.000000,4975.000000,5075.000000,4203458
4955.000000,4955.000000,2021-06-08,5300.000000,4950.000000,5300.000000,1334631
5025.000000,5025.000000,2021-06-09,5150.000000,4895.000000,4955.000000,878967
5175.000000,5175.000000,2021-06-10,5475.000000,5050.000000,5050.000000,2677894
5300.000000,5300.000000,2021-06-11,5375.000000,5025.000000,5175.000000,2157402
5075.000000,5075.000000,2021-06-14,5550.000000,5050.000000,5450.000000,1927109
5050.000000,5050.000000,2021-06-15,5100.000000,4955.000000,5100.000000,725361
5150.000000,5150.000000,2021-06-16,5175.000000,4990.000000,5050.000000,966008
4995.000000,4995.000000,2021-06-17,5100.000000,4985.000000,5050.000000,559825
4980.000000,4980.000000,2021-06-18,5050.000000,4960.000000,5000.000000,388137
4955.000000,4955.000000,2021-06-21,4985.000000,4500.000000,4980.000000,591301
4840.000000,4840.000000,2021-06-22,5025.000000,4820.000000,4965.000000,464237
4790.000000,4790.000000,2021-06-23,4895.000000,4660.000000,4835.000000,369323
4830.000000,4830.000000,2021-06-24,4840.000000,4715.000000,4750.000000,439974
4725.000000,4725.000000,2021-06-25,4885.000000,4720.000000,4830.000000,308053
4835.000000,4835.000000,2021-06-28,4875.000000,4460.000000,4740.000000,392576
4810.000000,4810.000000,2021-06-29,4900.000000,4790.000000,4835.000000,205769
4805.000000,4805.000000,2021-06-30,4855.000000,4790.000000,4810.000000,170150
4865.000000,4865.000000,2021-07-01,4900.000000,4780.000000,4840.000000,251190
4875.000000,4875.000000,2021-07-02,4940.000000,4840.000000,4875.000000,287094
4955.000000,4955.000000,2021-07-05,4970.000000,4855.000000,4875.000000,367927
4855.000000,4855.000000,2021-07-06,4980.000000,4855.000000,4935.000000,247645
4900.000000,4900.000000,2021-07-07,4970.000000,4805.000000,4840.000000,294232
4745.000000,4745.000000,2021-07-08,4915.000000,4670.000000,4890.000000,353803
4700.000000,4700.000000,2021-07-09,4800.000000,4625.000000,4780.000000,241639
4865.000000,4865.000000,2021-07-12,4865.000000,4675.000000,4700.000000,255623
4810.000000,4810.000000,2021-07-13,4895.000000,4810.000000,4865.000000,161860
4735.000000,4735.000000,2021-07-14,4855.000000,4715.000000,4840.000000,162686
4705.000000,4705.000000,2021-07-15,4755.000000,4695.000000,4735.000000,158525
4750.000000,4750.000000,2021-07-16,4790.000000,4670.000000,4705.000000,198219
4675.000000,4675.000000,2021-07-19,4755.000000,4660.000000,4755.000000,167092
4685.000000,4685.000000,2021-07-20,4880.000000,4625.000000,4625.000000,388645
4600.000000,4600.000000,2021-07-21,4730.000000,4585.000000,4685.000000,154819
4565.000000,4565.000000,2021-07-22,4700.000000,4560.000000,4650.000000,190215
4615.000000,4615.000000,2021-07-23,4640.000000,4570.000000,4600.000000,129285
4550.000000,4550.000000,2021-07-26,4645.000000,4495.000000,4615.000000,173662
4535.000000,4535.000000,2021-07-27,4595.000000,4525.000000,4550.000000,126515
4450.000000,4450.000000,2021-07-28,4570.000000,4410.000000,4570.000000,176249
4455.000000,4455.000000,2021-07-29,4525.000000,4350.000000,4450.000000,157000
4370.000000,4370.000000,2021-07-30,4485.000000,4345.000000,4455.000000,167991
4410.000000,4410.000000,2021-08-02,4420.000000,4345.000000,4370.000000,63662
4340.000000,4340.000000,2021-08-03,4440.000000,4320.000000,4440.000000,124771
4400.000000,4400.000000,2021-08-04,4405.000000,4315.000000,4315.000000,68486
4540.000000,4540.000000,2021-08-05,4565.000000,4400.000000,4430.000000,147299
4495.000000,4495.000000,2021-08-06,4570.000000,4495.000000,4570.000000,91658
4435.000000,4435.000000,2021-08-09,4505.000000,4390.000000,4495.000000,154435
4425.000000,4425.000000,2021-08-10,4455.000000,4385.000000,4435.000000,103541
4400.000000,4400.000000,2021-08-11,4520.000000,4400.000000,4425.000000,112911
4350.000000,4350.000000,2021-08-12,4440.000000,4340.000000,4405.000000,125082
4325.000000,4325.000000,2021-08-13,4380.000000,4200.000000,4365.000000,207740
4115.000000,4115.000000,2021-08-17,4325.000000,4100.000000,4325.000000,216239
4105.000000,4105.000000,2021-08-18,4200.000000,4025.000000,4075.000000,167658
3950.000000,3950.000000,2021-08-19,4130.000000,3950.000000,4040.000000,225563
3805.000000,3805.000000,2021-08-20,4000.000000,3790.000000,3935.000000,195771
4070.000000,4070.000000,2021-08-23,4125.000000,3865.000000,3865.000000,233602
4165.000000,4165.000000,2021-08-24,4205.000000,4050.000000,4070.000000,129038
4235.000000,4235.000000,2021-08-25,4260.000000,3990.000000,4165.000000,149225
4195.000000,4195.000000,2021-08-26,4335.000000,4175.000000,4335.000000,124718
4235.000000,4235.000000,2021-08-27,4295.000000,4110.000000,4170.000000,107306
4320.000000,4320.000000,2021-08-30,4320.000000,4190.000000,4255.000000,92307
4335.000000,4335.000000,2021-08-31,4340.000000,4250.000000,4330.000000,88073
4435.000000,4435.000000,2021-09-01,4480.000000,4255.000000,4335.000000,142634
4415.000000,4415.000000,2021-09-02,4445.000000,4375.000000,4385.000000,74073
4415.000000,4415.000000,2021-09-03,4500.000000,4390.000000,4425.000000,89832
4430.000000,4430.000000,2021-09-06,4520.000000,4345.000000,4415.000000,92564
4410.000000,4410.000000,2021-09-07,4475.000000,4365.000000,4445.000000,113243
4300.000000,4300.000000,2021-09-08,4410.000000,4295.000000,4365.000000,94575
4175.000000,4175.000000,2021-09-09,4330.000000,4150.000000,4250.000000,124729
4165.000000,4165.000000,2021-09-10,4245.000000,4100.000000,4205.000000,71954
4135.000000,4135.000000,2021-09-13,4235.000000,4105.000000,4170.000000,77589
4175.000000,4175.000000,2021-09-14,4190.000000,4110.000000,4135.000000,54825
4365.000000,4365.000000,2021-09-15,4580.000000,4155.000000,4165.000000,930011
4425.000000,4425.000000,2021-09-16,5650.000000,4400.000000,5200.000000,11814434
4325.000000,4325.000000,2021-09-17,4655.000000,4310.000000,4420.000000,1696292
4175.000000,4175.000000,2021-09-23,4400.000000,4175.000000,4350.000000,568931
4105.000000,4105.000000,2021-09-24,4230.000000,4085.000000,4170.000000,386760
4050.000000,4050.000000,2021-09-27,4100.000000,3995.000000,4015.000000,341583
3955.000000,3955.000000,2021-09-28,4050.000000,3900.000000,4025.000000,366612
4000.000000,4000.000000,2021-09-29,4025.000000,3855.000000,3860.000000,213536
4000.000000,4000.000000,2021-09-30,4130.000000,3980.000000,3980.000000,182611
3885.000000,3885.000000,2021-10-01,4030.000000,3880.000000,4000.000000,203600
3705.000000,3705.000000,2021-10-05,3885.000000,3680.000000,3825.000000,254998
3570.000000,3570.000000,2021-10-06,3830.000000,3555.000000,3655.000000,262935
3650.000000,3650.000000,2021-10-07,3675.000000,3550.000000,3550.000000,158660
3650.000000,3650.000000,2021-10-08,3710.000000,3625.000000,3710.000000,122329
3610.000000,3610.000000,2021-10-12,3640.000000,3540.000000,3605.000000,79463
3700.000000,3700.000000,2021-10-13,3740.000000,3610.000000,3610.000000,62022
3775.000000,3775.000000,2021-10-14,3805.000000,3700.000000,3750.000000,124766
3825.000000,3825.000000,2021-10-15,3840.000000,3770.000000,3780.000000,73750
3730.000000,3730.000000,2021-10-18,3860.000000,3725.000000,3860.000000,97317
3775.000000,3775.000000,2021-10-19,3805.000000,3745.000000,3765.000000,71893
3820.000000,3820.000000,2021-10-20,3835.000000,3785.000000,3805.000000,54798
3775.000000,3775.000000,2021-10-21,3850.000000,3760.000000,3820.000000,59436
3740.000000,3740.000000,2021-10-22,3795.000000,3705.000000,3760.000000,103194
3770.000000,3770.000000,2021-10-25,3815.000000,3730.000000,3750.000000,61397
3820.000000,3820.000000,2021-10-26,3830.000000,3755.000000,3800.000000,56886
3855.000000,3855.000000,2021-10-27,3915.000000,3810.000000,3820.000000,86348
3805.000000,3805.000000,2021-10-28,3875.000000,3785.000000,3855.000000,49260
3885.000000,3885.000000,2021-10-29,3970.000000,3795.000000,3795.000000,134810
3815.000000,3815.000000,2021-11-01,3965.000000,3810.000000,3880.000000,62464
3945.000000,3945.000000,2021-11-02,3945.000000,3800.000000,3805.000000,94012
3840.000000,3840.000000,2021-11-03,3945.000000,3830.000000,3945.000000,133536
3785.000000,3785.000000,2021-11-04,3895.000000,3730.000000,3850.000000,106622
3705.000000,3705.000000,2021-11-05,3795.000000,3685.000000,3755.000000,97085
3655.000000,3655.000000,2021-11-08,3705.000000,3625.000000,3705.000000,108212
3655.000000,3655.000000,2021-11-09,3695.000000,3625.000000,3655.000000,69752
3605.000000,3605.000000,2021-11-10,3695.000000,3590.000000,3670.000000,87767
3585.000000,3585.000000,2021-11-11,3650.000000,3575.000000,3575.000000,82574
3645.000000,3645.000000,2021-11-12,3665.000000,3580.000000,3585.000000,51586
3655.000000,3655.000000,2021-11-15,3695.000000,3635.000000,3665.000000,56350
3625.000000,3625.000000,2021-11-16,3685.000000,3605.000000,3685.000000,70615
3555.000000,3555.000000,2021-11-17,3650.000000,3510.000000,3620.000000,96745
3695.000000,3695.000000,2021-11-18,3815.000000,3505.000000,3605.000000,464947
3615.000000,3615.000000,2021-11-19,3720.000000,3605.000000,3670.000000,96099
3555.000000,3555.000000,2021-11-22,3660.000000,3535.000000,3660.000000,81422
3515.000000,3515.000000,2021-11-23,3570.000000,3510.000000,3535.000000,65469
3550.000000,3550.000000,2021-11-24,3555.000000,3500.000000,3535.000000,59391
3510.000000,3510.000000,2021-11-25,3550.000000,3500.000000,3545.000000,64657
3510.000000,3510.000000,2021-11-26,3545.000000,3480.000000,3510.000000,121239
3515.000000,3515.000000,2021-11-29,3530.000000,3400.000000,3450.000000,130069
3255.000000,3255.000000,2021-11-30,3515.000000,3170.000000,3515.000000,118204
3275.000000,3275.000000,2021-12-01,3420.000000,3235.000000,3235.000000,56510
3370.000000,3370.000000,2021-12-02,3375.000000,3250.000000,3255.000000,51157
3450.000000,3450.000000,2021-12-03,3460.000000,3370.000000,3370.000000,44199
3420.000000,3420.000000,2021-12-06,3445.000000,3400.000000,3415.000000,38305
3465.000000,3465.000000,2021-12-07,3480.000000,3415.000000,3420.000000,59049
3485.000000,3485.000000,2021-12-08,3575.000000,3480.000000,3495.000000,71456
3495.000000,3495.000000,2021-12-09,3530.000000,3470.000000,3490.000000,37422
3525.000000,3525.000000,2021-12-10,3525.000000,3480.000000,3495.000000,35258
3505.000000,3505.000000,2021-12-13,3525.000000,3495.000000,3525.000000,34129
3485.000000,3485.000000,2021-12-14,3525.000000,3480.000000,3505.000000,31664
3500.000000,3500.000000,2021-12-15,3525.000000,3460.000000,3485.000000,71855
3490.000000,3490.000000,2021-12-16,3535.000000,3480.000000,3505.000000,40631
3435.000000,3435.000000,2021-12-17,3480.000000,3435.000000,3460.000000,55797
3385.000000,3385.000000,2021-12-20,3445.000000,3350.000000,3445.000000,102899
3340.000000,3340.000000,2021-12-21,3425.000000,3315.000000,3360.000000,60145
3335.000000,3335.000000,2021-12-22,3475.000000,3320.000000,3475.000000,55581
3360.000000,3360.000000,2021-12-23,3505.000000,3340.000000,3340.000000,214648
3295.000000,3295.000000,2021-12-24,3375.000000,3260.000000,3375.000000,418933
3290.000000,3290.000000,2021-12-27,3315.000000,3260.000000,3295.000000,83441
3250.000000,3250.000000,2021-12-28,3305.000000,3210.000000,3305.000000,200117
3420.000000,3420.000000,2021-12-29,3455.000000,3240.000000,3250.000000,235741
3505.000000,3505.000000,2021-12-30,3510.000000,3395.000000,3435.000000,117450
3470.000000,3470.000000,2022-01-04,3480.000000,3435.000000,3450.000000,56595
3485.000000,3485.000000,2022-01-05,3525.000000,3410.000000,3460.000000,95556
3465.000000,3465.000000,2022-01-06,3545.000000,3425.000000,3485.000000,105114
3505.000000,3505.000000,2022-01-07,3540.000000,3420.000000,3420.000000,103466
3525.000000,3525.000000,2022-01-10,3530.000000,3455.000000,3505.000000,73075
3415.000000,3415.000000,2022-01-11,3525.000000,3380.000000,3500.000000,119508
3430.000000,3430.000000,2022-01-12,3465.000000,3405.000000,3415.000000,40418
3395.000000,3395.000000,2022-01-13,3465.000000,3395.000000,3465.000000,44352
3460.000000,3460.000000,2022-01-14,3485.000000,3360.000000,3385.000000,66823
3430.000000,3430.000000,2022-01-17,3510.000000,3430.000000,3490.000000,75141
3325.000000,3325.000000,2022-01-18,3495.000000,3280.000000,3435.000000,119515
3190.000000,3190.000000,2022-01-19,3340.000000,3175.000000,3275.000000,138927
3205.000000,3205.000000,2022-01-20,3300.000000,3140.000000,3140.000000,76422
3180.000000,3180.000000,2022-01-21,3255.000000,3175.000000,3205.000000,29370
3075.000000,3075.000000,2022-01-24,3175.000000,3055.000000,3175.000000,72502
2955.000000,2955.000000,2022-01-25,3105.000000,2915.000000,3100.000000,116873
2955.000000,2955.000000,2022-01-26,3040.000000,2910.000000,2910.000000,56721
2825.000000,2825.000000,2022-01-27,2970.000000,2800.000000,2920.000000,118370
2920.000000,2920.000000,2022-01-28,2925.000000,2750.000000,2805.000000,71297
3115.000000,3115.000000,2022-02-03,3115.000000,2965.000000,2985.000000,106658
3110.000000,3110.000000,2022-02-04,3140.000000,3030.000000,3115.000000,63447
3095.000000,3095.000000,2022-02-07,3125.000000,3040.000000,3085.000000,35439
3070.000000,3070.000000,2022-02-08,3100.000000,3055.000000,3100.000000,31551
3095.000000,3095.000000,2022-02-09,3115.000000,3065.000000,3080.000000,16663
3115.000000,3115.000000,2022-02-10,3130.000000,3080.000000,3100.000000,29415
3100.000000,3100.000000,2022-02-11,3125.000000,3065.000000,3075.000000,47728
2990.000000,2990.000000,2022-02-14,3070.000000,2985.000000,3070.000000,54810
2960.000000,2960.000000,2022-02-15,3250.000000,2960.000000,2990.000000,54120
3095.000000,3095.000000,2022-02-16,3110.000000,2965.000000,2965.000000,31867
3090.000000,3090.000000,2022-02-17,3135.000000,3050.000000,3105.000000,47880
3080.000000,3080.000000,2022-02-18,3095.000000,3010.000000,3050.000000,16950
3045.000000,3045.000000,2022-02-21,3095.000000,2955.000000,3040.000000,29858
3000.000000,3000.000000,2022-02-22,3080.000000,2995.000000,3000.000000,27127
2995.000000,2995.000000,2022-02-23,3025.000000,2990.000000,3025.000000,19988
2870.000000,2870.000000,2022-02-24,3000.000000,2855.000000,2975.000000,46941
2955.000000,2955.000000,2022-02-25,2970.000000,2890.000000,2890.000000,42095
3000.000000,3000.000000,2022-02-28,3210.000000,2940.000000,2950.000000,112783
3030.000000,3030.000000,2022-03-02,3075.000000,3000.000000,3000.000000,25360
3020.000000,3020.000000,2022-03-03,3050.000000,2995.000000,3015.000000,26075
2990.000000,2990.000000,2022-03-04,3035.000000,2965.000000,3035.000000,26965
2955.000000,2955.000000,2022-03-07,2975.000000,2925.000000,2975.000000,25137
2890.000000,2890.000000,2022-03-08,2935.000000,2860.000000,2900.000000,34455
2915.000000,2915.000000,2022-03-10,2940.000000,2890.000000,2895.000000,29376
2990.000000,2990.000000,2022-03-11,3065.000000,2915.000000,2915.000000,119380
3015.000000,3015.000000,2022-03-14,3050.000000,2980.000000,2995.000000,39702
3025.000000,3025.000000,2022-03-15,3080.000000,3000.000000,3015.000000,45265
3065.000000,3065.000000,2022-03-16,3085.000000,3010.000000,3010.000000,30008
3085.000000,3085.000000,2022-03-17,3115.000000,3060.000000,3075.000000,63058
3080.000000,3080.000000,2022-03-18,3095.000000,3035.000000,3085.000000,52698
3090.000000,3090.000000,2022-03-21,3090.000000,3055.000000,3075.000000,17091
3085.000000,3085.000000,2022-03-22,3105.000000,3070.000000,3085.000000,30829
3040.000000,3040.000000,2022-03-23,3085.000000,3005.000000,3075.000000,80598
3005.000000,3005.000000,2022-03-24,3070.000000,3000.000000,3040.000000,31258
3010.000000,3010.000000,2022-03-25,3025.000000,2970.000000,3005.000000,78243
2985.000000,2985.000000,2022-03-28,3010.000000,2960.000000,3005.000000,62360
2995.000000,2995.000000,2022-03-29,3010.000000,2970.000000,2985.000000,23360
3025.000000,3025.000000,2022-03-30,3030.000000,2965.000000,2995.000000,32435
3075.000000,3075.000000,2022-03-31,3090.000000,3025.000000,3040.000000,45682
3080.000000,3080.000000,2022-04-01,3100.000000,3035.000000,3050.000000,38205
3325.000000,3325.000000,2022-04-04,3385.000000,3075.000000,3080.000000,472057
3270.000000,3270.000000,2022-04-05,3295.000000,3205.000000,3260.000000,131983
3195.000000,3195.000000,2022-04-06,3345.000000,3180.000000,3330.000000,141454
3195.000000,3195.000000,2022-04-07,3280.000000,3180.000000,3185.000000,101512
3230.000000,3230.000000,2022-04-08,3700.000000,3215.000000,3600.000000,1179245
3185.000000,3185.000000,2022-04-11,3250.000000,3155.000000,3200.000000,96873
3125.000000,3125.000000,2022-04-12,3185.000000,3090.000000,3140.000000,100433
3350.000000,3350.000000,2022-04-13,3585.000000,3100.000000,3100.000000,2160084
3330.000000,3330.000000,2022-04-14,3430.000000,3305.000000,3330.000000,284997
3255.000000,3255.000000,2022-04-15,3350.000000,3230.000000,3315.000000,157649
3290.000000,3290.000000,2022-04-18,3300.000000,3220.000000,3240.000000,58781
3320.000000,3320.000000,2022-04-19,3335.000000,3245.000000,3245.000000,70941
3335.000000,3335.000000,2022-04-20,3410.000000,3305.000000,3325.000000,74307
3350.000000,3350.000000,2022-04-21,3395.000000,3320.000000,3345.000000,81297
3355.000000,3355.000000,2022-04-22,3370.000000,3290.000000,3345.000000,55316
3275.000000,3275.000000,2022-04-25,3355.000000,3260.000000,3355.000000,59699
3265.000000,3265.000000,2022-04-26,3325.000000,3265.000000,3275.000000,30750
3180.000000,3180.000000,2022-04-27,3265.000000,3175.000000,3225.000000,78802
3120.000000,3120.000000,2022-04-28,3195.000000,3085.000000,3170.000000,60938
3140.000000,3140.000000,2022-04-29,3140.000000,3105.000000,3105.000000,29887
3080.000000,3080.000000,2022-05-02,3120.000000,3040.000000,3120.000000,94314
3065.000000,3065.000000,2022-05-03,3125.000000,3055.000000,3080.000000,49721
3050.000000,3050.000000,2022-05-04,3190.000000,3050.000000,3065.000000,81339
3030.000000,3030.000000,2022-05-06,3055.000000,3015.000000,3025.000000,42750
2955.000000,2955.000000,2022-05-10,2965.000000,2860.000000,2960.000000,46018
2925.000000,2925.000000,2022-05-11,3010.000000,2905.000000,2940.000000,100490
2860.000000,2860.000000,2022-05-12,2930.000000,2855.000000,2930.000000,43182
2910.000000,2910.000000,2022-05-13,2930.000000,2825.000000,2860.000000,40262
2940.000000,2940.000000,2022-05-16,2970.000000,2920.000000,2940.000000,28078
2950.000000,2950.000000,2022-05-17,2980.000000,2920.000000,2920.000000,22891
2925.000000,2925.000000,2022-05-18,2975.000000,2915.000000,2975.000000,23247
2925.000000,2925.000000,2022-05-19,2945.000000,2850.000000,2890.000000,20569
2855.000000,2855.000000,2022-05-20,2965.000000,2830.000000,2905.000000,174155
2930.000000,2930.000000,2022-05-23,2995.000000,2845.000000,2890.000000,89846
2880.000000,2880.000000,2022-05-24,2930.000000,2870.000000,2930.000000,49591
2875.000000,2875.000000,2022-05-25,2915.000000,2830.000000,2830.000000,58314
2870.000000,2870.000000,2022-05-26,2950.000000,2860.000000,2875.000000,47665
3035.000000,3035.000000,2022-05-27,3095.000000,2900.000000,3005.000000,188210
2995.000000,2995.000000,2022-05-30,3050.000000,2975.000000,3040.000000,62244
3000.000000,3000.000000,2022-05-31,3020.000000,2970.000000,3005.000000,41999
3000.000000,3000.000000,2022-06-02,3030.000000,2975.000000,3005.000000,38912
3005.000000,3005.000000,2022-06-03,3040.000000,3000.000000,3000.000000,13938
3010.000000,3010.000000,2022-06-07,3025.000000,2985.000000,3025.000000,29701
3000.000000,3000.000000,2022-06-08,3070.000000,2985.000000,2995.000000,49330
2985.000000,2985.000000,2022-06-09,2995.000000,2965.000000,2990.000000,14458
3055.000000,3055.000000,2022-06-10,3060.000000,2960.000000,2985.000000,46719
2900.000000,2900.000000,2022-06-13,3040.000000,2870.000000,3040.000000,51927
3075.000000,3075.000000,2022-06-14,3770.000000,2800.000000,2805.000000,6264344
3010.000000,3010.000000,2022-06-15,3295.000000,2975.000000,3135.000000,1716299
2955.000000,2955.000000,2022-06-16,3100.000000,2920.000000,3100.000000,248188
2880.000000,2880.000000,2022-06-17,2990.000000,2840.000000,2900.000000,162132
2730.000000,2730.000000,2022-06-20,2920.000000,2710.000000,2895.000000,162644
2740.000000,2740.000000,2022-06-21,2770.000000,2675.000000,2735.000000,82596
2570.000000,2570.000000,2022-06-22,2835.000000,2545.000000,2720.000000,116558
2380.000000,2380.000000,2022-06-23,2655.000000,2380.000000,2655.000000,133246
2485.000000,2485.000000,2022-06-24,2510.000000,2350.000000,2350.000000,86797
2575.000000,2575.000000,2022-06-27,2600.000000,2485.000000,2485.000000,69484
2595.000000,2595.000000,2022-06-28,2625.000000,2540.000000,2575.000000,51905
2600.000000,2600.000000,2022-06-29,2630.000000,2520.000000,2520.000000,32712
2625.000000,2625.000000,2022-06-30,2735.000000,2525.000000,2635.000000,85294
2620.000000,2620.000000,2022-07-01,2695.000000,2590.000000,2605.000000,56915
2535.000000,2535.000000,2022-07-04,2650.000000,2450.000000,2615.000000,46502
2595.000000,2595.000000,2022-07-05,2620.000000,2535.000000,2570.000000,13174
2550.000000,2550.000000,2022-07-06,2595.000000,2520.000000,2520.000000,60369
2580.000000,2580.000000,2022-07-07,2600.000000,2565.000000,2565.000000,22016
2590.000000,2590.000000,2022-07-08,2620.000000,2565.000000,2615.000000,36218
2640.000000,2640.000000,2022-07-11,2745.000000,2580.000000,2620.000000,23524
2565.000000,2565.000000,2022-07-12,2640.000000,2535.000000,2640.000000,31167
2595.000000,2595.000000,2022-07-13,2625.000000,2555.000000,2580.000000,22745
2625.000000,2625.000000,2022-07-14,2700.000000,2580.000000,2650.000000,31751
2585.000000,2585.000000,2022-07-15,2700.000000,2565.000000,2625.000000,41429
2640.000000,2640.000000,2022-07-18,2685.000000,2590.000000,2590.000000,18714
2650.000000,2650.000000,2022-07-19,2675.000000,2510.000000,2670.000000,21583
2680.000000,2680.000000,2022-07-20,2710.000000,2650.000000,2675.000000,29216
2680.000000,2680.000000,2022-07-21,2725.000000,2615.000000,2680.000000,17525
2675.000000,2675.000000,2022-07-22,2740.000000,2665.000000,2680.000000,22740
2690.000000,2690.000000,2022-07-25,2700.000000,2665.000000,2685.000000,9877
2685.000000,2685.000000,2022-07-26,2715.000000,2670.000000,2690.000000,11250
2690.000000,2690.000000,2022-07-27,2715.000000,2655.000000,2695.000000,12057
2685.000000,2685.000000,2022-07-28,2725.000000,2655.000000,2725.000000,15909
2680.000000,2680.000000,2022-07-29,2710.000000,2670.000000,2710.000000,24448
2720.000000,2720.000000,2022-08-01,2750.000000,2670.000000,2715.000000,31285
2715.000000,2715.000000,2022-08-02,2750.000000,2675.000000,2750.000000,15663
2720.000000,2720.000000,2022-08-03,2745.000000,2680.000000,2680.000000,27446
2705.000000,2705.000000,2022-08-04,2755.000000,2705.000000,2755.000000,30810
2700.000000,2700.000000,2022-08-05,2730.000000,2645.000000,2705.000000,55377
2705.000000,2705.000000,2022-08-08,2745.000000,2685.000000,2745.000000,10998
2700.000000,2700.000000,2022-08-09,2710.000000,2670.000000,2680.000000,26598
2630.000000,2630.000000,2022-08-10,2690.000000,2595.000000,2690.000000,57646
2640.000000,2640.000000,2022-08-11,2685.000000,2635.000000,2635.000000,13376
2630.000000,2630.000000,2022-08-12,2675.000000,2630.000000,2670.000000,11112
2660.000000,2660.000000,2022-08-16,2965.000000,2615.000000,2640.000000,581208
2630.000000,2630.000000,2022-08-17,2660.000000,2610.000000,2660.000000,73872
2635.000000,2635.000000,2022-08-18,2720.000000,2600.000000,2635.000000,110684
2615.000000,2615.000000,2022-08-19,2655.000000,2615.000000,2630.000000,29450
2530.000000,2530.000000,2022-08-22,2605.000000,2530.000000,2605.000000,70642
2510.000000,2510.000000,2022-08-23,2530.000000,2475.000000,2510.000000,29224
2510.000000,2510.000000,2022-08-24,2520.000000,2480.000000,2480.000000,44996
2550.000000,2550.000000,2022-08-25,2565.000000,2510.000000,2565.000000,12169
2565.000000,2565.000000,2022-08-26,2595.000000,2525.000000,2570.000000,15628
2500.000000,2500.000000,2022-08-29,2520.000000,2470.000000,2505.000000,11943
2525.000000,2525.000000,2022-08-30,2545.000000,2500.000000,2500.000000,10482
2535.000000,2535.000000,2022-08-31,2565.000000,2515.000000,2525.000000,3521
2505.000000,2505.000000,2022-09-01,2550.000000,2495.000000,2525.000000,12081
2475.000000,2475.000000,2022-09-02,2535.000000,2465.000000,2510.000000,22782
2440.000000,2440.000000,2022-09-05,2490.000000,2425.000000,2455.000000,17597
2455.000000,2455.000000,2022-09-06,2490.000000,2415.000000,2480.000000,19781
2375.000000,2375.000000,2022-09-07,2465.000000,2355.000000,2460.000000,41959
2350.000000,2350.000000,2022-09-08,2470.000000,2350.000000,2395.000000,25762
2390.000000,2390.000000,2022-09-13,2435.000000,2345.000000,2350.000000,37749
2370.000000,2370.000000,2022-09-14,2380.000000,2300.000000,2350.000000,21142
2305.000000,2305.000000,2022-09-15,2430.000000,2305.000000,2430.000000,29919
2240.000000,2240.000000,2022-09-16,2305.000000,2190.000000,2300.000000,44233
2165.000000,2165.000000,2022-09-19,2240.000000,2135.000000,2240.000000,38579
2170.000000,2170.000000,2022-09-20,2250.000000,2140.000000,2145.000000,27566
2150.000000,2150.000000,2022-09-21,2170.000000,2100.000000,2170.000000,20456
2110.000000,2110.000000,2022-09-22,2135.000000,2075.000000,2135.000000,28206
2050.000000,2050.000000,2022-09-23,2110.000000,2020.000000,2110.000000,49021
1915.000000,1915.000000,2022-09-26,2045.000000,1890.000000,2030.000000,71028
1915.000000,1915.000000,2022-09-27,2000.000000,1870.000000,1930.000000,48242
1845.000000,1845.000000,2022-09-28,1950.000000,1790.000000,1915.000000,35477
1850.000000,1850.000000,2022-09-29,1945.000000,1845.000000,1850.000000,50830
1850.000000,1850.000000,2022-09-30,1875.000000,1785.000000,1785.000000,29900
1970.000000,1970.000000,2022-10-04,2245.000000,1870.000000,1900.000000,1615249
1970.000000,1970.000000,2022-10-05,2490.000000,1970.000000,2265.000000,874689
2025.000000,2025.000000,2022-10-06,2160.000000,1940.000000,1975.000000,215558
2015.000000,2015.000000,2022-10-07,2075.000000,1995.000000,2030.000000,77426
1925.000000,1925.000000,2022-10-11,2000.000000,1920.000000,2000.000000,46804
1915.000000,1915.000000,2022-10-12,1940.000000,1870.000000,1925.000000,53589
1790.000000,1790.000000,2022-10-13,1895.000000,1750.000000,1890.000000,98326
1905.000000,1905.000000,2022-10-14,1950.000000,1790.000000,1790.000000,89775
1915.000000,1915.000000,2022-10-17,1950.000000,1855.000000,1875.000000,24086
1955.000000,1955.000000,2022-10-18,1975.000000,1895.000000,1955.000000,84097
1950.000000,1950.000000,2022-10-19,1990.000000,1925.000000,1955.000000,28565
1985.000000,1985.000000,2022-10-20,2350.000000,1915.000000,1985.000000,1720379
1930.000000,1930.000000,2022-10-21,2000.000000,1915.000000,2000.000000,103807
1915.000000,1915.000000,2022-10-24,1975.000000,1910.000000,1945.000000,51446
1980.000000,1980.000000,2022-10-25,2025.000000,1915.000000,1915.000000,96507
2020.000000,2020.000000,2022-10-26,2335.000000,1970.000000,2030.000000,1469331
2030.000000,2030.000000,2022-10-27,2075.000000,2010.000000,2010.000000,116992
2075.000000,2075.000000,2022-10-28,2140.000000,1975.000000,2030.000000,170238
2050.000000,2050.000000,2022-10-31,2095.000000,2025.000000,2095.000000,45770
2045.000000,2045.000000,2022-11-01,2100.000000,2040.000000,2070.000000,70923
2025.000000,2025.000000,2022-11-02,2095.000000,2025.000000,2080.000000,39268
2050.000000,2050.000000,2022-11-03,2075.000000,2000.000000,2025.000000,44433
2050.000000,2050.000000,2022-11-04,2075.000000,2030.000000,2040.000000,39135
2035.000000,2035.000000,2022-11-07,2080.000000,2035.000000,2080.000000,21440
2060.000000,2060.000000,2022-11-08,2065.000000,2025.000000,2060.000000,19212
2060.000000,2060.000000,2022-11-09,2120.000000,2050.000000,2060.000000,38385
2070.000000,2070.000000,2022-11-10,2075.000000,2015.000000,2045.000000,39038
2055.000000,2055.000000,2022-11-11,2105.000000,2055.000000,2100.000000,51993
2050.000000,2050.000000,2022-11-14,2085.000000,2040.000000,2055.000000,30011
1920.000000,1920.000000,2022-11-15,2045.000000,1740.000000,2025.000000,641209
1905.000000,1905.000000,2022-11-16,1935.000000,1870.000000,1910.000000,96741
1910.000000,1910.000000,2022-11-17,1925.000000,1885.000000,1900.000000,43702
1900.000000,1900.000000,2022-11-18,2020.000000,1895.000000,1910.000000,62341
1885.000000,1885.000000,2022-11-21,1935.000000,1885.000000,1900.000000,16613
1895.000000,1895.000000,2022-11-22,1895.000000,1860.000000,1860.000000,29713
1865.000000,1865.000000,2022-11-23,1910.000000,1850.000000,1875.000000,49871
1890.000000,1890.000000,2022-11-24,1925.000000,1880.000000,1895.000000,38122
1900.000000,1900.000000,2022-11-25,1940.000000,1890.000000,1930.000000,36272
1875.000000,1875.000000,2022-11-28,1920.000000,1870.000000,1905.000000,36611
1885.000000,1885.000000,2022-11-29,1915.000000,1860.000000,1860.000000,47253
1925.000000,1925.000000,2022-11-30,1965.000000,1875.000000,1915.000000,51268
1920.000000,1920.000000,2022-12-01,1955.000000,1905.000000,1930.000000,70378
1955.000000,1955.000000,2022-12-02,1955.000000,1860.000000,1920.000000,50437
1920.000000,1920.000000,2022-12-05,1965.000000,1890.000000,1955.000000,53241
1930.000000,1930.000000,2022-12-06,1945.000000,1890.000000,1895.000000,24456
1940.000000,1940.000000,2022-12-07,1965.000000,1885.000000,1895.000000,40849
1915.000000,1915.000000,2022-12-08,1955.000000,1890.000000,1950.000000,21737
1930.000000,1930.000000,2022-12-09,1950.000000,1905.000000,1950.000000,22326
2010.000000,2010.000000,2022-12-12,2045.000000,1930.000000,1940.000000,150127
1990.000000,1990.000000,2022-12-13,2020.000000,1975.000000,2005.000000,53963
2065.000000,2065.000000,2022-12-14,2270.000000,1985.000000,1990.000000,888713
2015.000000,2015.000000,2022-12-15,2065.000000,2000.000000,2065.000000,145770
1960.000000,1960.000000,2022-12-16,2000.000000,1900.000000,2000.000000,43432
1980.000000,1980.000000,2022-12-19,2015.000000,1930.000000,1930.000000,50754
1905.000000,1905.000000,2022-12-20,1970.000000,1900.000000,1960.000000,63357
1910.000000,1910.000000,2022-12-21,1955.000000,1905.000000,1905.000000,21032
1915.000000,1915.000000,2022-12-22,1950.000000,1895.000000,1920.000000,65698
1905.000000,1905.000000,2022-12-23,1930.000000,1880.000000,1915.000000,49519
1860.000000,1860.000000,2022-12-26,1910.000000,1845.000000,1895.000000,75615
1870.000000,1870.000000,2022-12-27,1895.000000,1845.000000,1860.000000,37053
1875.000000,1875.000000,2022-12-28,1890.000000,1840.000000,1890.000000,26270
1875.000000,1875.000000,2022-12-29,1880.000000,1805.000000,1865.000000,38162
1895.000000,1895.000000,2023-01-02,1935.000000,1840.000000,1850.000000,18695
1870.000000,1870.000000,2023-01-03,1890.000000,1685.000000,1855.000000,50495
1855.000000,1855.000000,2023-01-04,1890.000000,1825.000000,1880.000000,28353
1855.000000,1855.000000,2023-01-05,1875.000000,1835.000000,1860.000000,32117
1835.000000,1835.000000,2023-01-06,1875.000000,1825.000000,1835.000000,33141
1860.000000,1860.000000,2023-01-09,1865.000000,1825.000000,1825.000000,34877
1435.000000,1435.000000,2023-01-10,1550.000000,1400.000000,1460.000000,2023384
1435.000000,1435.000000,2023-01-11,1460.000000,1405.000000,1455.000000,473985
1455.000000,1455.000000,2023-01-12,1460.000000,1425.000000,1440.000000,279147
1480.000000,1480.000000,2023-01-13,1490.000000,1455.000000,1470.000000,220738
1495.000000,1495.000000,2023-01-16,1500.000000,1480.000000,1490.000000,162703
1455.000000,1455.000000,2023-01-17,1495.000000,1445.000000,1495.000000,172773
1495.000000,1495.000000,2023-01-18,1495.000000,1440.000000,1450.000000,113215
1445.000000,1445.000000,2023-01-19,1485.000000,1430.000000,1485.000000,159359
1470.000000,1470.000000,2023-01-20,1565.000000,1435.000000,1445.000000,800666
1450.000000,1450.000000,2023-01-25,1485.000000,1440.000000,1470.000000,422231
1450.000000,1450.000000,2023-01-26,1470.000000,1445.000000,1450.000000,88157
1460.000000,1460.000000,2023-01-27,1475.000000,1450.000000,1450.000000,97791
1440.000000,1440.000000,2023-01-30,1475.000000,1435.000000,1465.000000,215609
1435.000000,1435.000000,2023-01-31,1445.000000,1415.000000,1430.000000,114756
1460.000000,1460.000000,2023-02-01,1460.000000,1425.000000,1435.000000,110564
1480.000000,1480.000000,2023-02-02,1485.000000,1450.000000,1470.000000,133891
1490.000000,1490.000000,2023-02-03,1540.000000,1455.000000,1480.000000,294087
1620.000000,1620.000000,2023-02-06,1620.000000,1465.000000,1505.000000,1124594
1675.000000,1675.000000,2023-02-07,1975.000000,1640.000000,1825.000000,5776136
1655.000000,1655.000000,2023-02-08,1690.000000,1570.000000,1650.000000,598670
1550.000000,1550.000000,2023-02-09,1650.000000,1550.000000,1650.000000,448773
1545.000000,1545.000000,2023-02-10,1560.000000,1505.000000,1550.000000,217590
1515.000000,1515.000000,2023-02-13,1535.000000,1495.000000,1535.000000,165874
1515.000000,1515.000000,2023-02-14,1535.000000,1500.000000,1500.000000,123030
1505.000000,1505.000000,2023-02-15,1540.000000,1500.000000,1525.000000,152534
1530.000000,1530.000000,2023-02-16,1540.000000,1505.000000,1505.000000,103613
1540.000000,1540.000000,2023-02-17,1560.000000,1505.000000,1525.000000,106942
1540.000000,1540.000000,2023-02-20,1570.000000,1505.000000,1535.000000,104360
1520.000000,1520.000000,2023-02-21,1565.000000,1510.000000,1540.000000,96949
1495.000000,1495.000000,2023-02-22,1520.000000,1490.000000,1520.000000,159163
1495.000000,1495.000000,2023-02-23,1530.000000,1480.000000,1490.000000,97348
1470.000000,1470.000000,2023-02-24,1520.000000,1465.000000,1520.000000,90804
1500.000000,1500.000000,2023-02-27,1500.000000,1455.000000,1470.000000,53867
1510.000000,1510.000000,2023-02-28,1510.000000,1485.000000,1485.000000,53379
1480.000000,1480.000000,2023-03-02,1520.000000,1470.000000,1510.000000,79030
1475.000000,1475.000000,2023-03-03,1500.000000,1460.000000,1480.000000,66863
1455.000000,1455.000000,2023-03-06,1490.000000,1450.000000,1475.000000,88093
1445.000000,1445.000000,2023-03-07,1540.000000,1430.000000,1455.000000,164934
1455.000000,1455.000000,2023-03-08,1460.000000,1435.000000,1435.000000,60090
1435.000000,1435.000000,2023-03-09,1480.000000,1400.000000,1450.000000,128900
1395.000000,1395.000000,2023-03-10,1440.000000,1370.000000,1440.000000,99445
1335.000000,1335.000000,2023-03-13,1355.000000,1280.000000,1355.000000,99272
1235.000000,1235.000000,2023-03-14,1325.000000,1230.000000,1320.000000,164406
1225.000000,1225.000000,2023-03-15,1265.000000,1225.000000,1235.000000,219951
1185.000000,1185.000000,2023-03-16,1240.000000,1175.000000,1220.000000,176107
1195.000000,1195.000000,2023-03-17,1275.000000,1180.000000,1190.000000,296593
null,null,2023-03-20,null,null,null,null
null,null,2023-03-21,null,null,null,null
null,null,2023-03-22,null,null,null,null
null,null,2023-03-23,null,null,null,null
null,null,2023-03-24,null,null,null,null
null,null,2023-03-27,null,null,null,null
null,null,2023-03-28,null,null,null,null
null,null,2023-03-29,null,null,null,null
null,null,2023-03-30,null,null,null,null
null,null,2023-03-31,null,null,null,null
null,null,2023-04-03,null,null,null,null
null,null,2023-04-04,null,null,null,null
null,null,2023-04-05,null,null,null,null
null,null,2023-04-06,null,null,null,null
1432.000000,1432.000000,2023-04-07,1597.000000,1308.000000,1425.000000,1311805
1399.000000,1399.000000,2023-04-10,1432.000000,1389.000000,1432.000000,241749
1370.000000,1370.000000,2023-04-11,1400.000000,1349.000000,1399.000000,149261
1410.000000,1410.000000,2023-04-12,1430.000000,1350.000000,1373.000000,149466
1382.000000,1382.000000,2023-04-13,1407.000000,1377.000000,1391.000000,76379
1403.000000,1403.000000,2023-04-14,1460.000000,1382.000000,1382.000000,259255
1447.000000,1447.000000,2023-04-17,1499.000000,1400.000000,1403.000000,328794
1439.000000,1439.000000,2023-04-18,1447.000000,1421.000000,1447.000000,56314
1437.000000,1437.000000,2023-04-19,1500.000000,1366.000000,1453.000000,273180
1399.000000,1399.000000,2023-04-20,1449.000000,1392.000000,1437.000000,96255
1360.000000,1360.000000,2023-04-21,1400.000000,1359.000000,1399.000000,148246
1298.000000,1298.000000,2023-04-24,1360.000000,1290.000000,1355.000000,174547
1285.000000,1285.000000,2023-04-25,1309.000000,1240.000000,1298.000000,69169
1670.000000,1670.000000,2023-04-26,1670.000000,1278.000000,1278.000000,2753911
1531.000000,1531.000000,2023-04-27,2085.000000,1490.000000,2055.000000,15410110
1528.000000,1528.000000,2023-04-28,1620.000000,1461.000000,1504.000000,2517044
1537.000000,1537.000000,2023-05-02,1610.000000,1510.000000,1539.000000,948550
1486.000000,1486.000000,2023-05-03,1544.000000,1480.000000,1526.000000,337252
1636.000000,1636.000000,2023-05-04,1930.000000,1453.000000,1486.000000,7508126
1611.000000,1611.000000,2023-05-08,1685.000000,1600.000000,1616.000000,816832
1720.000000,1720.000000,2023-05-09,1874.000000,1601.000000,1611.000000,4083150
1660.000000,1660.000000,2023-05-10,1724.000000,1657.000000,1701.000000,431675
1655.000000,1655.000000,2023-05-11,1701.000000,1631.000000,1658.000000,281576
1601.000000,1601.000000,2023-05-12,1651.000000,1560.000000,1649.000000,228717
1556.000000,1556.000000,2023-05-15,1606.000000,1546.000000,1601.000000,274087
1619.000000,1619.000000,2023-05-16,1645.000000,1550.000000,1555.000000,266319
1626.000000,1626.000000,2023-05-17,1648.000000,1581.000000,1606.000000,146377
1667.000000,1667.000000,2023-05-18,1780.000000,1580.000000,1626.000000,1029241
1682.000000,1682.000000,2023-05-19,1694.000000,1659.000000,1679.000000,196851
1681.000000,1681.000000,2023-05-22,1708.000000,1667.000000,1671.000000,137062
1685.000000,1685.000000,2023-05-23,1695.000000,1647.000000,1695.000000,188074
1660.000000,1660.000000,2023-05-24,1693.000000,1656.000000,1691.000000,87562
1720.000000,1720.000000,2023-05-25,1760.000000,1657.000000,1660.000000,389146
1649.000000,1649.000000,2023-05-26,1720.000000,1641.000000,1720.000000,213224
1662.000000,1662.000000,2023-05-30,1683.000000,1641.000000,1658.000000,86521
1650.000000,1650.000000,2023-05-31,1679.000000,1650.000000,1679.000000,41950
1606.000000,1606.000000,2023-06-01,1659.000000,1559.000000,1650.000000,99095
1686.000000,1686.000000,2023-06-02,1699.000000,1570.000000,1628.000000,185250
1712.000000,1712.000000,2023-06-05,1738.000000,1650.000000,1686.000000,268142
1686.000000,1686.000000,2023-06-07,1750.000000,1679.000000,1712.000000,101711
1656.000000,1656.000000,2023-06-08,1689.000000,1645.000000,1670.000000,83704
1660.000000,1660.000000,2023-06-09,1706.000000,1648.000000,1652.000000,99500
1637.000000,1637.000000,2023-06-12,1677.000000,1601.000000,1648.000000,112993
1622.000000,1622.000000,2023-06-13,1650.000000,1600.000000,1621.000000,110307
1576.000000,1576.000000,2023-06-14,1630.000000,1559.000000,1629.000000,193830
1542.000000,1542.000000,2023-06-15,1580.000000,1520.000000,1576.000000,130384
1544.000000,1544.000000,2023-06-16,1571.000000,1530.000000,1547.000000,68783
1532.000000,1532.000000,2023-06-19,1565.000000,1510.000000,1544.000000,66053
1523.000000,1523.000000,2023-06-20,1582.000000,1503.000000,1531.000000,123992
1485.000000,1485.000000,2023-06-21,1551.000000,1465.000000,1550.000000,323380
1529.000000,1529.000000,2023-06-22,1644.000000,1466.000000,1482.000000,667667
1521.000000,1521.000000,2023-06-23,1546.000000,1506.000000,1530.000000,32265
1505.000000,1505.000000,2023-06-26,1521.000000,1482.000000,1521.000000,83288
1484.000000,1484.000000,2023-06-27,1521.000000,1484.000000,1521.000000,55020
1467.000000,1467.000000,2023-06-28,1493.000000,1453.000000,1484.000000,69823
1457.000000,1457.000000,2023-06-29,1499.000000,1443.000000,1467.000000,155845
1500.000000,1500.000000,2023-06-30,1528.000000,1450.000000,1450.000000,113130
null,null,2023-07-03,null,null,null,null
null,null,2023-07-04,null,null,null,null
1468.000000,1468.000000,2023-07-05,1528.000000,1452.000000,1490.000000,56309
null,null,2023-07-06,null,null,null,null
1356.000000,1356.000000,2023-07-07,1386.000000,1321.000000,1386.000000,70386
1355.000000,1355.000000,2023-07-10,1389.000000,1350.000000,1356.000000,45692
null,null,2023-07-11,null,null,null,null
null,null,2023-07-12,null,null,null,null
1368.000000,1368.000000,2023-07-13,1433.000000,1365.000000,1394.000000,48656
1337.000000,1337.000000,2023-07-14,1383.000000,1320.000000,1379.000000,55202
1277.000000,1277.000000,2023-07-17,1365.000000,1242.000000,1337.000000,342828
1276.000000,1276.000000,2023-07-18,1311.000000,1257.000000,1311.000000,46288
1294.000000,1294.000000,2023-07-19,1319.000000,1238.000000,1276.000000,106801
1289.000000,1289.000000,2023-07-20,1317.000000,1283.000000,1285.000000,52678
1570.000000,1570.000000,2023-07-21,1647.000000,1286.000000,1297.000000,4848617
1465.000000,1465.000000,2023-07-24,1536.000000,1424.000000,1536.000000,607031
1443.000000,1443.000000,2023-07-25,1660.000000,1334.000000,1433.000000,2194821
1255.000000,1255.000000,2023-07-26,1492.000000,1255.000000,1492.000000,413714
1304.000000,1304.000000,2023-07-27,1322.000000,1260.000000,1260.000000,127932
1333.000000,1333.000000,2023-07-28,1385.000000,1286.000000,1286.000000,264332
1356.000000,1356.000000,2023-07-31,1378.000000,1307.000000,1347.000000,59053
1382.000000,1382.000000,2023-08-01,1401.000000,1356.000000,1379.000000,80178
1351.000000,1351.000000,2023-08-02,1468.000000,1335.000000,1382.000000,187801
1379.000000,1379.000000,2023-08-03,1397.000000,1305.000000,1348.000000,64679
1373.000000,1373.000000,2023-08-04,1397.000000,1340.000000,1340.000000,34190
1361.000000,1361.000000,2023-08-07,1379.000000,1346.000000,1378.000000,54652
1319.000000,1319.000000,2023-08-08,1371.000000,1310.000000,1351.000000,46177
1714.000000,1714.000000,2023-08-09,1714.000000,1319.000000,1319.000000,2351958
2225.000000,2225.000000,2023-08-10,2225.000000,2005.000000,2225.000000,4876408
1960.000000,1960.000000,2023-08-11,2495.000000,1889.000000,2050.000000,19237160
1902.000000,1902.000000,2023-08-14,1979.000000,1775.000000,1978.000000,2242618
1886.000000,1886.000000,2023-08-16,2010.000000,1761.000000,1828.000000,2066176
1994.000000,1994.000000,2023-08-17,2450.000000,1910.000000,2065.000000,12261010
1893.000000,1893.000000,2023-08-18,2115.000000,1860.000000,1950.000000,1130082
1826.000000,1826.000000,2023-08-21,1893.000000,1715.000000,1860.000000,883115
1743.000000,1743.000000,2023-08-22,1805.000000,1712.000000,1805.000000,232585
1724.000000,1724.000000,2023-08-23,1815.000000,1720.000000,1743.000000,297211
1755.000000,1755.000000,2023-08-24,1785.000000,1657.000000,1720.000000,338937
1669.000000,1669.000000,2023-08-25,1723.000000,1663.000000,1704.000000,205147
1730.000000,1730.000000,2023-08-28,1785.000000,1670.000000,1670.000000,243241
1751.000000,1751.000000,2023-08-29,1815.000000,1712.000000,1712.000000,172844
1686.000000,1686.000000,2023-08-30,1769.000000,1680.000000,1769.000000,187570
1591.000000,1591.000000,2023-08-31,1660.000000,1500.000000,1660.000000,307871
1600.000000,1600.000000,2023-09-01,1626.000000,1576.000000,1589.000000,95184
1572.000000,1572.000000,2023-09-04,1611.000000,1533.000000,1576.000000,113034
1570.000000,1570.000000,2023-09-05,1591.000000,1536.000000,1561.000000,87603
1473.000000,1473.000000,2023-09-06,1506.000000,1387.000000,1439.000000,565409
1448.000000,1448.000000,2023-09-07,1488.000000,1419.000000,1488.000000,150227
1465.000000,1465.000000,2023-09-08,1479.000000,1413.000000,1413.000000,96718
1451.000000,1451.000000,2023-09-11,1480.000000,1447.000000,1450.000000,52646
1437.000000,1437.000000,2023-09-12,1488.000000,1437.000000,1454.000000,79785
1399.000000,1399.000000,2023-09-13,1490.000000,1385.000000,1437.000000,125616
1350.000000,1350.000000,2023-09-14,1538.000000,1343.000000,1400.000000,553898
1290.000000,1290.000000,2023-09-15,1359.000000,1290.000000,1350.000000,551696
1301.000000,1301.000000,2023-09-18,1324.000000,1287.000000,1290.000000,126493
1282.000000,1282.000000,2023-09-19,1328.000000,1276.000000,1301.000000,128121
1267.000000,1267.000000,2023-09-20,1297.000000,1257.000000,1278.000000,114975
1250.000000,1250.000000,2023-09-21,1299.000000,1250.000000,1266.000000,76199
1248.000000,1248.000000,2023-09-22,1264.000000,1245.000000,1249.000000,42293
1241.000000,1241.000000,2023-09-25,1268.000000,1220.000000,1268.000000,126616
1189.000000,1189.000000,2023-09-26,1262.000000,1189.000000,1262.000000,100859
1238.000000,1238.000000,2023-09-27,1240.000000,1150.000000,1189.000000,80274
1188.000000,1188.000000,2023-10-04,1264.000000,1178.000000,1240.000000,58142
1164.000000,1164.000000,2023-10-05,1384.000000,1151.000000,1200.000000,1402975
1210.000000,1210.000000,2023-10-06,1225.000000,1121.000000,1166.000000,170992
1158.000000,1158.000000,2023-10-10,1208.000000,1135.000000,1200.000000,105749
1158.000000,1158.000000,2023-10-11,1240.000000,1158.000000,1159.000000,58479
1170.000000,1170.000000,2023-10-12,1191.000000,1161.000000,1180.000000,38079
1160.000000,1160.000000,2023-10-13,1200.000000,1134.000000,1171.000000,93115
1088.000000,1088.000000,2023-10-16,1137.000000,1080.000000,1137.000000,171223
1116.000000,1116.000000,2023-10-17,1262.000000,1087.000000,1098.000000,473244
1103.000000,1103.000000,2023-10-18,1130.000000,1081.000000,1130.000000,66302
1060.000000,1060.000000,2023-10-19,1150.000000,1060.000000,1103.000000,232293
1025.000000,1025.000000,2023-10-20,1088.000000,1007.000000,1064.000000,99845
1010.000000,1010.000000,2023-10-23,1025.000000,995.000000,1025.000000,96309
1012.000000,1012.000000,2023-10-24,1012.000000,941.000000,998.000000,127831
975.000000,975.000000,2023-10-25,1037.000000,975.000000,1030.000000,179378
946.000000,946.000000,2023-10-26,975.000000,940.000000,961.000000,186169
923.000000,923.000000,2023-10-27,955.000000,904.000000,951.000000,330022
903.000000,903.000000,2023-10-30,943.000000,900.000000,923.000000,227398
864.000000,864.000000,2023-10-31,933.000000,864.000000,907.000000,531243
863.000000,863.000000,2023-11-01,886.000000,848.000000,886.000000,333026
845.000000,845.000000,2023-11-02,865.000000,840.000000,860.000000,599611
823.000000,823.000000,2023-11-03,864.000000,817.000000,850.000000,1189558
833.000000,833.000000,2023-11-06,850.000000,817.000000,824.000000,398758
824.000000,824.000000,2023-11-07,841.000000,809.000000,841.000000,280488
830.000000,830.000000,2023-11-08,839.000000,816.000000,830.000000,242524
830.000000,830.000000,2023-11-09,845.000000,814.000000,837.000000,148357
819.000000,819.000000,2023-11-10,837.000000,814.000000,817.000000,134071
810.000000,810.000000,2023-11-13,837.000000,809.000000,820.000000,73334
828.000000,828.000000,2023-11-14,838.000000,804.000000,805.000000,62213
846.000000,846.000000,2023-11-15,848.000000,829.000000,833.000000,221366
868.000000,868.000000,2023-11-16,880.000000,848.000000,860.000000,368277
853.000000,853.000000,2023-11-17,878.000000,840.000000,868.000000,130853
883.000000,883.000000,2023-11-20,892.000000,842.000000,853.000000,247121
898.000000,898.000000,2023-11-21,919.000000,866.000000,881.000000,775441
896.000000,896.000000,2023-11-22,913.000000,883.000000,890.000000,246782
895.000000,895.000000,2023-11-23,907.000000,884.000000,896.000000,146478
905.000000,905.000000,2023-11-24,940.000000,886.000000,895.000000,618598
864.000000,864.000000,2023-11-27,928.000000,860.000000,905.000000,281605
864.000000,864.000000,2023-11-28,888.000000,858.000000,888.000000,92977
860.000000,860.000000,2023-11-29,880.000000,855.000000,866.000000,117295
869.000000,869.000000,2023-11-30,888.000000,853.000000,857.000000,147868
889.000000,889.000000,2023-12-01,893.000000,863.000000,882.000000,110286
869.000000,869.000000,2023-12-04,897.000000,855.000000,889.000000,380628
829.000000,829.000000,2023-12-05,875.000000,821.000000,875.000000,399255
816.000000,816.000000,2023-12-06,834.000000,815.000000,820.000000,311045
815.000000,815.000000,2023-12-07,829.000000,809.000000,816.000000,475493
810.000000,810.000000,2023-12-08,820.000000,800.000000,815.000000,515520
804.000000,804.000000,2023-12-11,816.000000,801.000000,816.000000,743222
754.000000,754.000000,2023-12-12,798.000000,750.000000,796.000000,685073
732.000000,732.000000,2023-12-13,761.000000,730.000000,756.000000,461418
714.000000,714.000000,2023-12-14,775.000000,711.000000,732.000000,679254
720.000000,720.000000,2023-12-15,725.000000,711.000000,711.000000,219125
720.000000,720.000000,2023-12-18,726.000000,712.000000,720.000000,238409
754.000000,754.000000,2023-12-19,792.000000,717.000000,721.000000,846253
758.000000,758.000000,2023-12-20,770.000000,744.000000,765.000000,194741
772.000000,772.000000,2023-12-21,776.000000,748.000000,758.000000,198806
769.000000,769.000000,2023-12-22,782.000000,759.000000,772.000000,141690
764.000000,764.000000,2023-12-26,780.000000,748.000000,769.000000,152742
770.000000,770.000000,2023-12-27,780.000000,760.000000,764.000000,106578
779.000000,779.000000,2023-12-28,779.000000,758.000000,770.000000,64836
805.000000,805.000000,2024-01-02,815.000000,774.000000,780.000000,192155
827.000000,827.000000,2024-01-03,840.000000,797.000000,806.000000,742343
796.000000,796.000000,2024-01-04,840.000000,792.000000,823.000000,331820
765.000000,765.000000,2024-01-05,813.000000,763.000000,796.000000,2366185
743.000000,743.000000,2024-01-08,779.000000,735.000000,769.000000,572037
737.000000,737.000000,2024-01-09,765.000000,735.000000,743.000000,2087208
720.000000,720.000000,2024-01-10,742.000000,714.000000,742.000000,949684
713.000000,713.000000,2024-01-11,726.000000,713.000000,721.000000,831000
681.000000,681.000000,2024-01-12,716.000000,674.000000,716.000000,1387699
632.000000,632.000000,2024-01-15,664.000000,627.000000,655.000000,1105485
614.000000,614.000000,2024-01-16,632.000000,613.000000,628.000000,407009
591.000000,591.000000,2024-01-17,613.000000,585.000000,610.000000,545197
587.000000,587.000000,2024-01-18,604.000000,585.000000,591.000000,206159
610.000000,610.000000,2024-01-19,627.000000,586.000000,586.000000,380772
624.000000,624.000000,2024-01-22,628.000000,611.000000,618.000000,161195
624.000000,624.000000,2024-01-23,645.000000,615.000000,616.000000,365240
603.000000,603.000000,2024-01-24,634.000000,597.000000,623.000000,339128
599.000000,599.000000,2024-01-25,603.000000,594.000000,603.000000,92072
609.000000,609.000000,2024-01-26,619.000000,594.000000,594.000000,59594
607.000000,607.000000,2024-01-29,620.000000,589.000000,609.000000,172951
613.000000,613.000000,2024-01-30,619.000000,600.000000,606.000000,95569
598.000000,598.000000,2024-01-31,614.000000,595.000000,614.000000,175915
602.000000,602.000000,2024-02-01,603.000000,589.000000,594.000000,160682
605.000000,605.000000,2024-02-02,613.000000,600.000000,603.000000,140679
606.000000,606.000000,2024-02-05,611.000000,600.000000,607.000000,127368
595.000000,595.000000,2024-02-06,610.000000,590.000000,609.000000,166250
600.000000,600.000000,2024-02-07,601.000000,591.000000,591.000000,83683
599.000000,599.000000,2024-02-08,603.000000,595.000000,600.000000,60908
602.000000,602.000000,2024-02-13,606.000000,596.000000,605.000000,87975
601.000000,601.000000,2024-02-14,603.000000,593.000000,594.000000,67350
598.000000,598.000000,2024-02-15,601.000000,595.000000,596.000000,168476
598.000000,598.000000,2024-02-16,604.000000,598.000000,598.000000,90879
624.000000,624.000000,2024-02-19,626.000000,599.000000,599.000000,353924
632.000000,632.000000,2024-02-20,658.000000,610.000000,623.000000,533789
632.000000,632.000000,2024-02-21,653.000000,623.000000,630.000000,247076
626.000000,626.000000,2024-02-22,640.000000,622.000000,640.000000,164929
616.000000,616.000000,2024-02-23,628.000000,613.000000,626.000000,86599
575.000000,575.000000,2024-02-26,615.000000,567.000000,612.000000,1066976
550.000000,550.000000,2024-02-27,581.000000,549.000000,566.000000,490915
569.000000,569.000000,2024-02-28,569.000000,546.000000,550.000000,156182
553.000000,553.000000,2024-02-29,569.000000,550.000000,569.000000,169269
546.000000,546.000000,2024-03-04,561.000000,540.000000,551.000000,298378
533.000000,533.000000,2024-03-05,550.000000,531.000000,546.000000,204813
537.000000,537.000000,2024-03-06,541.000000,528.000000,530.000000,110429
557.000000,557.000000,2024-03-07,591.000000,532.000000,532.000000,681533
587.000000,587.000000,2024-03-08,595.000000,546.000000,556.000000,624124
598.000000,598.000000,2024-03-11,615.000000,572.000000,587.000000,503402
582.000000,582.000000,2024-03-12,639.000000,581.000000,598.000000,1244494
589.000000,589.000000,2024-03-13,596.000000,566.000000,583.000000,770471
630.000000,630.000000,2024-03-14,632.000000,581.000000,590.000000,1294243
600.000000,600.000000,2024-03-15,625.000000,595.000000,625.000000,673629
611.000000,611.000000,2024-03-18,625.000000,591.000000,600.000000,354515
710.000000,710.000000,2024-03-19,756.000000,603.000000,611.000000,15868190
684.000000,684.000000,2024-03-20,715.000000,666.000000,707.000000,3362921
725.000000,725.000000,2024-03-21,783.000000,669.000000,681.000000,13116140
725.000000,725.000000,2024-03-22,769.000000,705.000000,739.000000,3361243
722.000000,722.000000,2024-03-25,740.000000,714.000000,726.000000,1221017
680.000000,680.000000,2024-03-26,703.000000,661.000000,703.000000,1671255
653.000000,653.000000,2024-03-27,693.000000,650.000000,680.000000,868200
634.000000,634.000000,2024-03-28,677.000000,631.000000,653.000000,919317
621.000000,621.000000,2024-03-29,639.000000,621.000000,634.000000,454414
